carat,cut,color,clarity,depth,table,feature_1,feature_2,price
0.32,Ideal,I,SI1,60.5,58.0,-0.0600000000000005,1.79,6.068241757701273
1.24,Premium,I,SI1,62.9,60.0,0.05999999999999961,2.4800000000000004,8.616242359319308
1.66,Premium,D,SI1,62.0,59.0,-0.04999999999999982,2.8999999999999995,9.500998806723382
0.75,Premium,D,SI2,60.6,56.0,0.040000000000000036,2.3100000000000005,7.875988211150638
1.5,Fair,E,SI2,64.8,55.0,0.10999999999999943,2.4800000000000004,9.040490516754955
0.82,Ideal,H,VS2,61.5,56.0,-0.07000000000000028,2.36,8.073731342570673
0.54,Ideal,G,SI2,61.8,54.0,-0.040000000000000036,2.0300000000000002,7.046194867332962
0.45,Good,D,VS2,63.7,61.0,0.07999999999999918,1.6900000000000004,6.970372320396661
0.31,Very Good,G,SI1,63.2,57.0,0.03000000000000025,1.5599999999999996,6.35723114685576
0.3,Premium,D,VS2,60.7,60.0,0.040000000000000036,1.69,6.573780600712313
1.5,Good,F,VS2,60.2,58.0,-0.040000000000000036,2.9399999999999995,9.508631151668766
0.53,Ideal,H,VS1,60.8,57.0,-0.04999999999999982,2.09,7.343787478790293
1.0,Good,H,VS2,63.6,57.0,0.08999999999999986,2.25,8.442219396727783
0.81,Ideal,F,VS1,62.3,55.0,-0.03000000000000025,2.27,8.328663372419513
0.33,Premium,G,VS1,61.3,58.0,-0.03000000000000025,1.73,6.486100044844672
0.5,Good,E,SI1,63.3,58.0,-0.040000000000000036,1.8600000000000003,6.916312604204076
0.58,Ideal,G,IF,60.9,57.0,-0.07000000000000028,2.16,7.781911175983382
0.29,Ideal,G,VS2,60.7,55.0,-0.040000000000000036,1.7199999999999998,6.235711008439127
1.7,Premium,I,VS2,62.2,58.0,-0.05000000000000071,2.91,9.369314619112489
1.07,Ideal,G,VVS1,61.4,55.0,-0.07000000000000028,2.6000000000000005,9.129456484433371
0.42,Ideal,I,VS1,62.0,55.0,0.019999999999999574,1.83,6.714195414909293
1.5,Premium,H,SI2,61.5,58.0,0.05999999999999961,2.8000000000000007,9.039193505231077
2.01,Premium,I,SI2,62.1,60.0,0.07000000000000028,3.0199999999999996,9.539592937218659
0.43,Premium,F,SI2,58.3,62.0,0.05999999999999961,2.0300000000000002,6.6770899162979
1.57,Ideal,H,SI1,61.8,55.0,-0.040000000000000036,2.88,9.316812163244363
0.5,Premium,E,SI1,62.4,58.0,0.04999999999999982,1.8699999999999997,7.059730462842795
0.52,Premium,H,SI1,61.6,57.0,0.04999999999999982,1.9600000000000004,7.0880894270382635
2.01,Premium,G,SI1,61.8,59.0,0.0600000000000005,3.0700000000000003,9.690403412404907
0.72,Ideal,D,VS1,61.6,56.0,0.0699999999999994,2.1800000000000006,8.09920066541528
1.0,Good,D,SI1,60.4,64.0,-0.08999999999999986,2.5599999999999996,8.576378022893257
0.34,Ideal,H,IF,60.8,56.0,0.009999999999999787,1.7799999999999998,6.856638822826439
1.11,Ideal,H,SI2,61.3,60.0,0.019999999999999574,2.5700000000000003,8.399801995045317
1.04,Premium,I,SI1,61.8,60.0,0.040000000000000036,2.46,8.391755739036817
0.3,Premium,H,SI1,61.3,61.0,0.019999999999999574,1.6400000000000001,6.269785327571344
2.08,Very Good,D,SI2,60.1,59.0,-0.08000000000000007,3.3599999999999994,9.641906776423935
1.0,Very Good,H,VS2,64.7,56.0,-0.05999999999999961,2.24,8.481046163726282
1.58,Very Good,G,SI2,60.0,53.0,-0.04999999999999982,3.0699999999999994,9.162861671263535
0.7,Very Good,E,SI2,63.2,61.0,0.03000000000000025,2.05,7.62437562464062
1.66,Ideal,H,IF,61.5,57.0,-0.03000000000000025,2.9400000000000004,9.559007144159745
2.03,Premium,G,SI1,61.3,59.0,0.02999999999999936,3.12,9.690403412404907
1.51,Very Good,E,SI2,58.8,58.0,-0.08000000000000007,3.16,9.108565535633698
0.9,Ideal,G,VS2,62.0,57.0,0.02999999999999936,2.3400000000000003,8.405639405341281
0.54,Premium,H,SI1,61.0,58.0,0.03999999999999915,2.0300000000000002,7.114061701007147
0.91,Premium,F,VS2,62.2,58.0,0.040000000000000036,2.32,8.47505222118251
0.5,Premium,G,VS1,60.3,60.0,0.019999999999999574,2.0100000000000002,7.269194265254584
0.3,Ideal,F,SI1,62.9,57.0,0.019999999999999574,1.5699999999999998,6.396363178089489
0.34,Very Good,E,SI2,61.7,61.0,-0.040000000000000036,1.7399999999999998,6.220880477642651
2.15,Very Good,I,SI2,63.4,56.0,0.049999999999998934,2.9700000000000006,9.596741288144813
1.23,Ideal,H,VS2,62.2,55.0,0.040000000000000036,2.5599999999999996,8.84832924814398
1.04,Very Good,E,SI1,59.6,59.0,-0.03000000000000025,2.67,8.605257026482224
0.51,Very Good,G,VVS2,62.2,56.0,-0.03000000000000025,1.9499999999999997,7.4427696722940935
0.4,Very Good,F,VVS1,62.9,55.0,-0.03000000000000025,1.77,6.978597996067703
0.52,Ideal,F,VVS1,59.8,59.0,-0.040000000000000036,2.12,7.743747240496383
0.7,Very Good,F,SI1,61.7,61.0,-0.03000000000000025,2.1900000000000004,7.790006144911367
0.42,Premium,F,VS1,60.9,59.0,0.04999999999999982,1.8599999999999999,6.974200680945435
0.32,Ideal,E,VVS2,61.9,54.0,-0.03000000000000025,1.7000000000000002,6.694512871264307
1.2,Good,F,VS2,63.8,60.0,-0.05000000000000071,2.42,8.986907156772345
1.51,Premium,H,VVS1,60.6,60.0,0.019999999999999574,2.91,9.391778642517066
0.32,Ideal,E,VS2,61.5,55.0,0.04999999999999982,1.67,6.714424394975231
0.43,Premium,I,IF,61.2,58.0,0.04999999999999982,1.8599999999999999,6.958447921560531
0.6,Ideal,H,VS2,62.1,55.0,-0.040000000000000036,2.08,7.454456959568103
1.01,Ideal,E,SI2,62.2,56.0,-0.03000000000000025,2.45,8.44897269237217
0.31,Ideal,D,VS2,61.8,56.0,0.040000000000000036,1.6499999999999995,6.734509635408721
0.7,Very Good,D,SI1,63.7,60.0,-0.040000000000000036,2.0500000000000003,7.819122169861968
0.78,Premium,D,SI1,60.4,57.0,0.04999999999999982,2.3499999999999996,8.078271019543392
0.54,Ideal,E,VS2,62.2,55.0,0.03000000000000025,1.96,7.46280729933989
1.5,Very Good,I,IF,62.9,58.0,-0.09999999999999964,2.7399999999999993,9.261838144905846
0.8,Very Good,D,SI1,58.2,63.0,0.040000000000000036,2.5100000000000002,8.082482807407187
0.7,Good,H,VS2,64.2,58.0,-0.03000000000000025,2.0200000000000005,7.648778239213668
0.75,Ideal,F,VS2,62.5,57.0,-0.04999999999999982,2.2,8.04991564325625
1.5,Premium,F,VS2,61.3,58.0,0.05000000000000071,2.8099999999999996,9.522090547542126
0.43,Good,J,SI2,63.7,57.0,0.03000000000000025,1.7199999999999998,6.402188229516376
0.35,Premium,F,VS2,61.4,59.0,-0.02999999999999936,1.7699999999999996,6.5341126692431075
0.74,Ideal,E,SI1,61.6,54.0,-0.08000000000000007,2.2900000000000005,8.021272227364575
0.32,Very Good,H,VVS2,61.6,55.0,-0.020000000000000462,1.7100000000000004,6.437003044617747
0.33,Ideal,E,VS1,60.6,57.0,-0.02999999999999936,1.7899999999999996,6.609674013061483
0.32,Ideal,F,VS1,61.3,56.0,0.040000000000000036,1.6900000000000004,6.718431493849068
1.51,Very Good,I,SI1,61.4,60.0,0.040000000000000036,2.8200000000000003,9.102090771935982
0.41,Ideal,H,SI1,61.2,57.0,0.020000000000000462,1.8399999999999999,6.658448377833903
0.7,Premium,I,SI2,62.1,60.0,0.03000000000000025,2.12,7.449601990844014
0.77,Ideal,I,VS1,61.4,56.0,-0.02999999999999936,2.3,7.956001220041355
0.3,Ideal,G,VVS2,62.2,54.0,-0.040000000000000036,1.65,6.397411877175805
1.01,Very Good,F,SI2,63.2,58.0,0.1299999999999999,2.2800000000000002,8.313276972500955
0.43,Good,F,VS1,63.4,57.0,-0.040000000000000036,1.77,6.853329195703251
1.12,Ideal,J,SI2,62.5,57.0,0.040000000000000036,2.46,8.282863356595804
0.32,Ideal,I,VS2,63.0,57.0,0.040000000000000036,1.5899999999999999,6.3782324498558856
0.5,Ideal,E,SI1,60.1,57.0,-0.1299999999999999,2.1399999999999997,7.106526914773456
0.5,Very Good,E,SI2,58.0,63.0,0.02999999999999936,2.1700000000000004,6.922798616418801
0.76,Ideal,G,SI1,61.2,57.0,-0.05000000000000071,2.3100000000000005,7.9473416784280335
1.03,Good,J,SI1,63.6,57.0,0.08999999999999986,2.26,8.195887672292612
0.29,Very Good,G,VVS1,61.5,57.0,-0.02999999999999936,1.6499999999999995,6.406944492486726
1.0,Very Good,H,SI1,62.1,58.0,-0.009999999999999787,2.45,8.41362729564413
0.43,Ideal,G,IF,61.8,56.0,-0.019999999999999574,1.87,7.135316384572038
0.32,Premium,I,VVS2,61.9,59.0,0.03000000000000025,1.6499999999999995,6.514606592233525
1.11,Ideal,E,VVS2,62.9,55.0,-0.0600000000000005,2.4800000000000004,9.264471248934408
0.7,Ideal,G,VS1,61.2,56.0,-0.040000000000000036,2.25,7.941484667400913
0.34,Ideal,G,VS2,62.2,55.0,0.03000000000000025,1.6799999999999997,6.649950129534962
0.84,Very Good,I,VVS2,61.7,56.0,-0.040000000000000036,2.33,8.090647527159602
0.42,Premium,D,SI2,62.1,59.0,0.040000000000000036,1.8000000000000003,6.689836145971086
0.3,Premium,D,SI1,62.1,59.0,0.019999999999999574,1.62,6.441785765993556
1.02,Very Good,G,VS1,62.0,59.0,-0.0600000000000005,2.47,8.829441519506453
0.3,Ideal,D,VS2,61.3,56.0,-0.040000000000000036,1.7000000000000002,6.389456261964
0.35,Premium,F,VS2,61.9,58.0,0.05999999999999961,1.6900000000000004,6.708115695509637
1.5,Very Good,D,SI1,63.1,57.0,0.0699999999999994,2.6500000000000004,9.34806852383332
1.2,Very Good,F,IF,62.3,60.0,-0.05999999999999961,2.58,9.432536098938364
0.94,Premium,H,VS2,60.1,59.0,0.02999999999999936,2.5100000000000002,8.32472576002625
1.16,Premium,G,SI2,62.6,58.0,0.05999999999999961,2.4699999999999998,8.460833016752098
0.85,Ideal,E,SI2,60.1,56.0,-0.009999999999999787,2.4699999999999998,8.071545999547016
0.32,Ideal,G,VVS2,62.0,54.0,-0.03000000000000025,1.69,6.572739855473286
0.34,Premium,G,SI1,60.8,59.0,0.09999999999999964,1.7199999999999998,6.504190248686605
0.57,Very Good,E,VS2,61.0,57.0,-0.019999999999999574,2.09,7.522677448497242
1.3,Very Good,F,SI2,61.1,58.0,-0.03999999999999915,2.7399999999999993,8.760746741223711
2.01,Premium,I,VS2,60.5,60.0,0.019999999999999574,3.21,9.613782759427755
0.32,Very Good,F,VS2,59.7,62.0,-0.04999999999999982,1.7999999999999998,6.369874578865995
0.54,Ideal,G,VS1,62.0,56.0,-0.03000000000000025,2.0,7.429992083262452
0.31,Premium,E,SI1,62.7,58.0,-0.02999999999999936,1.6299999999999994,6.337418597010798
1.24,Ideal,G,VS1,61.8,55.0,-0.040000000000000036,2.6399999999999997,9.144408449993236
0.73,Premium,I,SI2,59.2,58.0,0.05000000000000071,2.3799999999999994,7.6057236910216455
0.31,Premium,G,VVS1,60.5,60.0,0.07000000000000028,1.69,6.77800398067547
0.93,Ideal,E,SI1,61.9,56.0,-0.02999999999999936,2.3999999999999995,8.393757934744169
0.52,Very Good,E,VS2,61.5,58.0,-0.0600000000000005,2.04,7.4204713552547705
0.3,Very Good,G,VS1,62.9,60.0,-0.03000000000000025,1.6,6.269779887210666
0.72,Premium,D,SI1,61.4,59.0,-0.08000000000000007,2.2600000000000002,7.988568680464122
1.03,Premium,I,SI1,61.6,59.0,-0.03000000000000025,2.5,8.39620601294043
1.14,Premium,I,SI1,62.2,58.0,0.03000000000000025,2.51,8.477667178431098
0.54,Ideal,F,VVS2,61.0,54.0,-0.019999999999999574,2.07,7.720275187632185
0.3,Ideal,G,SI1,62.2,57.0,-0.03000000000000025,1.63,6.150330684474066
1.39,Very Good,I,I1,62.6,57.0,-0.05000000000000071,2.6900000000000004,8.410151067037532
1.01,Good,E,VS2,62.5,58.0,-0.040000000000000036,2.4000000000000004,8.762592291201681
1.06,Very Good,I,SI1,62.8,56.0,-0.04999999999999982,2.4399999999999995,8.425108758338144
1.01,Very Good,F,SI2,62.7,59.0,-0.05000000000000071,2.4000000000000004,8.38119017480168
0.3,Ideal,E,VVS1,62.6,54.0,-0.02999999999999936,1.6199999999999997,6.572963685755683
0.72,Ideal,E,SI1,61.0,57.0,-0.03000000000000025,2.27,7.991484922273955
0.25,Very Good,E,VVS2,59.8,59.0,-0.019999999999999574,1.65,6.192666023515902
0.42,Good,H,SI1,63.6,57.0,0.04999999999999982,1.7100000000000004,6.6203242786680585
1.51,Premium,G,VS1,62.6,60.0,-0.08999999999999986,2.75,9.507465440496311
0.7,Premium,D,VS2,59.6,61.0,0.03000000000000025,2.3199999999999994,7.948776264678031
0.51,Very Good,G,VVS1,60.1,56.0,-0.1899999999999995,2.1899999999999995,7.6415063956732645
0.71,Ideal,G,VVS1,62.1,56.0,-0.1200000000000001,2.25,8.139371105997363
0.51,Ideal,F,VS2,61.3,56.0,0.03000000000000025,1.9799999999999995,7.366091489863606
1.41,Fair,H,I1,64.7,58.0,0.04999999999999982,2.45,8.26170891020675
0.6,Premium,E,SI1,61.9,58.0,-0.040000000000000036,2.0799999999999996,7.4229288505122195
1.25,Ideal,J,VVS2,61.1,57.0,-0.03000000000000025,2.71,8.821896771332703
0.38,Premium,E,VS1,60.2,58.0,0.04999999999999982,1.8400000000000003,6.873024502341122
0.33,Very Good,E,SI1,63.4,55.0,0.03000000000000025,1.5900000000000003,6.471269927297506
1.01,Good,E,VS2,63.3,58.0,-0.03000000000000025,2.3499999999999996,8.762592291201681
2.01,Premium,I,VS2,62.8,58.0,0.0699999999999994,2.9300000000000006,9.61558808746032
0.53,Very Good,G,SI2,62.5,55.0,-0.05000000000000071,1.9600000000000004,6.970677769498348
0.41,Ideal,E,VS2,62.3,56.0,-0.02999999999999936,1.8099999999999996,6.813097362384094
0.51,Ideal,G,VVS2,60.1,56.0,0.02999999999999936,2.0600000000000005,7.564794073359091
0.3,Ideal,D,VS2,61.8,55.0,0.040000000000000036,1.6400000000000001,6.5906108474195095
1.01,Good,F,VS2,63.9,58.0,0.0699999999999994,2.2600000000000007,8.682279791717693
0.71,Ideal,E,SI1,61.5,57.0,-0.04999999999999982,2.23,7.980746854823118
0.61,Very Good,F,VS2,62.9,58.0,-0.05999999999999961,2.0199999999999996,7.521111839253754
0.71,Premium,G,SI2,58.2,60.0,0.03000000000000025,2.4499999999999997,7.71355409321435
0.7,Very Good,F,SI1,59.7,56.9,-0.1299999999999999,2.4000000000000004,7.8471440243579105
0.32,Very Good,H,SI2,63.1,56.0,0.03000000000000025,1.5899999999999999,6.160441289482244
1.51,Ideal,E,SI2,62.6,53.0,0.08000000000000007,2.71,9.135891262611263
0.32,Ideal,H,SI1,61.2,56.0,-0.03000000000000025,1.7399999999999998,6.1773352380257744
0.33,Ideal,G,VVS1,61.9,55.0,-0.04999999999999982,1.73,6.714570816181169
0.98,Good,H,SI2,57.9,56.0,0.040000000000000036,2.71,8.071225680779216
0.25,Good,D,VVS2,57.5,61.0,-0.03000000000000025,1.7900000000000005,6.154564642946814
0.72,Ideal,I,VS2,61.8,56.0,-0.04999999999999982,2.2099999999999995,7.764729038175645
0.32,Ideal,H,VVS2,61.9,55.0,-0.019999999999999574,1.6799999999999997,6.477371154659571
0.51,Ideal,E,SI2,61.0,56.0,0.040000000000000036,2.0,7.076535458684372
0.33,Ideal,F,VVS2,61.3,56.0,0.019999999999999574,1.7100000000000004,6.825888331372965
1.01,Good,E,SI2,63.9,58.0,-0.0600000000000005,2.3200000000000003,8.37226804010082
0.77,Good,H,VVS2,64.3,57.9,-0.16000000000000014,2.1500000000000004,7.956117992920584
0.31,Good,E,SI1,63.1,55.0,-0.03000000000000025,1.62,6.269027293317912
0.9,Premium,G,SI1,60.6,57.0,0.08000000000000007,2.4200000000000004,8.234330578751036
0.55,Ideal,G,VS1,61.0,56.0,0.019999999999999574,2.0700000000000003,7.512749693471095
1.12,Ideal,G,SI2,62.8,54.0,0.0600000000000005,2.4499999999999993,8.411200624439667
1.01,Premium,E,VS2,62.9,58.0,0.02999999999999936,2.3500000000000005,8.780039374216475
1.0,Very Good,G,SI1,59.3,63.0,-0.040000000000000036,2.6500000000000004,8.484701096388719
1.06,Premium,F,SI1,62.1,58.0,-0.019999999999999574,2.4799999999999995,8.620951225501324
0.4,Ideal,G,IF,62.3,55.0,-0.019999999999999574,1.7999999999999998,7.054202280377964
0.24,Very Good,G,VVS1,61.7,56.0,-0.03999999999999959,1.5599999999999996,6.276554617321262
0.31,Premium,H,VS2,62.5,60.0,0.05000000000000071,1.5999999999999996,6.450357419794079
0.56,Very Good,G,VVS2,62.1,55.6,-0.019999999999999574,2.0199999999999996,7.58073322074549
0.5,Good,I,SI2,65.3,56.0,-0.09999999999999964,1.7699999999999996,6.612281471761638
1.11,Very Good,H,SI1,62.0,56.0,-0.040000000000000036,2.54,8.546820869094901
0.32,Ideal,F,VVS1,61.7,56.0,-0.04999999999999982,1.71,6.759761015764555
0.62,Good,J,SI1,59.9,65.0,0.08000000000000007,2.18,7.023186289700375
0.51,Premium,E,VS2,59.2,58.0,0.03999999999999915,2.1200000000000006,7.396291416662417
1.32,Ideal,J,VS1,62.5,57.0,-0.040000000000000036,2.6500000000000004,8.729659844346045
0.52,Ideal,I,VS2,61.5,56.0,-0.019999999999999574,2.01,7.110710379471435
0.37,Premium,E,SI1,59.3,58.0,-0.019999999999999574,1.94,6.468752082458653
1.03,Premium,E,SI1,62.9,56.0,0.10000000000000053,2.34,8.577948450913158
0.25,Very Good,D,VS1,63.0,59.0,-0.029999999999999805,1.4900000000000002,6.132285882821386
0.31,Good,H,VS2,63.1,58.0,-0.05000000000000071,1.6100000000000003,6.208531708449226
0.3,Ideal,H,SI1,62.2,57.0,-0.03000000000000025,1.63,6.0865722780281155
1.0,Fair,F,VS2,64.9,52.0,-0.08999999999999986,2.25,8.63272142192764
0.71,Very Good,G,SI1,62.3,57.0,-0.05999999999999961,2.19,7.812350339509968
0.9,Very Good,I,SI2,62.5,58.0,-0.05000000000000071,2.3200000000000003,8.018790398181219
2.21,Ideal,G,SI2,61.9,55.0,0.040000000000000924,3.169999999999999,9.587898069195019
1.5,Very Good,J,VVS2,63.3,57.0,0.03000000000000025,2.6500000000000004,9.054622367397862
0.91,Ideal,I,VS1,62.1,57.0,-0.03000000000000025,2.3700000000000006,8.302067431571341
0.23,Very Good,D,VVS2,62.5,58.0,-0.03000000000000025,1.4900000000000002,6.100107469775434
0.53,Ideal,D,VS2,61.5,56.0,-0.0600000000000005,2.0300000000000002,7.509428766566704
1.0,Very Good,E,SI1,60.9,59.0,-0.04999999999999982,2.53,8.584793648139073
1.01,Very Good,E,VS2,60.4,60.0,0.02999999999999936,2.5400000000000005,8.782634781654165
0.33,Ideal,G,VS1,62.1,54.0,-0.04999999999999982,1.71,6.493802964171106
0.31,Good,D,SI2,63.7,58.0,-0.03000000000000025,1.5699999999999998,6.161529641733543
1.46,Very Good,I,SI1,62.5,57.0,-0.040000000000000036,2.71,8.912607482471998
1.07,Premium,H,SI2,62.2,59.0,-0.0600000000000005,2.49,8.389375546436076
0.42,Very Good,H,VS2,62.1,54.0,-0.03000000000000025,1.8499999999999996,6.6104938581220045
0.72,Very Good,D,VS1,62.7,58.0,-0.02999999999999936,2.13,8.052843978965312
0.3,Ideal,E,VS2,61.3,58.0,-0.020000000000000462,1.6800000000000002,6.356740052458963
0.31,Premium,I,SI1,59.6,58.0,0.05000000000000071,1.7599999999999998,6.227274227337169
1.32,Very Good,F,IF,62.4,58.0,-0.040000000000000036,2.6499999999999995,9.502458015626933
1.1,Very Good,H,VS2,63.1,57.0,0.08000000000000007,2.38,8.622088044617481
1.53,Very Good,H,VS2,60.9,63.0,-0.040000000000000036,2.91,9.30633628407439
1.0,Premium,I,VS1,60.1,62.0,0.03000000000000025,2.57,8.473267643376195
0.4,Good,E,SI1,63.9,58.0,0.040000000000000036,1.6599999999999997,6.730312701498527
0.9,Very Good,G,SI2,63.2,58.0,-0.04999999999999982,2.26,8.102571556643582
0.5,Very Good,D,SI2,63.1,56.0,0.08999999999999986,1.7999999999999998,6.90190655465802
0.35,Ideal,H,IF,60.9,57.0,-0.019999999999999574,1.7999999999999998,6.75559637432496
0.52,Ideal,F,VVS2,61.8,56.0,0.03000000000000025,1.9699999999999998,7.684725399044265
0.7,Good,J,SI2,61.2,64.0,-0.05000000000000071,2.24,7.412613877251923
0.27,Very Good,F,VVS2,62.5,59.0,-0.040000000000000036,1.5700000000000003,6.3162423128856755
0.32,Premium,G,VS2,62.6,60.0,0.03000000000000025,1.6099999999999999,6.580700476512511
0.5,Ideal,H,VS1,61.4,54.0,-0.03000000000000025,2.0,7.09130402426874
0.72,Ideal,D,VS1,62.3,54.0,-0.04999999999999982,2.2,8.178158296668549
0.51,Good,G,VVS2,63.7,54.0,0.019999999999999574,1.8399999999999999,7.455486078363179
0.34,Ideal,E,SI2,62.4,54.0,-0.02999999999999936,1.7099999999999995,6.286140775366125
1.03,Ideal,G,VVS2,60.7,57.0,-0.08000000000000007,2.61,8.993659772456802
0.33,Ideal,H,VS1,61.7,54.0,-0.019999999999999574,1.7199999999999998,6.381043645036631
0.7,Ideal,G,VS2,61.9,56.0,-0.020000000000000462,2.18,7.793420125666963
0.31,Very Good,I,VS2,60.8,60.0,-0.04999999999999982,1.75,6.1396573657992635
2.06,Premium,G,SI1,59.3,61.0,0.08000000000000007,3.379999999999999,9.691011738975329
1.2,Premium,J,SI2,61.8,56.0,0.040000000000000036,2.59,8.37573529480301
1.01,Good,G,VS1,57.7,63.0,-0.10000000000000053,2.8400000000000003,8.777023992942137
0.32,Ideal,E,VS1,59.5,57.0,-0.040000000000000036,1.83,6.539229679497513
1.5,Very Good,I,SI2,60.8,58.0,-0.09999999999999964,2.91,9.013598293962975
1.11,Premium,H,SI1,61.1,60.0,0.05999999999999961,2.5600000000000005,8.523611828796446
1.2,Premium,G,SI1,62.2,58.0,0.09999999999999964,2.5,8.76512033602737
0.24,Very Good,F,VVS1,62.2,57.0,-0.029999999999999805,1.52,6.297893171893607
1.54,Premium,E,VS2,60.8,58.0,0.05000000000000071,2.88,9.547073304370183
1.55,Premium,H,VS2,61.3,61.0,0.07000000000000028,2.84,9.2914349004599
2.06,Premium,G,SI2,60.7,58.0,-0.07000000000000028,3.26,9.578190655815416
0.32,Ideal,F,VS2,62.8,57.0,0.03000000000000025,1.6,6.662097677054225
0.52,Ideal,H,SI2,61.5,56.0,-0.040000000000000036,2.02,6.952937478383163
0.54,Ideal,F,SI2,61.2,56.0,-0.010000000000000675,2.0500000000000003,7.12377852866613
0.71,Good,E,SI1,63.1,59.0,-0.1299999999999999,2.16,7.86371341357264
1.52,Ideal,I,VS2,62.4,55.0,-0.05000000000000071,2.8000000000000007,9.21856252473869
0.3,Very Good,E,VS2,61.9,61.0,-0.040000000000000036,1.6600000000000001,6.292557415076356
0.91,Ideal,E,SI2,61.8,56.0,-0.07999999999999918,2.4199999999999995,8.255195904210325
1.0,Ideal,F,SI2,61.0,55.0,0.040000000000000036,2.49,8.38098459159124
0.93,Fair,G,SI1,64.4,57.0,0.04999999999999982,2.15,8.13268527720944
0.31,Ideal,G,VVS2,61.8,56.0,0.05000000000000071,1.6299999999999994,6.708179756144359
0.32,Ideal,E,VS1,61.6,55.0,-0.03000000000000025,1.7199999999999998,6.576658643655541
0.7,Very Good,E,SI1,62.1,60.0,-0.040000000000000036,2.16,7.814329164413889
0.25,Very Good,E,VVS1,62.9,58.0,-0.020000000000000462,1.5000000000000004,6.278564978166085
1.68,Ideal,H,VS2,61.3,56.0,0.09999999999999964,2.9399999999999995,9.475360957674676
1.5,Good,G,SI1,60.2,61.0,-0.05000000000000071,2.9300000000000006,9.287688092304093
1.2,Very Good,G,SI1,63.2,59.0,0.02999999999999936,2.4700000000000006,8.761869612665187
0.3,Very Good,E,VVS1,62.6,56.0,-0.009999999999999787,1.5999999999999996,6.503163236115073
0.23,Good,D,VVS1,60.3,66.0,-0.040000000000000036,1.58,6.139064154273858
1.75,Premium,E,SI1,60.3,61.0,0.08000000000000007,3.05,9.516469245659025
0.73,Premium,I,SI2,62.0,57.0,0.03000000000000025,2.1799999999999997,7.530194897722544
0.26,Ideal,H,VS2,62.1,55.0,-0.019999999999999574,1.5599999999999996,6.077668604762651
1.17,Ideal,F,SI1,62.2,56.0,0.020000000000000462,2.5300000000000002,8.742142641384183
0.23,Very Good,H,VVS2,62.4,55.0,-0.029999999999999805,1.4899999999999998,6.0828975597118475
0.42,Ideal,D,VVS2,61.4,56.0,0.02999999999999936,1.85,7.19265246707578
1.01,Very Good,G,SI1,59.6,61.0,-0.04999999999999982,2.6499999999999995,8.514004504799809
1.01,Ideal,E,VVS1,62.0,57.0,-0.0600000000000005,2.47,9.24241978933217
0.34,Premium,G,VVS1,61.5,59.0,0.03000000000000025,1.71,6.867936325164258
1.26,Very Good,I,VS1,61.8,61.0,-0.04999999999999982,2.67,8.822407479335533
0.39,Premium,F,VS1,61.7,58.0,-0.019999999999999574,1.81,6.805339782867865
1.58,Premium,D,SI2,59.6,59.0,0.05999999999999961,3.0600000000000005,9.160936163518986
1.01,Very Good,F,VS1,62.5,60.0,-0.04999999999999982,2.42,8.876569376706946
1.24,Very Good,E,SI1,61.7,59.0,-0.040000000000000036,2.6499999999999995,8.909545798047912
0.51,Ideal,E,VS2,60.1,57.0,0.040000000000000036,2.0600000000000005,7.434569557515835
0.4,Ideal,D,VS1,60.6,56.0,-0.040000000000000036,1.9100000000000001,6.90405365025374
0.5,Premium,G,VS1,62.1,55.0,0.16000000000000014,1.8699999999999997,7.245830971978757
0.31,Ideal,E,VS2,60.9,57.0,-0.020000000000000462,1.7100000000000004,6.491620895450983
0.56,Ideal,H,SI1,61.8,55.0,-0.03000000000000025,2.05,7.140439081740978
2.0,Premium,I,SI2,60.0,58.0,0.0600000000000005,3.25,9.538825197169189
1.23,Very Good,F,SI2,61.9,58.0,-0.020000000000000462,2.59,8.675267139249327
1.01,Ideal,F,IF,62.0,58.0,-0.04999999999999982,2.4699999999999998,9.217513352488362
0.53,Very Good,H,VVS2,61.3,61.0,-0.04999999999999982,2.0300000000000002,7.448676626231792
0.32,Ideal,E,VS1,61.0,57.0,-0.019999999999999574,1.73,6.577023043615519
0.51,Ideal,E,VS2,60.4,57.0,-0.02999999999999936,2.0599999999999996,7.397097729223895
0.42,Ideal,D,VVS2,62.1,55.0,-0.02999999999999936,1.8299999999999996,7.110626521913259
0.32,Ideal,D,SI1,61.5,56.0,-0.03000000000000025,1.7200000000000002,6.397732982512482
0.31,Ideal,D,VVS2,62.0,56.0,0.03000000000000025,1.6399999999999997,6.855421502543494
0.32,Very Good,G,VVS2,62.2,57.0,-0.019999999999999574,1.6599999999999997,6.532736145391439
0.44,Premium,G,SI1,61.9,59.0,-0.04999999999999982,1.87,6.675426348056466
0.3,Very Good,H,VVS2,61.5,57.0,-0.040000000000000036,1.7000000000000002,6.2960479423449005
0.76,Ideal,H,VS2,62.0,56.0,-0.019999999999999574,2.2399999999999998,7.9311904262915105
0.3,Ideal,E,VVS1,61.4,56.0,0.040000000000000036,1.6600000000000001,6.718494028722618
0.5,Very Good,G,VVS2,60.7,57.0,-0.040000000000000036,2.03,7.38629557180677
2.02,Ideal,I,SI2,62.2,57.0,0.07000000000000028,3.0,9.591900302646467
0.31,Ideal,G,VS1,61.0,55.0,-0.040000000000000036,1.7399999999999998,6.435565561553522
0.42,Premium,D,SI2,60.0,61.0,0.040000000000000036,1.9299999999999997,6.687088478609554
1.1,Ideal,H,SI1,62.0,57.0,-0.040000000000000036,2.5600000000000005,8.562138417068486
0.41,Ideal,F,SI1,62.9,56.0,0.020000000000000462,1.7399999999999998,6.792080278453255
1.02,Very Good,D,SI1,62.7,57.0,-0.08000000000000007,2.45,8.640124732341704
1.04,Premium,E,SI2,61.0,60.0,0.05000000000000071,2.5299999999999994,8.415588719111149
0.52,Ideal,G,SI1,62.2,54.0,-0.03000000000000025,1.9700000000000002,7.114173811191722
1.07,Ideal,G,VS1,61.8,55.0,-0.040000000000000036,2.5300000000000002,8.940779941473938
0.4,Ideal,E,VVS1,62.6,56.0,-0.03000000000000025,1.7800000000000002,7.095855878765791
0.38,Very Good,E,VVS2,59.7,63.0,-0.020000000000000462,1.9100000000000006,6.790774425586293
1.03,Ideal,F,VS1,62.1,55.0,-0.03000000000000025,2.4699999999999998,8.960567051273797
0.3,Very Good,G,SI1,62.4,54.0,-0.019999999999999574,1.6399999999999997,6.109598174472264
0.31,Premium,D,VS2,62.6,59.0,0.03000000000000025,1.5999999999999996,6.719375639259979
0.51,Premium,E,VS2,61.3,58.0,0.020000000000000462,1.98,7.399368930072202
2.01,Ideal,H,SI2,62.3,57.0,0.0600000000000005,3.009999999999999,9.581702875997403
1.21,Very Good,F,VS1,61.1,61.0,-0.08000000000000007,2.7,9.172505897455878
1.23,Ideal,G,VS2,62.4,57.0,0.04999999999999982,2.55,9.02357027107
1.01,Premium,H,SI1,61.2,58.0,-0.040000000000000036,2.5199999999999996,8.457204733025343
0.31,Premium,F,VS2,61.7,58.0,-0.040000000000000036,1.69,6.436391723125777
0.4,Good,E,SI1,63.9,58.0,-0.040000000000000036,1.6999999999999997,6.593298600004687
0.9,Ideal,G,VS2,62.0,57.0,-0.02999999999999936,2.3699999999999997,8.428805758550393
1.23,Ideal,H,VVS2,61.3,55.0,-0.040000000000000036,2.7,9.054636777059665
1.19,Ideal,H,I1,60.3,57.0,0.09999999999999964,2.6799999999999997,8.250978577709201
0.3,Ideal,G,SI2,61.9,57.0,-0.02999999999999936,1.6499999999999995,6.0213960521466445
2.01,Good,E,SI2,60.0,64.0,-0.08000000000000007,3.29,9.598709581284426
0.3,Premium,G,VS1,61.9,59.0,-0.040000000000000036,1.6600000000000001,6.301292199323669
0.37,Very Good,F,VS2,61.0,58.0,-0.019999999999999574,1.81,6.548401949791453
0.9,Very Good,H,VS1,61.8,56.0,-0.019999999999999574,2.3699999999999997,8.378305457839117
1.05,Very Good,H,VS1,63.3,57.0,0.04999999999999982,2.33,8.665742075894963
0.3,Very Good,D,VS1,63.2,59.0,-0.03000000000000025,1.5899999999999999,6.363642146436331
1.26,Ideal,F,VS2,61.5,56.0,-0.040000000000000036,2.71,9.13666134580341
1.05,Premium,E,SI2,60.4,58.0,0.040000000000000036,2.5799999999999996,8.429465111298585
0.32,Ideal,E,VS2,60.8,55.0,0.07000000000000028,1.71,6.7127281444167775
0.38,Premium,D,VS2,58.8,61.0,0.03000000000000025,1.9300000000000002,6.8141539577681085
1.71,Good,D,SI1,64.1,59.0,0.04999999999999982,2.66,9.48035746943633
0.4,Ideal,D,VS1,62.2,57.0,-0.03000000000000025,1.8000000000000003,6.901192602860955
0.27,Good,E,VVS1,63.9,57.0,0.02999999999999936,1.4600000000000004,6.453772130748385
0.31,Good,E,SI1,63.5,57.0,-0.040000000000000036,1.5900000000000003,6.269836187031718
1.01,Very Good,H,VS1,64.0,54.0,-0.08000000000000007,2.3200000000000003,8.606879805223395
0.9,Ideal,I,VS2,61.3,56.0,0.040000000000000036,2.39,8.19701446018417
0.33,Ideal,G,IF,61.0,55.0,-0.02999999999999936,1.7699999999999996,6.803615257965732
0.41,Ideal,I,VS1,61.9,55.0,-0.019999999999999574,1.8399999999999994,6.58474012282935
0.3,Ideal,E,SI1,61.7,55.0,-0.03000000000000025,1.6800000000000002,6.233968692382244
0.91,Very Good,G,SI2,60.3,59.0,-0.04999999999999982,2.5100000000000002,8.153429704256704
1.01,Premium,H,VS1,61.6,57.0,0.08999999999999986,2.42,8.608834888213817
0.55,Ideal,G,SI1,60.8,56.0,-0.0600000000000005,2.12,7.2248607944290795
1.03,Ideal,G,VVS2,61.6,57.0,0.02999999999999936,2.4800000000000004,8.970178235236164
0.58,Ideal,G,VVS1,61.3,56.0,-0.040000000000000036,2.1000000000000005,7.6965130603412115
0.41,Ideal,G,VS2,62.5,54.0,-0.03000000000000025,1.8000000000000003,6.71710630208925
1.02,Good,G,VS1,57.3,59.0,0.05999999999999961,2.8200000000000003,8.76397127788784
1.03,Premium,J,SI1,61.7,54.0,0.05999999999999961,2.4699999999999998,8.276354426649572
0.5,Good,J,VS2,63.2,60.0,-0.04999999999999982,1.8799999999999994,6.757514319881563
0.52,Very Good,F,VS2,61.9,59.0,-0.02999999999999936,1.9699999999999998,7.334515496645997
0.7,Ideal,H,SI2,60.4,58.0,0.05000000000000071,2.2699999999999996,7.613840500435868
0.31,Premium,E,VS1,61.9,58.0,0.010000000000000675,1.6399999999999997,6.706074529274727
0.82,Very Good,F,VVS2,63.1,59.0,-0.05999999999999961,2.2199999999999998,8.363629458774422
0.41,Ideal,D,SI1,61.0,57.0,0.019999999999999574,1.8600000000000003,6.8499821408205435
0.74,Ideal,H,VS1,61.6,55.0,-0.040000000000000036,2.25,7.946596111836841
1.01,Premium,F,SI2,60.0,59.0,0.05999999999999961,2.5500000000000003,8.361189779620624
1.09,Premium,H,SI1,61.8,58.0,0.04999999999999982,2.5,8.514437430426472
1.09,Ideal,F,VVS2,62.1,56.0,-0.040000000000000036,2.51,9.201388398229362
2.01,Premium,D,SI2,61.8,59.0,0.08000000000000007,3.0600000000000005,9.588503572686337
0.62,Ideal,G,IF,61.8,56.0,-0.03000000000000025,2.1000000000000005,7.889925894584296
0.69,Good,D,VVS2,61.5,61.0,-0.040000000000000036,2.1900000000000004,8.08624949864377
2.19,Very Good,I,SI1,62.6,58.0,-0.08999999999999986,3.1399999999999997,9.677352094996747
1.0,Fair,I,I1,64.5,58.0,0.23000000000000043,2.09,7.679086590340017
1.01,Very Good,F,SI2,63.4,56.0,0.0600000000000005,2.3,8.326257260598144
2.52,Premium,I,SI1,58.5,59.0,0.030000000000001137,3.669999999999999,9.68994931495461
0.51,Very Good,E,VS1,60.4,59.0,-0.040000000000000036,2.0700000000000003,7.4721154284369575
1.02,Ideal,H,SI1,60.8,58.0,-0.020000000000000462,2.5500000000000003,8.50839778065698
0.7,Ideal,I,VVS2,62.1,58.0,-0.04999999999999982,2.17,7.735216110632208
0.9,Premium,D,SI1,62.8,59.0,0.040000000000000036,2.2699999999999996,8.344671454401995
0.49,Good,D,VS1,57.5,60.0,-0.07000000000000028,2.25,7.350473655123674
2.01,Ideal,H,SI1,61.9,60.0,0.019999999999999574,3.0700000000000003,9.67639034869679
0.31,Very Good,G,SI2,61.8,59.0,-0.040000000000000036,1.67,6.071898640386653
2.0,Premium,I,VS2,58.6,62.0,0.02999999999999936,3.37,9.609158806502952
0.31,Very Good,G,VS2,61.0,56.0,-0.020000000000000462,1.71,6.332210841990313
1.33,Ideal,H,VS2,59.5,57.0,-0.05000000000000071,2.9400000000000004,8.962185226246781
0.51,Premium,H,SI1,60.6,59.0,0.040000000000000036,2.01,7.048570407438663
0.31,Premium,F,VS2,60.8,60.0,0.03000000000000025,1.69,6.630202852903868
0.5,Good,E,SI1,63.5,61.0,-0.04999999999999982,1.85,6.911589217414776
1.07,Ideal,H,VS1,60.2,59.0,-0.03000000000000025,2.670000000000001,8.751417128767809
1.03,Premium,F,SI1,61.5,59.0,0.07000000000000028,2.4499999999999997,8.557680987348979
0.56,Ideal,E,SI1,60.9,56.0,-0.02999999999999936,2.0999999999999996,7.333224181930272
1.03,Ideal,F,VS1,60.7,56.0,-0.05999999999999961,2.6099999999999994,8.981684932602578
1.03,Very Good,G,SI1,61.0,58.0,-0.040000000000000036,2.56,8.55207889932294
1.06,Ideal,G,VS1,61.3,57.0,-0.02999999999999936,2.55,8.913371996371094
0.27,Ideal,H,VVS2,61.9,55.0,-0.020000000000000462,1.5900000000000003,6.279926607903154
0.36,Ideal,E,SI1,61.4,57.0,0.03000000000000025,1.7499999999999996,6.668698756247285
0.23,Very Good,D,VVS2,58.5,62.0,-0.019999999999999574,1.6899999999999995,6.038150035866514
1.0,Very Good,G,VS2,62.2,58.0,-0.040000000000000036,2.4299999999999997,8.663044791816356
2.14,Fair,F,SI2,64.8,60.0,0.10999999999999943,2.7800000000000002,9.525573831596938
1.0,Premium,G,VVS1,62.1,59.0,0.11000000000000032,2.35,8.924623092017399
0.42,Ideal,G,SI1,62.9,54.0,0.019999999999999574,1.77,6.769438770342285
0.37,Premium,D,VS2,61.0,59.0,-0.040000000000000036,1.8199999999999998,6.676358645754013
0.32,Very Good,H,SI1,63.1,55.0,0.03000000000000025,1.5899999999999999,6.29798649505178
0.9,Ideal,I,SI2,62.0,56.0,-0.040000000000000036,2.37,8.057588542931516
0.9,Premium,E,VS1,59.4,59.0,-0.02999999999999936,2.5699999999999994,8.58694158892867
0.3,Very Good,G,VVS1,62.4,59.0,-0.05999999999999961,1.6399999999999997,6.429044943810538
2.0,Premium,I,VS1,61.1,58.0,-0.02999999999999936,3.1599999999999993,9.63753846358673
0.27,Ideal,E,VVS1,62.3,56.0,-0.019999999999999574,1.58,6.464359575141782
0.33,Ideal,E,VS1,61.5,56.0,-0.04999999999999982,1.75,6.611005863659959
0.71,Ideal,H,VS2,61.4,57.0,-0.040000000000000036,2.23,7.898141408609967
1.06,Ideal,G,VS1,61.5,57.0,-0.019999999999999574,2.5299999999999994,8.913371996371094
0.25,Ideal,F,VS2,62.2,54.0,-0.040000000000000036,1.5500000000000003,6.183222829399419
1.05,Premium,G,SI2,61.7,56.0,0.040000000000000036,2.49,8.369225809095942
1.04,Premium,E,VVS2,62.8,58.0,0.03000000000000025,2.38,9.135528663869245
0.34,Premium,E,VS1,59.9,58.0,0.040000000000000036,1.81,6.785652567219868
2.01,Good,G,SI1,63.1,59.0,-0.049999999999998934,2.9799999999999995,9.694594450999805
1.2,Very Good,H,SI1,61.0,58.0,-0.08000000000000007,2.7199999999999998,8.70661382574122
2.02,Very Good,I,VS2,63.1,55.0,-0.08999999999999986,3.01,9.665595903452854
0.56,Ideal,H,SI1,61.9,58.0,-0.03000000000000025,2.03,7.112796228509779
0.9,Very Good,I,SI1,61.8,56.0,-0.04999999999999982,2.4000000000000004,8.10396023843327
0.93,Premium,G,SI2,62.2,55.0,0.02999999999999936,2.35,8.126592507536138
1.07,Premium,F,SI2,60.8,58.0,-0.05999999999999961,2.6399999999999997,8.454716101341166
1.01,Ideal,G,VS2,62.0,54.9,-0.03000000000000025,2.45,8.729637309226602
1.01,Very Good,G,SI1,62.6,59.0,0.08000000000000007,2.3299999999999996,8.47521080925707
1.01,Good,E,VVS2,63.9,58.0,-0.0600000000000005,2.3200000000000003,9.067628448215656
0.41,Very Good,E,VVS2,63.1,58.0,0.03000000000000025,1.7299999999999995,7.061333283855637
0.63,Very Good,G,VVS2,63.3,59.2,-0.020000000000000462,2.0000000000000004,7.728414514261406
1.07,Fair,F,SI1,60.6,66.0,0.1900000000000004,2.4899999999999998,8.580083565923017
1.01,Premium,G,SI1,62.5,60.0,-0.04999999999999982,2.4099999999999997,8.497678026638589
0.3,Ideal,F,VVS1,61.1,55.0,-0.019999999999999574,1.71,6.515382960198623
0.36,Premium,G,IF,62.5,60.0,-0.040000000000000036,1.7100000000000004,6.877803008156203
0.4,Premium,F,SI1,62.6,59.0,0.0600000000000005,1.7299999999999995,6.766580165197198
0.54,Ideal,I,SI1,61.9,54.0,-0.03000000000000025,2.0200000000000005,6.9837412571735324
0.52,Ideal,G,VS1,60.4,57.0,-0.03000000000000025,2.08,7.454148224471548
1.07,Ideal,J,SI1,62.1,56.0,-0.05999999999999961,2.5199999999999996,8.373616521886657
1.06,Ideal,G,VS1,61.7,55.0,-0.02999999999999936,2.5199999999999996,8.920393207153532
0.35,Premium,H,VVS1,60.1,62.0,0.05000000000000071,1.7899999999999996,6.764631091760742
0.5,Very Good,D,VS1,62.3,60.0,-0.02999999999999936,1.9299999999999997,7.296860517293658
0.92,Good,E,SI1,63.7,57.0,-0.02999999999999936,2.2399999999999998,8.295692757499875
0.3,Very Good,F,SI2,63.5,57.0,0.03000000000000025,1.5299999999999998,6.127921066691089
0.5,Ideal,D,VS2,61.9,55.0,-0.03000000000000025,1.96,7.231450562574197
1.05,Premium,G,SI1,62.1,60.0,0.040000000000000036,2.4300000000000006,8.525798179154773
1.25,Ideal,H,SI2,61.6,55.0,-0.05000000000000071,2.6800000000000006,8.70451594490742
1.1,Ideal,F,VS2,62.2,57.0,0.03000000000000025,2.4799999999999995,8.90037818615911
0.56,Ideal,I,VVS1,61.1,55.0,-0.019999999999999574,2.09,7.423017311378089
0.72,Very Good,I,VS2,62.1,57.5,-0.020000000000000462,2.1700000000000004,7.690485880219549
1.18,Very Good,F,SI1,59.9,59.0,-0.020000000000000462,2.76,8.777521545588945
0.9,Good,H,SI1,60.5,64.0,0.0699999999999994,2.39,8.137184495123606
0.36,Premium,I,IF,59.9,59.0,0.04999999999999982,1.8200000000000003,6.721725065343941
0.25,Very Good,E,VVS1,59.7,58.0,-0.009999999999999787,1.6699999999999995,6.243524413776757
0.3,Good,H,VVS1,63.3,55.0,-0.04999999999999982,1.6099999999999999,6.35514412646265
1.51,Very Good,I,VS1,61.8,63.0,0.05999999999999961,2.7600000000000007,9.187050514243314
0.26,Very Good,E,VVS1,62.6,59.0,-0.03000000000000025,1.54,6.338051494133358
0.74,Very Good,I,VS1,62.3,60.0,-0.019999999999999574,2.19,7.777987347174345
0.5,Ideal,G,VVS2,62.3,56.0,0.040000000000000036,1.8899999999999997,7.392397040302591
0.3,Ideal,H,VVS1,61.9,57.0,-0.019999999999999574,1.6499999999999995,6.411127149113585
1.11,Very Good,F,VVS1,62.5,59.0,-0.040000000000000036,2.5,9.227407677403736
0.3,Premium,F,VVS2,61.0,59.0,-0.03000000000000025,1.7000000000000002,6.4382698498912525
1.05,Good,H,SI1,59.2,60.0,-0.03000000000000025,2.71,8.496315315756139
0.63,Premium,D,VS1,59.2,61.0,0.04999999999999982,2.25,7.886299103875658
0.51,Good,G,VVS2,63.5,56.0,-0.040000000000000036,1.8800000000000003,7.411944482038687
0.52,Ideal,G,SI2,59.7,56.0,-0.02999999999999936,2.1499999999999995,7.053114211041
1.05,Premium,E,VS2,62.1,58.0,-0.040000000000000036,2.49,8.870047041554804
0.41,Fair,I,VS1,65.3,58.0,-0.040000000000000036,1.6300000000000003,6.539707527417834
0.5,Fair,E,SI2,68.6,56.0,0.1200000000000001,1.4500000000000002,6.779965904041604
1.46,Very Good,F,SI1,62.8,59.0,-0.04999999999999982,2.6899999999999995,9.135910595498595
1.02,Premium,H,SI2,61.1,61.0,0.02999999999999936,2.5100000000000002,8.318419665665322
0.35,Premium,D,SI1,61.0,60.0,0.040000000000000036,1.7600000000000002,6.640149475678695
0.41,Premium,F,VVS2,61.6,59.0,-0.05999999999999961,1.8599999999999999,6.973576980001417
0.53,Ideal,G,VVS2,61.7,56.0,-0.03000000000000025,2.0100000000000002,7.561057157119411
0.4,Premium,F,SI1,61.7,62.0,0.04999999999999982,1.79,6.760465101774592
0.28,Very Good,H,VS2,61.6,57.0,-0.03000000000000025,1.6400000000000001,6.062372671495676
1.0,Ideal,G,SI1,62.2,57.0,0.07000000000000028,2.3899999999999997,8.494371440823112
0.7,Ideal,D,VVS2,60.9,59.0,-0.040000000000000036,2.2500000000000004,8.223996079726547
0.89,Ideal,F,SI1,62.1,55.0,-0.02999999999999936,2.3499999999999996,8.19625346221614
1.2,Very Good,D,SI1,62.4,58.0,-0.03000000000000025,2.55,8.867654236903105
0.4,Premium,D,SI1,60.9,60.0,0.040000000000000036,1.8400000000000003,6.824470519626446
0.72,Ideal,F,VS2,61.3,55.0,-0.04999999999999982,2.27,8.034578096172035
1.25,Very Good,H,SI1,62.4,55.0,-0.040000000000000036,2.5999999999999996,8.812463987351165
0.42,Ideal,F,VVS2,61.1,57.0,-0.019999999999999574,1.8899999999999997,7.0162535242084
1.01,Ideal,I,SI1,61.2,56.0,-0.02999999999999936,2.5399999999999996,8.393270770213306
1.5,Premium,F,SI2,58.5,60.0,0.03999999999999915,3.0900000000000007,9.057484999741561
1.01,Very Good,H,SI1,62.6,61.0,-0.02999999999999936,2.3999999999999995,8.431578420508657
0.51,Very Good,D,VS2,62.0,59.0,-0.040000000000000036,1.96,7.329860583060489
1.13,Ideal,G,SI2,61.3,57.0,0.0600000000000005,2.5599999999999996,8.46890131852717
1.12,Premium,H,SI2,62.0,57.0,0.0699999999999994,2.49,8.384246131159326
0.9,Very Good,H,SI2,61.1,63.0,-0.07000000000000028,2.4300000000000006,8.086074806135215
1.21,Very Good,G,VVS2,59.3,58.0,-0.040000000000000036,2.88,9.20203157053585
0.47,Good,E,SI1,60.2,64.0,0.05999999999999961,1.9900000000000002,6.977824424313947
1.22,Premium,J,VS1,61.7,59.0,0.07000000000000028,2.5999999999999996,8.667348293150395
1.0,Ideal,G,SI2,62.8,57.0,0.0600000000000005,2.3299999999999996,8.314110983432498
1.03,Very Good,H,SI1,60.4,60.0,-0.1200000000000001,2.62,8.493981160859832
0.31,Ideal,G,VS1,62.9,57.0,0.020000000000000462,1.5899999999999999,6.610097170231107
0.38,Ideal,J,VVS2,61.4,56.0,-0.020000000000000462,1.8200000000000003,6.435903039470905
0.42,Very Good,I,VS1,62.1,57.0,-0.019999999999999574,1.8199999999999998,6.588818637554925
0.72,Premium,H,VVS1,61.4,58.0,-0.03000000000000025,2.24,8.010663269156641
0.7,Ideal,D,VS1,61.4,57.0,-0.04999999999999982,2.2399999999999998,8.09280799979485
0.46,Fair,G,SI1,63.4,68.0,0.08000000000000007,1.73,6.775312628974672
0.5,Very Good,H,VS2,61.2,55.0,-0.040000000000000036,2.0100000000000002,6.9978019448009645
1.33,Fair,G,SI2,63.0,62.0,0.03000000000000025,2.5300000000000002,8.63476708397128
0.72,Very Good,J,SI1,58.3,62.0,-0.05999999999999961,2.4899999999999998,7.573008492017611
0.58,Very Good,E,IF,60.6,59.0,-0.05999999999999961,2.1599999999999997,7.899416216208595
1.53,Ideal,H,VVS2,61.9,57.0,-0.040000000000000036,2.83,9.37230306279627
0.52,Ideal,E,VS2,61.8,55.0,-0.020000000000000462,1.9900000000000002,7.440953870943309
0.31,Premium,D,SI1,61.4,58.0,-0.03000000000000025,1.6900000000000004,6.371244697693931
0.79,Ideal,I,VS1,62.2,57.0,-0.05000000000000071,2.2600000000000002,7.940866152660997
0.54,Ideal,D,SI1,61.5,56.0,-0.019999999999999574,2.03,7.318104254038768
0.35,Ideal,E,VS1,62.3,56.0,0.019999999999999574,1.69,6.821360569096102
1.02,Very Good,I,VS2,59.3,59.0,-0.04999999999999982,2.71,8.498060734773992
1.25,Premium,G,SI2,61.1,58.0,0.04999999999999982,2.67,8.66854061532674
0.41,Ideal,G,VVS1,62.5,53.0,-0.020000000000000462,1.8000000000000003,7.003337051933582
1.01,Premium,D,SI1,62.6,58.0,-0.11000000000000032,2.4400000000000004,8.606402183686315
1.5,Ideal,E,VS2,63.4,54.0,-0.03000000000000025,2.66,9.566208827234298
1.01,Ideal,H,VS2,62.7,56.0,-0.05000000000000071,2.4000000000000004,8.574582664108929
0.7,Very Good,E,VS2,61.0,60.0,-0.02999999999999936,2.26,7.938308791272792
2.02,Good,F,SI2,61.9,61.0,0.040000000000000924,3.039999999999999,9.574254949665956
0.91,Very Good,E,SI2,58.6,63.0,-0.05999999999999961,2.6599999999999997,8.174636938873906
0.6,Very Good,D,SI1,62.0,55.0,-0.08000000000000007,2.0900000000000003,7.47075788164709
0.41,Premium,F,VS1,62.7,58.0,0.02999999999999936,1.7600000000000002,6.959832080059238
1.2,Premium,H,SI1,62.9,56.0,0.05999999999999961,2.4800000000000004,8.679256010340486
0.3,Ideal,I,VS1,62.0,58.0,-0.019999999999999574,1.6399999999999997,6.136653098593026
1.2,Ideal,F,VS2,61.2,53.0,0.03000000000000025,2.6499999999999995,9.085875098636185
1.08,Premium,H,SI1,62.6,58.0,0.02999999999999936,2.4300000000000006,8.48926653042446
0.9,Good,H,SI2,62.7,64.0,-0.08999999999999986,2.3,8.051543384170497
0.55,Very Good,I,VS2,58.5,62.2,-0.010000000000000675,2.24,7.151588735953974
2.19,Good,I,SI2,63.7,57.0,0.040000000000000924,2.959999999999999,9.574633733755622
1.51,Premium,J,VS2,60.7,60.0,0.0699999999999994,2.87,9.042876921525831
0.31,Very Good,E,VVS1,59.9,62.0,-0.009999999999999787,1.77,6.682369552306146
1.0,Very Good,E,VS1,63.0,56.0,-0.020000000000000462,2.38,8.88834409916683
0.73,Very Good,E,SI2,59.6,57.0,-0.040000000000000036,2.4000000000000004,7.821918611522608
1.01,Fair,D,SI1,62.6,57.0,-0.08000000000000007,2.3499999999999996,8.58583647226343
0.33,Premium,H,VVS2,62.4,60.0,0.03000000000000025,1.6399999999999997,6.641974967235709
1.11,Ideal,G,VS1,62.8,55.0,-0.05000000000000071,2.49,8.949954339843911
0.52,Very Good,D,VS1,59.6,57.0,-0.05999999999999961,2.1599999999999997,7.589385273361207
0.31,Premium,H,IF,61.7,58.0,0.03000000000000025,1.65,6.754299801062867
0.73,Ideal,G,VS1,60.8,56.4,-0.05000000000000071,2.3100000000000005,8.079012281493297
0.56,Ideal,D,VS2,61.6,56.0,-0.040000000000000036,2.05,7.5641147213528
1.12,Premium,H,SI2,61.0,56.0,0.02999999999999936,2.58,8.404091465262091
1.0,Ideal,E,SI1,62.7,57.0,-0.10000000000000053,2.45,8.592955189888192
0.87,Premium,F,SI2,61.6,58.0,0.040000000000000036,2.3299999999999996,7.974395227269331
0.75,Premium,E,SI1,59.9,54.0,0.040000000000000036,2.38,7.994621097896849
1.01,Very Good,F,SI1,61.3,60.0,-0.040000000000000036,2.4999999999999996,8.56957291184063
0.35,Ideal,J,IF,61.8,53.0,-0.03000000000000025,1.7700000000000005,6.499015931019997
0.42,Ideal,E,SI1,61.3,57.0,-0.019999999999999574,1.8699999999999997,6.719950567948599
0.31,Premium,F,VVS1,62.4,60.0,0.02999999999999936,1.6,6.854995111456716
0.57,Ideal,G,VVS2,61.7,56.0,-0.03000000000000025,2.0500000000000003,7.642316571292727
1.5,Premium,H,SI2,60.8,58.0,0.04999999999999982,2.8599999999999994,9.050173631997529
0.53,Premium,F,VS2,61.9,58.0,0.03000000000000025,1.96,7.400599071297243
0.55,Ideal,G,VVS2,62.0,53.8,-0.03000000000000025,2.0100000000000002,7.561311952292561
1.66,Premium,D,SI1,62.0,59.0,0.04999999999999982,2.8499999999999996,9.49654853281977
1.1,Ideal,F,VVS2,61.2,56.0,0.02999999999999936,2.5700000000000003,9.20537074289333
0.9,Good,H,VS2,63.6,61.0,0.0600000000000005,2.17,8.162880457028233
1.59,Premium,J,VS2,62.6,59.0,0.020000000000000462,2.7699999999999996,9.047879499957096
2.2,Ideal,J,SI1,61.5,57.0,0.040000000000000924,3.209999999999999,9.57167721454974
0.73,Ideal,G,VS2,61.7,56.0,-0.019999999999999574,2.2299999999999995,7.981465514190881
0.42,Good,D,SI2,60.7,61.0,-0.05999999999999961,1.92,6.586219029833902
1.13,Ideal,E,VVS2,60.1,59.0,-0.040000000000000036,2.7299999999999995,9.30258914608364
1.16,Premium,G,SI2,62.0,59.0,0.1200000000000001,2.4800000000000004,8.460833016752098
0.92,Ideal,D,SI2,60.3,56.0,-0.02999999999999936,2.53,8.298964368759991
0.31,Ideal,H,SI2,61.1,56.0,-0.019999999999999574,1.73,6.0403188286905936
0.53,Ideal,E,VS2,61.4,56.0,0.07000000000000028,1.9799999999999995,7.493044711032298
0.27,Very Good,F,VS1,62.5,56.0,-0.040000000000000036,1.5799999999999996,6.2030565033856035
0.33,Ideal,D,VS2,62.5,55.0,0.040000000000000036,1.6400000000000001,6.756867390951219
1.14,Ideal,G,SI2,61.5,55.0,0.07000000000000028,2.5599999999999996,8.471773564743732
0.31,Ideal,D,SI1,62.7,56.0,-0.040000000000000036,1.6400000000000001,6.377415919042219
1.09,Ideal,D,SI2,62.1,56.0,0.03000000000000025,2.4799999999999995,8.50341019095295
0.53,Ideal,G,IF,61.9,56.0,-0.040000000000000036,2.01,7.694252693820309
0.23,Fair,G,VVS2,61.4,66.0,-0.040000000000000036,1.52,6.089389175508831
0.32,Good,F,SI1,63.2,55.0,-0.03000000000000025,1.6300000000000003,6.253556496081273
0.4,Ideal,H,SI1,62.9,56.0,0.04999999999999982,1.7100000000000004,6.6497670033470015
0.72,Premium,I,VVS2,62.0,56.0,0.019999999999999574,2.1700000000000004,7.77319513905067
1.91,Fair,I,VS1,59.5,68.0,0.1899999999999995,3.13,9.495167189393841
0.87,Premium,J,SI1,61.4,57.0,0.03000000000000025,2.36,7.7796299996036
0.53,Ideal,D,VS2,61.2,57.0,-0.05999999999999961,2.0599999999999996,7.538588898360268
0.7,Good,D,VVS2,63.7,55.0,0.04999999999999982,2.0200000000000005,8.082246191178287
0.4,Very Good,J,SI1,58.9,59.0,-0.03000000000000025,2.0100000000000002,6.324953763135617
1.01,Very Good,G,VVS2,63.1,56.0,0.0600000000000005,2.3200000000000003,8.881048685559852
1.14,Ideal,G,VS2,61.5,57.0,0.040000000000000036,2.5599999999999996,8.894660512844231
0.32,Very Good,E,SI1,63.1,56.0,0.02999999999999936,1.6000000000000005,6.469229235225271
0.37,Ideal,E,VS2,61.5,56.0,-0.03000000000000025,1.79,6.64544313288004
0.77,Good,F,VS2,60.3,61.0,-0.07000000000000028,2.39,8.043601372550027
0.4,Good,F,VVS1,60.6,62.0,-0.020000000000000462,1.8700000000000006,6.953518543073592
1.12,Very Good,H,SI1,63.1,56.0,0.03000000000000025,2.42,8.5089206286428
0.71,Ideal,E,VS1,61.5,55.0,0.03000000000000025,2.2,8.127124533110106
0.35,Ideal,F,VS2,62.1,54.0,-0.03000000000000025,1.75,6.541815588569541
1.2,Premium,G,VS1,60.2,60.0,-0.04999999999999982,2.75,9.086268438740692
0.3,Ideal,H,VS2,62.3,56.0,-0.019999999999999574,1.6299999999999994,6.18112980431164
1.2,Premium,G,VVS2,62.8,59.0,0.0699999999999994,2.45,9.157678094544165
0.9,Ideal,E,SI2,61.7,56.0,-0.04999999999999982,2.4099999999999997,8.255010082294879
0.33,Premium,E,VS1,61.0,55.0,0.040000000000000036,1.7299999999999995,6.761400713687867
1.0,Premium,E,VS2,63.0,58.0,0.03000000000000025,2.2899999999999996,8.713308709140875
0.53,Ideal,G,VS1,61.6,57.0,0.03000000000000025,1.9899999999999998,7.494424539288801
1.03,Ideal,H,VS2,62.3,56.0,0.019999999999999574,2.420000000000001,8.584433477982639
2.0,Fair,J,SI1,66.4,55.0,0.15000000000000036,2.5199999999999996,9.376072935683943
1.22,Premium,E,I1,60.9,57.0,0.04999999999999982,2.67,8.382805404330503
0.7,Very Good,E,SI1,60.9,59.0,-0.08999999999999986,2.28,7.881928706319653
0.9,Premium,D,SI2,58.7,58.0,0.019999999999999574,2.5900000000000003,8.213578047102656
0.91,Very Good,G,SI1,63.6,57.0,-0.03000000000000025,2.24,8.22730573948511
0.28,Very Good,F,VS1,61.0,59.0,-0.05999999999999961,1.69,6.229532102273042
0.23,Good,E,VVS1,64.4,57.0,-0.029999999999999805,1.4,6.111082931549747
0.33,Ideal,G,VVS2,62.6,53.0,0.020000000000000462,1.65,6.744912804691927
1.2,Very Good,H,VS2,63.2,55.0,0.07000000000000028,2.4299999999999997,8.777765980424801
0.4,Ideal,J,VVS2,61.8,55.0,-0.03000000000000025,1.8399999999999999,6.602410576227455
0.56,Very Good,E,VS2,61.0,58.0,-0.04999999999999982,2.0999999999999996,7.493880280911626
0.91,Premium,G,SI1,62.2,59.0,-0.040000000000000036,2.3500000000000005,8.25121426758317
1.51,Ideal,E,VS2,61.2,57.0,-0.09999999999999964,2.9299999999999997,9.58650019555445
1.37,Premium,H,VS1,62.9,58.0,0.04999999999999982,2.6100000000000003,9.001702817417062
1.2,Very Good,H,SI2,62.1,59.0,-0.04999999999999982,2.59,8.574384140126615
0.42,Ideal,G,SI1,61.6,56.0,-0.019999999999999574,1.8699999999999997,6.636665350584125
0.7,Ideal,D,SI1,61.6,57.0,-0.04999999999999982,2.22,7.944541758976985
0.33,Ideal,G,VS2,61.6,55.0,0.03000000000000025,1.6899999999999995,6.5960912930301445
0.72,Very Good,D,VS1,64.1,57.0,-0.03000000000000025,2.06,8.056755407864191
0.57,Ideal,D,SI1,61.4,55.0,0.009999999999999787,2.06,7.435429393259359
0.44,Very Good,J,VS1,63.2,57.0,0.040000000000000036,1.7600000000000002,6.611193396550141
1.53,Very Good,H,SI1,61.3,56.0,-0.020000000000000462,2.880000000000001,9.253707435446534
0.24,Good,E,VVS2,65.0,58.0,-0.04999999999999982,1.38,6.194769511773202
0.33,Ideal,G,VS2,61.2,55.0,0.03000000000000025,1.7199999999999998,6.5960912930301445
0.55,Ideal,I,VS1,62.2,55.0,-0.03000000000000025,2.0100000000000002,7.228347512623643
0.35,Ideal,E,SI1,61.0,57.0,0.03000000000000025,1.7600000000000002,6.621750993741947
1.03,Premium,I,VS1,60.4,59.0,-0.0600000000000005,2.62,8.573009321752249
0.33,Ideal,G,VVS1,61.7,55.0,-0.040000000000000036,1.7300000000000004,6.714570816181169
1.51,Good,H,VS2,63.8,56.0,0.07000000000000028,2.5700000000000003,9.206216751063547
2.1,Good,H,SI1,63.7,61.0,0.02999999999999936,2.92,9.639294116044221
0.75,Very Good,F,SI1,60.6,60.0,-0.03000000000000025,2.3400000000000003,7.970455349113
0.42,Ideal,F,SI1,61.5,55.0,-0.019999999999999574,1.8699999999999997,6.68379830728172
0.8,Ideal,F,SI1,60.5,57.0,-0.05000000000000071,2.41,8.092038947227076
0.52,Premium,G,VS1,61.7,56.0,0.040000000000000036,1.9699999999999998,7.460475427281431
0.5,Very Good,G,VS1,62.1,55.0,-0.16000000000000014,2.03,7.213653855382724
2.06,Ideal,I,VS2,59.2,57.0,0.10000000000000142,3.3499999999999988,9.663836891385195
0.93,Premium,F,SI1,62.5,58.0,-0.02999999999999936,2.34,8.293510065148869
0.7,Ideal,G,SI1,60.9,57.0,-0.020000000000000462,2.27,7.8250151249853594
1.01,Ideal,F,SI1,62.0,54.0,-0.08000000000000007,2.49,8.605999774872492
0.32,Ideal,G,SI1,61.8,55.0,-0.02999999999999936,1.6999999999999997,6.260365567623774
0.28,Ideal,F,VVS2,62.5,57.0,-0.03000000000000025,1.5899999999999999,6.412511891496931
0.91,Good,D,SI1,64.0,58.0,-0.03000000000000025,2.1999999999999997,8.320021201184943
0.42,Ideal,G,VVS2,62.7,56.0,0.02999999999999936,1.7600000000000002,7.031765705277928
0.25,Very Good,E,IF,61.3,56.0,-0.03000000000000025,1.6,6.330571939749804
0.51,Ideal,D,SI1,61.6,56.0,0.020000000000000462,1.9499999999999997,7.237849717156717
0.72,Ideal,E,VS2,60.8,56.0,-0.040000000000000036,2.2900000000000005,8.081739949210833
1.11,Premium,G,VS2,60.8,58.0,0.04999999999999982,2.5900000000000007,8.838249250684495
0.31,Ideal,G,VVS1,60.9,55.0,-0.02999999999999936,1.7399999999999998,6.652015280920986
0.27,Good,D,VVS2,64.3,55.0,0.04999999999999982,1.44,6.44523824325418
0.55,Premium,G,SI2,60.3,58.0,0.019999999999999574,2.11,7.07306628157754
1.02,Fair,H,SI2,59.6,57.0,0.15000000000000036,2.58,8.290501788593433
1.0,Fair,G,VS1,63.1,63.0,0.08999999999999986,2.29,8.685036093562012
0.7,Ideal,F,SI1,60.3,58.0,-0.04999999999999982,2.3199999999999994,7.882694827457619
1.52,Premium,G,VVS1,60.4,59.0,0.10000000000000053,2.8899999999999997,9.582390178851934
0.59,Premium,G,I1,59.7,59.0,0.03000000000000025,2.1900000000000004,6.904696870224927
0.71,Ideal,G,SI1,61.2,58.0,-0.020000000000000462,2.25,7.8788942869862755
1.07,Premium,H,SI1,62.9,61.0,0.05999999999999961,2.3600000000000003,8.481981056760425
1.51,Premium,G,VS2,59.2,61.0,0.040000000000000036,3.0200000000000005,9.43387421225133
0.91,Very Good,G,SI1,63.5,61.0,0.04999999999999982,2.19,8.158543763854652
0.71,Ideal,D,SI2,61.3,57.0,0.07000000000000028,2.19,7.81666858789255
0.3,Ideal,F,VVS1,62.1,55.0,-0.040000000000000036,1.6599999999999997,6.515382960198623
0.6,Very Good,D,SI1,62.2,58.0,-0.040000000000000036,2.0700000000000003,7.456598637458355
0.31,Good,E,SI1,63.4,55.0,-0.009999999999999787,1.5899999999999999,6.269027293317912
0.34,Ideal,E,VS2,62.1,55.0,0.020000000000000462,1.69,6.770323923552284
0.39,Ideal,H,VVS2,62.0,55.0,-0.020000000000000462,1.79,6.773012772706075
0.33,Premium,G,VS1,61.6,58.0,0.05000000000000071,1.6699999999999995,6.636948708657034
0.34,Very Good,E,SI2,62.5,59.0,-0.03000000000000025,1.6800000000000002,6.2256038644319505
1.0,Premium,D,SI1,59.5,60.0,0.07000000000000028,2.58,8.587733521328024
1.33,Ideal,H,VS2,62.6,57.0,0.03999999999999915,2.6000000000000005,8.934451610097605
1.3,Ideal,H,VS2,62.8,56.0,0.10000000000000053,2.55,8.920350768427964
0.63,Ideal,G,VS2,62.6,55.0,0.040000000000000036,2.03,7.634191250922524
0.63,Ideal,F,VVS2,61.5,56.0,-0.03999999999999915,2.1399999999999997,7.937969970875336
0.39,Very Good,E,VS2,60.1,61.0,-0.040000000000000036,1.9099999999999997,6.733300842507652
0.39,Premium,D,VS2,60.2,59.0,0.019999999999999574,1.8800000000000003,6.946412773198973
1.28,Premium,E,VS1,60.8,60.0,0.04999999999999982,2.7200000000000006,9.276689267606228
0.31,Premium,G,VS1,59.9,59.0,0.03000000000000025,1.7600000000000002,6.591136790455356
0.35,Premium,E,VS1,62.2,58.0,0.03000000000000025,1.6799999999999997,6.80577990570745
1.01,Very Good,E,VS2,63.3,58.0,0.03000000000000025,2.3199999999999994,8.759863031708212
0.91,Good,D,SI2,64.1,62.0,0.04999999999999982,2.1399999999999997,8.074763550191966
0.83,Ideal,E,SI2,61.0,57.0,-0.07000000000000028,2.4099999999999997,8.056853666997533
1.23,Ideal,H,SI1,63.0,55.0,0.0600000000000005,2.45,8.726472987011663
0.32,Ideal,G,VS2,61.4,55.0,0.05999999999999961,1.6800000000000002,6.594050600957909
0.43,Very Good,F,SI1,62.4,57.0,-0.03000000000000025,1.8200000000000003,6.6669975495307465
1.14,Good,G,VS2,63.2,58.0,-0.040000000000000036,2.4699999999999998,8.856508370574609
0.69,Ideal,F,SI1,61.3,55.0,-0.020000000000000462,2.2300000000000004,7.782122818057345
0.38,Very Good,F,VS2,61.3,57.0,-0.03000000000000025,1.83,6.58385355137228
1.73,Very Good,I,SI1,61.2,60.0,-0.019999999999999574,2.9799999999999995,9.319989382764398
0.71,Good,E,SI2,58.8,63.0,-0.1299999999999999,2.46,7.769332518666551
1.0,Fair,E,SI1,57.6,57.0,0.040000000000000036,2.7499999999999996,8.492117719126414
1.13,Very Good,H,SI1,63.3,56.0,0.03000000000000025,2.42,8.544657077008047
0.92,Premium,E,SI1,62.2,58.0,-0.05000000000000071,2.3700000000000006,8.350429870650048
1.01,Very Good,G,SI1,62.9,58.0,-0.05000000000000071,2.3900000000000006,8.50450808778795
1.01,Premium,G,VS2,62.1,59.0,0.04999999999999982,2.4,8.687835678734073
0.3,Premium,G,VVS2,60.8,58.0,0.040000000000000036,1.69,6.543016152207919
0.33,Ideal,I,IF,61.1,56.0,-0.040000000000000036,1.7600000000000002,6.563269273087685
0.3,Ideal,F,IF,62.0,58.0,-0.04999999999999982,1.65,6.596481861793971
1.2,Premium,G,SI1,62.3,59.0,0.08999999999999986,2.5199999999999996,8.76512033602737
0.7,Premium,H,SI1,61.3,58.0,-0.03000000000000025,2.2300000000000004,7.723056230310933
2.0,Ideal,G,SI2,62.2,57.0,0.13000000000000078,2.9800000000000004,9.56293670585047
0.5,Premium,D,VS2,61.2,60.0,0.040000000000000036,1.96,7.29954834518729
0.59,Premium,F,SI1,62.4,59.0,0.040000000000000036,1.9900000000000002,7.357284067455078
0.57,Ideal,F,VS2,61.7,57.0,-0.03000000000000025,2.0600000000000005,7.494767908522143
0.32,Good,F,VS2,63.6,57.0,0.03000000000000025,1.5699999999999998,6.53206578944026
0.57,Ideal,H,IF,62.2,56.0,-0.03000000000000025,2.0300000000000002,7.640575091072079
0.39,Very Good,G,VS2,60.4,61.0,-0.03000000000000025,1.87,6.630904890899524
0.31,Very Good,F,VS2,58.8,58.0,-0.040000000000000036,1.8600000000000003,6.345301877598768
1.11,Premium,H,SI1,58.8,59.0,0.04999999999999982,2.7600000000000002,8.532443596952005
0.41,Premium,G,SI1,60.3,60.0,0.040000000000000036,1.88,6.722307456968181
1.0,Ideal,E,VS2,62.1,56.0,0.03000000000000025,2.4099999999999997,8.77777767166657
0.55,Ideal,H,IF,62.3,54.0,-0.03000000000000025,2.0000000000000004,7.58416492373538
1.67,Very Good,I,VS1,61.6,59.1,-0.02999999999999936,2.9399999999999995,9.376659680717891
0.55,Premium,G,VS2,61.5,61.0,0.03999999999999915,2.0000000000000004,7.3886739169251054
1.0,Good,D,VS2,60.8,61.0,-0.07000000000000028,2.5300000000000002,8.788279685895759
0.33,Premium,H,VS1,62.1,59.0,0.03000000000000025,1.67,6.524189389522559
1.0,Ideal,G,VS1,62.2,56.0,0.0600000000000005,2.3799999999999994,8.78217216977743
1.2,Premium,H,SI2,60.8,59.0,0.04999999999999982,2.63,8.542791047835575
1.2,Premium,F,VS2,62.8,62.0,0.07000000000000028,2.4400000000000004,8.999960383616335
0.34,Ideal,D,VVS2,61.3,56.0,-0.020000000000000462,1.7600000000000002,6.806131957788744
0.54,Ideal,D,VS2,62.6,57.0,-0.0600000000000005,1.9800000000000004,7.4704648725719025
1.03,Premium,H,VS2,60.9,58.0,0.0699999999999994,2.5100000000000002,8.579976161344664
0.53,Very Good,I,VS1,61.0,57.0,-0.03000000000000025,2.06,7.219238190106697
1.01,Premium,F,VS1,62.4,61.0,0.02999999999999936,2.3800000000000003,8.867368019949312
1.16,Very Good,F,VS2,60.2,63.0,0.08999999999999986,2.63,8.927180108259595
1.52,Good,E,VS1,63.9,56.0,-0.040000000000000036,2.63,9.608925997662991
0.31,Very Good,G,IF,61.7,54.0,-0.03000000000000025,1.6800000000000002,6.701067296470451
0.8,Good,H,VS2,63.4,60.0,0.09999999999999964,2.1,7.904220298936875
2.03,Very Good,J,VVS2,63.2,60.0,0.0600000000000005,2.88,9.54792480661774
0.74,Ideal,F,SI1,61.0,57.0,0.040000000000000036,2.2499999999999996,7.962289055684551
1.01,Good,G,SI2,63.7,59.0,-0.07000000000000028,2.34,8.324878681684728
1.02,Ideal,G,SI2,61.0,57.0,-0.07000000000000028,2.59,8.431653551845423
1.0,Very Good,I,SI1,63.0,58.0,-0.03000000000000025,2.35,8.308595807681227
1.5,Fair,F,SI2,65.3,57.0,0.0600000000000005,2.4399999999999995,8.978435300395356
1.04,Ideal,F,VS2,62.1,57.0,0.04999999999999982,2.4400000000000004,8.80210597010758
0.3,Very Good,E,VVS2,60.7,55.0,-0.010000000000000675,1.7100000000000004,6.425614757175908
2.0,Very Good,I,SI2,59.5,61.0,-0.019999999999999574,3.3199999999999994,9.58238401004947
1.03,Premium,E,SI2,62.0,59.0,-0.07000000000000028,2.49,8.433668735368757
0.25,Premium,G,SI2,58.8,60.0,0.04999999999999982,2.16,6.559728346584255
1.21,Premium,I,SI2,61.8,60.0,0.10000000000000053,2.55,8.451744769411887
0.59,Very Good,E,SI2,60.5,58.0,-0.08000000000000007,2.1999999999999997,7.297371016966835
0.57,Ideal,F,IF,61.3,56.0,-0.040000000000000036,2.0800000000000005,7.85922912381935
1.02,Good,I,SI2,63.6,56.0,-0.03000000000000025,2.3400000000000007,8.267921730456033
1.0,Very Good,E,VS2,59.0,58.0,-0.040000000000000036,2.6900000000000004,8.749238464367263
0.25,Premium,H,VVS1,59.8,59.0,0.019999999999999574,1.6300000000000003,6.428580250845742
0.5,Very Good,G,SI1,62.6,56.0,-0.040000000000000036,1.9199999999999995,6.88940112860345
1.02,Very Good,D,SI2,63.4,59.0,0.040000000000000036,2.3200000000000003,8.395418229207483
0.3,Ideal,E,VVS1,61.5,58.0,-0.02999999999999936,1.6699999999999995,6.571886025414816
0.32,Ideal,E,VS1,61.8,56.0,-0.02999999999999936,1.6999999999999997,6.576658643655541
0.51,Ideal,F,VS2,62.7,57.0,0.05000000000000071,1.8699999999999997,7.336894626079541
1.2,Very Good,H,SI1,62.8,58.0,-0.0699999999999994,2.55,8.687697853440179
0.39,Very Good,F,VS2,60.1,56.0,-0.05000000000000071,1.9400000000000004,6.6935634308130965
1.21,Ideal,H,VS2,62.6,55.0,0.05999999999999961,2.5200000000000005,8.832601644668976
0.57,Premium,H,SI1,59.3,58.0,-0.05999999999999961,2.2399999999999998,7.226077693114136
1.29,Ideal,J,VS1,62.0,57.0,0.0600000000000005,2.6100000000000003,8.724718595619724
0.9,Very Good,D,SI1,63.5,57.0,0.040000000000000036,2.22,8.333549560517193
0.32,Premium,H,VS2,61.9,58.0,-0.019999999999999574,1.6799999999999997,6.28630591529423
0.34,Premium,D,SI1,59.6,61.0,0.03000000000000025,1.81,6.595451315684045
0.25,Premium,E,VVS1,62.9,58.0,0.020000000000000462,1.48,6.502099073058398
0.43,Very Good,G,VS2,62.4,56.0,-0.03000000000000025,1.85,6.741551839386514
0.42,Ideal,G,IF,62.0,57.0,0.020000000000000462,1.8199999999999998,7.173042547867265
1.1,Good,I,SI1,57.7,60.0,0.05000000000000071,2.8499999999999996,8.43132904649921
0.82,Ideal,E,SI1,61.8,53.0,-0.03000000000000025,2.32,8.151031465148053
1.01,Fair,J,VS2,59.6,62.0,0.04999999999999982,2.6100000000000003,8.256817603548376
0.31,Premium,H,VVS2,62.4,59.0,-0.040000000000000036,1.6499999999999995,6.434639240353537
0.7,Very Good,F,VS2,61.7,57.0,-0.03000000000000025,2.2,7.885850653631002
1.01,Fair,F,SI1,67.2,60.0,0.05999999999999961,1.9500000000000002,8.354784495506967
1.42,Premium,G,VS1,62.1,56.0,0.04999999999999982,2.7199999999999998,9.328593965132606
0.3,Ideal,F,VS2,60.9,56.0,-0.040000000000000036,1.7299999999999995,6.307263358644127
1.86,Premium,G,SI2,62.5,60.0,0.10000000000000053,2.8899999999999997,9.347884690707064
1.13,Very Good,E,SI2,60.3,58.0,-0.08000000000000007,2.75,8.544312957821289
1.0,Ideal,E,VS2,62.1,57.0,-0.03000000000000025,2.44,8.783305558543399
1.0,Ideal,G,SI1,62.7,56.0,0.02999999999999936,2.3600000000000003,8.497243687039674
0.3,Very Good,H,VVS1,63.3,59.0,0.0600000000000005,1.5299999999999998,6.473825270669559
1.02,Ideal,E,SI2,60.3,57.0,0.03000000000000025,2.55,8.428221582447573
1.0,Fair,J,VS1,65.5,55.0,0.04999999999999982,2.1399999999999997,8.189096980159848
1.13,Very Good,I,SI2,59.1,63.0,0.02999999999999936,2.7800000000000002,8.355581306568007
0.53,Ideal,I,SI2,61.8,55.0,-0.040000000000000036,2.0199999999999996,6.909377530743668
0.3,Premium,G,VVS2,61.3,57.0,0.040000000000000036,1.65,6.547172327232869
0.31,Premium,E,VS2,60.0,59.0,-0.040000000000000036,1.7699999999999996,6.470783818908322
1.01,Premium,E,SI2,60.4,57.0,0.040000000000000036,2.56,8.398619926415703
2.09,Premium,H,SI2,61.0,60.0,0.08999999999999986,3.17,9.57370219377797
0.33,Ideal,G,IF,61.5,55.0,-0.019999999999999574,1.7400000000000002,6.803615257965732
0.58,Ideal,G,VVS2,61.9,57.0,-0.03000000000000025,2.0500000000000003,7.642680971252704
0.32,Ideal,G,VVS2,62.2,56.0,-0.040000000000000036,1.67,6.572739855473286
0.32,Ideal,G,SI1,60.9,57.0,0.019999999999999574,1.7300000000000004,6.4581722302311935
2.36,Ideal,I,SI2,60.8,54.0,0.10999999999999943,3.33,9.627575331941378
0.34,Ideal,D,VS2,60.6,57.0,-0.020000000000000462,1.79,6.629744145472066
1.15,Premium,H,SI1,60.2,60.0,0.08999999999999986,2.67,8.589093803630217
1.23,Premium,G,SI2,62.1,58.0,0.04999999999999982,2.5599999999999996,8.601677022454444
2.02,Good,H,SI2,59.0,61.0,-0.05000000000000071,3.420000000000001,9.602747842325364
0.28,Very Good,E,VVS1,61.9,59.0,-0.04999999999999982,1.62,6.40652809907005
2.01,Ideal,I,SI1,64.8,62.0,0.09999999999999964,2.7200000000000006,9.560316830198033
1.25,Ideal,E,VS2,60.7,56.0,-0.020000000000000462,2.75,9.192680748920486
0.36,Ideal,I,VVS1,61.5,55.0,-0.019999999999999574,1.79,6.568552211120707
0.7,Very Good,F,SI2,56.9,62.0,-0.03000000000000025,2.5500000000000003,7.692895637960779
0.31,Ideal,F,VS2,60.8,57.0,0.02999999999999936,1.7000000000000002,6.640084363025509
0.36,Premium,E,SI2,60.6,59.0,-0.040000000000000036,1.8300000000000005,6.324835984550712
0.56,Fair,F,VS2,57.0,67.0,0.1299999999999999,2.2700000000000005,7.449594215577349
0.79,Premium,D,SI1,61.4,59.0,-0.07000000000000028,2.32,8.093835694442893
1.0,Good,G,SI2,64.0,55.0,0.040000000000000036,2.24,8.24059888722865
1.11,Ideal,I,VS1,61.2,57.0,-0.03000000000000025,2.6100000000000003,8.67947233199316
1.01,Good,H,SI1,63.7,56.0,0.009999999999999787,2.25,8.376238139410408
1.56,Premium,J,VS1,61.1,59.0,0.02999999999999936,2.91,9.0809277647947
0.28,Ideal,E,VS1,62.0,56.0,0.03000000000000025,1.5799999999999996,6.467523912597519
1.3,Premium,H,VS1,61.5,58.0,0.020000000000000462,2.67,8.960722605926644
1.19,Good,F,SI1,57.6,60.0,-0.03999999999999915,2.9899999999999993,8.734981259264886
2.01,Very Good,H,SI1,61.5,60.0,0.08000000000000007,3.0599999999999996,9.653381712279968
0.74,Very Good,D,VS2,62.4,57.0,-0.05999999999999961,2.1999999999999997,8.115959726577401
0.34,Premium,D,SI1,59.7,59.0,0.03000000000000025,1.8199999999999998,6.609713043046298
0.32,Ideal,F,VS1,61.0,56.0,-0.03000000000000025,1.7600000000000002,6.540431270847726
1.2,Very Good,H,SI1,61.2,57.0,-0.1299999999999999,2.7199999999999998,8.711521320204263
0.32,Ideal,H,VVS1,62.1,54.0,-0.019999999999999574,1.6799999999999997,6.588717694015726
1.06,Ideal,H,SI2,59.4,57.0,0.040000000000000036,2.6799999999999997,8.383853952054261
0.32,Good,E,VS2,64.1,54.0,-0.03000000000000025,1.58,6.4349450475571475
1.06,Ideal,G,VVS2,61.7,56.0,0.03000000000000025,2.5,9.029734705098301
0.68,Very Good,E,SI1,58.2,60.0,-0.040000000000000036,2.43,7.6726585298357
0.23,Very Good,H,IF,63.9,55.0,-0.009999999999999787,1.4099999999999997,6.21623290901786
0.91,Fair,F,VS2,66.8,58.0,-0.019999999999999574,1.9899999999999998,8.290344214262829
2.16,Ideal,H,I1,62.2,56.0,0.05000000000000071,3.1099999999999994,9.150056485146541
0.31,Ideal,E,VS2,61.3,56.0,-0.03000000000000025,1.7000000000000002,6.492952746049459
0.33,Very Good,G,VS1,62.0,59.0,-0.05999999999999961,1.6999999999999997,6.454587732731669
0.55,Ideal,G,VVS1,61.2,56.0,-0.03000000000000025,2.0599999999999996,7.6508417278918746
0.31,Premium,H,VS1,61.7,61.0,0.03000000000000025,1.6399999999999997,6.471594141819257
0.59,Very Good,H,SI1,61.8,56.0,-0.040000000000000036,2.0799999999999996,7.227136311694194
1.51,Ideal,E,SI2,62.5,57.0,-0.04999999999999982,2.7699999999999996,9.177747875734324
0.7,Good,F,VS2,63.5,56.0,0.1899999999999995,1.9300000000000002,7.706909025955284
1.08,Ideal,E,SI2,61.7,57.0,-0.04999999999999982,2.54,8.500973073334277
0.93,Very Good,I,VS2,63.1,58.0,-0.019999999999999574,2.3,8.204073198183767
1.2,Very Good,F,SI1,62.7,58.0,0.020000000000000462,2.5,8.791330248067363
0.26,Very Good,E,VVS2,61.7,60.0,-0.009999999999999787,1.58,6.2789825021997245
0.3,Very Good,H,VVS1,62.0,59.0,-0.03000000000000025,1.6400000000000001,6.371547517714171
0.41,Ideal,I,VVS2,61.7,56.0,-0.03000000000000025,1.8499999999999996,6.722555723437366
0.7,Very Good,H,VS2,63.2,57.0,-0.040000000000000036,2.08,7.705014092161662
1.0,Premium,F,SI2,59.4,62.0,0.03000000000000025,2.58,8.310940625920804
1.34,Premium,H,VS2,62.3,60.0,0.03000000000000025,2.6399999999999997,8.910014207895744
0.41,Ideal,E,VS2,62.4,54.0,0.03000000000000025,1.7799999999999998,6.949642165473554
1.11,Very Good,G,VS2,60.8,58.0,-0.04999999999999982,2.6400000000000006,8.847726301590358
1.01,Good,D,SI1,61.7,62.0,-0.040000000000000036,2.44,8.574323009624251
0.4,Ideal,G,VS2,62.5,54.0,-0.03000000000000025,1.79,6.700545160397285
2.0,Very Good,E,SI2,63.4,60.0,0.04999999999999982,2.88,9.574473119660842
0.82,Ideal,F,SI1,62.1,56.0,0.040000000000000036,2.26,8.072132403964666
0.3,Premium,E,SI1,59.5,58.0,0.03000000000000025,1.7699999999999996,6.3813141746529105
0.33,Ideal,D,SI2,60.9,56.0,0.03000000000000025,1.73,6.421364799940592
1.03,Ideal,F,I1,61.0,56.0,0.0600000000000005,2.5299999999999994,8.116289364241462
0.3,Ideal,G,SI1,62.0,57.0,-0.040000000000000036,1.6499999999999995,6.150330684474066
0.52,Very Good,G,SI1,63.1,58.0,-0.019999999999999574,1.9,7.079137885914275
0.7,Ideal,G,SI1,61.9,58.0,-0.03000000000000025,2.1800000000000006,7.751187521864827
0.41,Premium,I,VVS2,59.9,58.0,-0.0600000000000005,1.9700000000000002,6.731232134192918
1.01,Ideal,E,VS1,61.5,57.0,0.02999999999999936,2.47,8.959795471772884
0.59,Very Good,F,IF,59.9,63.0,-0.02999999999999936,2.1999999999999997,7.929264953696633
1.35,Ideal,H,SI1,61.5,58.0,-0.03000000000000025,2.75,8.931102395504505
1.01,Ideal,D,SI2,61.3,54.0,0.04999999999999982,2.4799999999999995,8.469225091147221
0.23,Very Good,E,VS2,62.4,60.0,-0.020000000000000018,1.48,5.900325802904226
1.52,Good,G,SI2,63.1,58.0,-0.08999999999999986,2.7199999999999998,9.053839317062927
0.36,Very Good,G,VS1,61.4,55.0,-0.020000000000000462,1.8000000000000003,6.579161916502743
0.83,Ideal,I,SI2,61.2,59.0,-0.02999999999999936,2.3599999999999994,7.82550256384807
0.71,Premium,D,SI2,61.7,59.0,-0.040000000000000036,2.2,7.840512558402466
0.9,Good,I,SI2,60.9,63.0,-0.08000000000000007,2.45,7.995811004000106
0.31,Ideal,D,VS2,62.2,56.0,-0.040000000000000036,1.6600000000000001,6.533355049953212
0.38,Premium,I,VS2,60.2,58.0,-0.05999999999999961,1.9100000000000001,6.3483026589917975
0.32,Ideal,E,VS1,61.8,55.0,0.02999999999999936,1.6700000000000004,6.754658866656883
1.21,Premium,H,SI2,58.2,59.0,0.019999999999999574,2.9300000000000006,8.539505554414147
1.59,Very Good,I,SI2,61.6,57.0,-0.04999999999999982,2.92,9.069170582853342
0.73,Very Good,I,VS2,59.0,61.0,-0.040000000000000036,2.42,7.755006269286288
1.57,Premium,G,SI1,59.2,59.0,0.08000000000000007,3.08,9.327843249244523
0.7,Good,E,VS1,57.2,59.0,0.0600000000000005,2.5,7.978711741806994
1.23,Ideal,I,VVS2,62.0,55.0,-0.02999999999999936,2.63,8.940225383359614
1.05,Ideal,F,VS2,62.8,57.0,0.03000000000000025,2.3900000000000006,8.834010603946227
0.7,Premium,D,SI1,62.6,58.0,0.07000000000000028,2.07,7.827587864934332
1.53,Very Good,H,SI2,61.2,55.9,-0.03000000000000025,2.9000000000000004,9.108003651775022
1.54,Very Good,G,IF,59.4,60.0,-0.0600000000000005,3.1100000000000003,9.615636986791854
1.22,Very Good,G,SI1,62.1,58.0,-0.04999999999999982,2.63,8.841290479174596
1.0,Premium,E,VS2,61.8,62.0,0.02999999999999936,2.45,8.736168242268826
0.52,Very Good,F,VS2,61.1,56.0,-0.03000000000000025,2.0500000000000003,7.401486643831975
1.06,Ideal,H,SI2,60.1,59.0,-0.08999999999999986,2.69,8.42017975631189
0.28,Ideal,I,VVS2,62.2,55.0,-0.03000000000000025,1.6100000000000003,6.214265296195999
0.25,Very Good,F,VVS2,59.4,57.0,-0.020000000000000462,1.6800000000000002,6.215580790204684
0.3,Premium,E,SI2,61.9,58.0,0.02999999999999936,1.62,6.254444764847887
0.74,Ideal,F,VVS1,60.9,57.0,-0.03000000000000025,2.3000000000000003,8.351964469212994
0.5,Ideal,G,IF,60.8,54.0,-0.009999999999999787,2.04,7.524156550221588
0.31,Ideal,D,VS1,62.1,56.0,-0.0600000000000005,1.6700000000000004,6.578237191650489
0.32,Premium,E,VS2,60.5,59.0,-0.040000000000000036,1.7599999999999998,6.495737650734701
0.7,Good,H,VS2,59.7,57.0,-0.04999999999999982,2.3499999999999996,7.765606896331065
0.3,Premium,I,VVS1,62.2,58.0,-0.02999999999999936,1.6399999999999997,6.3219123121184335
0.41,Ideal,H,VVS1,62.7,54.0,-0.009999999999999787,1.79,6.911831149772556
0.31,Good,E,SI1,63.7,57.0,0.019999999999999574,1.5499999999999998,6.415502514080667
0.36,Premium,D,SI1,61.4,58.0,0.03000000000000025,1.7499999999999996,6.690412807865523
0.7,Very Good,F,VS2,62.3,58.0,-0.08000000000000007,2.1799999999999997,7.811075741206897
0.27,Very Good,D,VS1,60.4,59.0,-0.04999999999999982,1.6800000000000002,6.218623803101782
0.97,Ideal,G,SI2,62.7,57.0,0.02999999999999936,2.33,8.134908902378784
0.79,Very Good,F,SI1,62.9,57.0,-0.08000000000000007,2.2300000000000004,7.998911916053344
1.07,Ideal,G,VS1,61.8,55.0,0.040000000000000036,2.49,8.93168972818174
1.51,Very Good,E,SI2,61.2,58.0,-0.04999999999999982,2.869999999999999,9.166068866720488
1.59,Very Good,D,SI1,62.8,54.0,-0.05000000000000071,2.8000000000000007,9.44238097089354
1.29,Very Good,G,SI2,63.3,61.0,0.040000000000000036,2.4799999999999995,8.671489708194128
0.3,Good,I,SI2,63.3,56.0,-0.040000000000000036,1.5899999999999999,5.878735758435703
1.1,Very Good,F,VS2,61.1,57.0,-0.05999999999999961,2.63,8.907094293353353
0.78,Ideal,D,VS2,61.9,56.0,-0.020000000000000462,2.2600000000000002,8.188821199221278
1.5,Good,D,SI2,63.4,59.0,-0.04999999999999982,2.67,9.11978541524596
1.07,Very Good,H,VVS2,61.3,56.0,-0.04999999999999982,2.5599999999999996,8.835674354566866
0.35,Ideal,E,VS2,61.7,56.0,-0.040000000000000036,1.7599999999999998,6.59067369216679
0.54,Very Good,H,VS2,62.6,58.0,-0.03000000000000025,1.9500000000000002,7.168899676676235
0.3,Very Good,H,SI1,63.4,58.0,0.03000000000000025,1.5299999999999998,6.199610029552163
1.7,Good,I,SI2,63.6,59.0,0.10000000000000053,2.7199999999999998,9.100028729280815
0.29,Ideal,F,VVS1,61.1,57.0,-0.03000000000000025,1.6800000000000002,6.5157473601586
1.7,Very Good,I,SI1,61.9,62.0,-0.0600000000000005,2.91,9.301086204413254
1.6,Premium,H,SI1,62.1,60.0,0.04999999999999982,2.83,9.289088902977419
1.35,Good,I,SI2,57.9,60.0,0.040000000000000036,3.0599999999999996,8.625091416814925
0.32,Ideal,I,VVS1,61.4,56.0,-0.020000000000000462,1.7200000000000002,6.4561588822066796
0.31,Premium,G,VS2,62.6,57.0,0.020000000000000462,1.5999999999999996,6.5641639042604725
0.41,Ideal,E,VVS2,61.8,57.0,0.04999999999999982,1.7999999999999998,7.113329075032266
0.32,Ideal,E,VVS2,61.2,57.0,-0.03000000000000025,1.7200000000000002,6.694877271224285
0.36,Ideal,D,SI2,62.0,56.0,0.040000000000000036,1.7199999999999998,6.508296831354246
0.7,Fair,G,VS2,64.9,57.0,0.009999999999999787,1.94,7.656715915552345
1.07,Premium,G,SI2,62.9,59.0,0.07000000000000028,2.3899999999999997,8.362656405284923
1.19,Very Good,D,VVS1,59.4,56.0,-0.04999999999999982,2.8600000000000003,9.516667796746088
0.9,Good,G,SI2,61.8,56.0,-0.04999999999999982,2.37,8.117254347777656
0.31,Ideal,H,VVS2,62.4,57.0,-0.040000000000000036,1.6500000000000004,6.442706559639948
0.31,Ideal,D,SI1,60.8,56.0,-0.04999999999999982,1.73,6.375719668483765
1.52,Fair,H,SI2,64.9,58.0,0.03000000000000025,2.49,8.960595451847833
2.0,Fair,G,SI2,65.1,54.0,0.05999999999999961,2.71,9.434346991246333
1.14,Premium,G,SI1,63.0,59.0,0.05999999999999961,2.4299999999999997,8.626767281274594
0.42,Ideal,F,VS1,60.9,57.0,-0.040000000000000036,1.92,6.892140818382403
0.72,Ideal,I,VVS1,62.9,57.0,-0.08999999999999986,2.1699999999999995,7.833585645323155
0.61,Good,E,I1,63.4,57.1,-0.05999999999999961,2.01,6.96336572260224
0.71,Ideal,F,SI1,61.5,56.0,-0.0699999999999994,2.2399999999999998,7.951980204898656
0.66,Good,F,VS2,61.5,60.8,-0.04999999999999982,2.1699999999999995,7.656314463925567
0.31,Ideal,J,VVS1,62.4,54.0,-0.02999999999999936,1.6499999999999995,6.340217555321156
0.36,Ideal,D,SI1,61.5,56.0,0.08000000000000007,1.7299999999999995,6.702231234332776
0.35,Ideal,E,SI2,61.7,56.0,0.019999999999999574,1.7300000000000004,6.440622005000245
0.7,Very Good,G,VS1,63.1,57.0,0.08999999999999986,2.0400000000000005,7.797566790793904
0.3,Good,J,VS1,63.4,57.0,-0.02999999999999936,1.5699999999999998,5.999965600054988
0.97,Premium,G,SI2,61.3,57.0,0.04999999999999982,2.43,8.123720261319576
1.04,Premium,F,SI1,62.5,60.0,0.03000000000000025,2.3999999999999995,8.560391738986922
1.0,Premium,F,SI1,62.1,59.0,-0.02999999999999936,2.4299999999999997,8.514494751191052
1.25,Ideal,F,VS1,61.7,56.0,0.009999999999999787,2.6500000000000004,9.245365170367533
1.5,Good,H,SI1,64.3,60.0,0.09000000000000075,2.5199999999999996,9.128574841943506
1.52,Premium,H,VVS2,61.2,58.0,0.07000000000000028,2.8500000000000005,9.354783111996975
1.09,Premium,D,SI2,60.3,60.0,0.0699999999999994,2.6000000000000005,8.482598298268533
0.51,Very Good,D,SI1,62.3,63.0,0.04999999999999982,1.8800000000000003,7.172757188266474
0.92,Very Good,G,SI1,63.8,57.0,-0.03000000000000025,2.24,8.242314434085504
1.05,Very Good,E,SI2,63.3,57.0,0.040000000000000036,2.3600000000000003,8.397709404346585
0.62,Ideal,D,VS1,61.9,57.0,-0.08000000000000007,2.1399999999999997,7.807863812657837
0.51,Ideal,F,SI1,61.1,55.0,0.05999999999999961,1.9900000000000002,7.22148157130944
0.33,Ideal,G,VS1,61.6,57.0,-0.03000000000000025,1.7400000000000002,6.4941673641310835
0.32,Premium,G,VVS1,58.1,59.0,0.040000000000000036,1.87,6.784481176111408
0.24,Very Good,F,VS1,62.5,58.0,-0.009999999999999787,1.4899999999999998,6.138748919677949
0.35,Good,G,SI1,63.4,56.0,-0.040000000000000036,1.6600000000000001,6.292274120079467
1.96,Premium,H,SI2,60.4,62.0,0.05999999999999961,3.1100000000000003,9.498559069411002
0.5,Ideal,E,VVS2,61.7,55.7,-0.03000000000000025,1.9900000000000002,7.519955582651039
1.0,Good,F,SI1,60.1,65.0,-0.040000000000000036,2.5800000000000005,8.513223545067353
1.11,Ideal,H,SI2,60.9,56.0,-0.020000000000000462,2.6400000000000006,8.455470230730635
1.52,Very Good,D,VS2,62.4,58.0,-0.04999999999999982,2.75,9.58185018914334
0.81,Very Good,E,SI1,61.9,60.0,-0.08000000000000007,2.29,8.088966359785713
0.5,Fair,F,SI1,64.7,57.0,0.04999999999999982,1.7300000000000004,6.95321649791197
1.04,Premium,G,VS1,62.0,56.0,0.07000000000000028,2.4299999999999997,8.803033829333767
0.26,Ideal,F,VVS1,61.6,57.0,-0.019999999999999574,1.5799999999999996,6.433769027314439
2.25,Ideal,I,SI2,60.5,56.0,-0.049999999999998934,3.389999999999999,9.661456943777623
1.02,Very Good,E,SI2,62.9,56.0,-0.0699999999999994,2.41,8.42766214973768
0.34,Ideal,E,VVS1,62.0,56.0,-0.03999999999999915,1.7299999999999995,6.894378605857601
1.01,Premium,I,SI2,62.1,59.0,0.03000000000000025,2.4099999999999997,8.223575021486884
0.34,Very Good,E,SI1,63.2,55.0,0.03000000000000025,1.63,6.569111554550971
0.7,Good,D,SI2,58.2,63.0,-0.04999999999999982,2.45,7.709877897057644
0.4,Premium,D,SI2,61.7,58.0,0.04999999999999982,1.7800000000000002,6.645255390999735
0.9,Very Good,G,VS2,62.7,59.0,-0.07000000000000028,2.3200000000000003,8.386793285215607
0.53,Premium,D,VS1,60.0,61.0,0.040000000000000036,2.09,7.640488606379987
1.53,Good,F,VS1,60.8,61.0,-0.08000000000000007,2.92,9.594111056779772
0.71,Ideal,E,SI1,61.7,56.0,-0.02999999999999936,2.2199999999999998,7.987768065605557
0.31,Premium,H,VVS2,62.3,60.0,-0.05000000000000071,1.6600000000000001,6.434639240353537
0.31,Premium,E,VVS1,61.3,58.0,-0.02999999999999936,1.7099999999999995,6.770462160222551
0.23,Ideal,H,VS2,62.3,53.0,-0.03000000000000025,1.5100000000000002,5.94885199007189
1.51,Very Good,F,VS2,62.5,58.0,-0.15000000000000036,2.8100000000000005,9.534121442828134
0.31,Very Good,H,VS2,63.1,57.0,0.05000000000000071,1.5599999999999996,6.379239226203822
0.9,Good,F,SI1,64.0,59.0,-0.020000000000000462,2.16,8.182903946090208
0.7,Premium,H,VS1,60.2,56.0,0.07000000000000028,2.25,7.823218561165212
0.42,Ideal,F,VS1,61.3,57.0,0.04999999999999982,1.8399999999999999,6.98577844162553
0.41,Premium,I,VVS2,62.4,60.0,0.03000000000000025,1.7600000000000002,6.809706887713052
0.52,Very Good,G,VS1,63.8,58.0,-0.03000000000000025,1.8499999999999996,7.347803928560064
0.31,Very Good,G,VS2,62.6,57.0,-0.020000000000000462,1.62,6.33257524195029
0.42,Ideal,H,IF,61.7,55.0,0.019999999999999574,1.8400000000000003,7.081316159355243
1.03,Ideal,G,SI1,62.4,57.0,-0.04999999999999982,2.4699999999999998,8.579325152542005
0.51,Premium,E,VS2,60.6,60.0,0.009999999999999787,2.0400000000000005,7.421945474407149
0.36,Premium,E,VS2,61.8,58.0,0.05000000000000071,1.7099999999999995,6.80169102266897
0.9,Very Good,F,VS2,61.2,59.0,-0.05999999999999961,2.4499999999999997,8.466773237743796
1.22,Premium,I,VS2,60.1,58.0,-0.08000000000000007,2.8200000000000003,8.752225509821953
1.24,Good,G,VS2,61.3,57.0,-0.09999999999999964,2.6899999999999995,9.004958301437922
0.65,Ideal,E,VS1,61.4,59.0,-0.040000000000000036,2.16,7.840627968785051
1.12,Premium,E,SI2,62.4,58.0,-0.04999999999999982,2.51,8.483957906344077
1.08,Premium,D,SI2,62.1,58.0,0.03000000000000025,2.49,8.475689356097831
0.9,Premium,I,SI2,60.6,60.0,0.04999999999999982,2.4400000000000004,7.991727986638971
1.04,Very Good,H,VS2,60.4,56.0,-0.040000000000000036,2.6199999999999997,8.607361172040045
0.3,Ideal,H,VVS1,62.5,53.8,-0.020000000000000462,1.6400000000000001,6.410762749153608
0.62,Premium,E,VVS2,60.7,60.0,0.08000000000000007,2.11,7.878794026360364
0.31,Ideal,H,VS1,62.1,54.0,-0.07000000000000028,1.6800000000000002,6.311667430052613
0.9,Very Good,G,VS2,61.5,60.0,-0.03000000000000025,2.3800000000000003,8.401559505331328
1.21,Ideal,J,VS2,62.2,57.0,-0.040000000000000036,2.59,8.610313500524786
1.0,Very Good,F,IF,63.9,56.0,-0.03000000000000025,2.3,9.102963890713223
0.78,Very Good,D,SI1,62.4,58.0,-0.040000000000000036,2.2300000000000004,8.05163188990333
2.01,Very Good,H,SI2,63.4,56.0,0.09999999999999964,2.8900000000000006,9.561566485797142
0.3,Ideal,D,VS1,61.0,58.0,-0.0600000000000005,1.7200000000000002,6.418524190407801
0.41,Very Good,F,SI1,63.1,59.0,0.04999999999999982,1.7200000000000002,6.738846411896123
1.56,Good,I,SI1,64.0,57.0,0.040000000000000036,2.6100000000000003,9.089250930770469
0.71,Ideal,F,SI1,61.3,56.0,-0.05999999999999961,2.2600000000000002,7.962718272349493
0.43,Ideal,H,VS2,62.5,56.0,-0.040000000000000036,1.8299999999999996,6.679149128790607
0.89,Premium,H,SI2,62.2,59.0,0.019999999999999574,2.3200000000000003,7.918753728812956
0.53,Ideal,H,VS2,61.4,56.0,-0.03000000000000025,2.0300000000000002,7.227120016389177
1.7,Premium,I,VS2,62.2,58.0,0.05000000000000071,2.8599999999999994,9.368610513770825
0.3,Ideal,H,VVS1,61.9,58.0,-0.020000000000000462,1.6400000000000001,6.411915627755995
0.7,Ideal,I,SI1,61.6,56.0,-0.019999999999999574,2.2,7.628543351013725
0.31,Very Good,D,SI1,62.9,56.0,-0.03000000000000025,1.6199999999999997,6.325849444752239
1.12,Ideal,G,VS2,62.1,57.0,-0.03000000000000025,2.5199999999999996,8.867324197572374
0.53,Very Good,D,SI2,62.9,54.0,-0.040000000000000036,1.9299999999999997,7.082461313942512
1.74,Ideal,H,SI1,61.9,55.0,-0.03000000000000025,2.96,9.451691329469089
0.59,Very Good,F,VVS2,63.5,59.0,-0.019999999999999574,1.94,7.669191127427001
1.04,Premium,H,SI1,60.4,59.0,0.040000000000000036,2.5799999999999996,8.480757941392019
1.51,Ideal,G,VS1,60.6,57.0,0.10000000000000053,2.88,9.553484753953338
0.91,Fair,F,SI2,64.9,56.0,0.03000000000000025,2.11,7.972240585783543
0.7,Ideal,G,VS1,61.2,57.0,-0.040000000000000036,2.24,7.934463456618474
0.26,Ideal,H,VS1,62.2,55.0,-0.009999999999999787,1.5499999999999998,6.1267830760312965
0.43,Very Good,E,I1,58.4,62.0,-0.05999999999999961,2.1,6.560433891709296
0.9,Premium,H,SI2,59.2,60.0,0.05999999999999961,2.5300000000000002,8.070526732353398
0.3,Premium,I,IF,60.5,59.0,0.019999999999999574,1.7000000000000002,6.517932702162297
0.4,Premium,H,VS1,61.8,59.2,-0.020000000000000462,1.8200000000000003,6.643407005510787
0.3,Premium,J,SI2,59.3,61.0,0.04999999999999982,1.77,5.971027358762165
1.23,Premium,H,VS2,60.6,59.0,0.05000000000000071,2.6999999999999993,8.837617003805034
0.3,Ideal,E,VVS2,61.3,54.0,-0.03000000000000025,1.7000000000000002,6.486770258327669
0.92,Premium,H,SI1,60.7,59.0,0.08999999999999986,2.43,8.212439673749902
0.71,Good,G,SI1,64.1,58.0,-0.03000000000000025,2.03,7.709403386179129
0.82,Ideal,E,SI2,60.9,56.0,-0.0600000000000005,2.41,8.059121567695373
1.01,Fair,F,SI1,65.9,58.0,0.0600000000000005,2.0599999999999996,8.362282992699665
0.39,Very Good,I,VVS2,62.7,58.0,-0.019999999999999574,1.75,6.651914447929986
0.56,Premium,E,VS1,62.6,58.0,-0.04999999999999982,1.9900000000000002,7.573041929632947
0.3,Very Good,G,VS2,61.7,56.0,-0.02999999999999936,1.6799999999999997,6.220376951999502
0.57,Premium,F,VS1,61.3,54.0,0.0600000000000005,2.05,7.6289960596407
0.7,Ideal,F,VVS1,62.4,55.0,-0.08000000000000007,2.17,8.125484646585209
0.74,Very Good,E,SI1,63.5,56.0,-0.04999999999999982,2.13,7.899366729463103
0.63,Ideal,E,VVS2,61.6,57.0,0.02999999999999936,2.1,7.956923765654744
0.24,Very Good,E,VVS2,58.5,59.0,-0.04999999999999982,1.71,6.1644596190072125
0.35,Ideal,E,VS1,62.3,56.0,-0.019999999999999574,1.7099999999999995,6.6648647001647765
1.13,Ideal,E,VS2,61.7,57.0,-0.040000000000000036,2.58,9.015050204172267
1.57,Premium,H,VS1,59.8,60.0,0.07000000000000028,3.0199999999999996,9.332922179054812
0.41,Ideal,E,VS1,60.8,56.0,0.040000000000000036,1.8699999999999997,7.007713326753997
0.51,Ideal,G,VS1,62.1,55.0,-0.03000000000000025,1.9699999999999998,7.332957204361267
1.22,Ideal,H,VS2,61.9,55.0,0.04999999999999982,2.59,8.865302336030183
0.5,Ideal,E,VS2,62.2,56.0,0.009999999999999787,1.9300000000000002,7.266474124857877
0.54,Ideal,G,VS1,62.1,55.1,-0.03000000000000025,2.0000000000000004,7.429992083262452
0.7,Very Good,E,VS1,62.2,55.0,-0.019999999999999574,2.15,7.9564453504685
2.1,Ideal,H,VS2,62.5,57.0,0.030000000000001137,3.0599999999999996,9.678459246409446
0.4,Ideal,I,VS2,62.3,54.0,-0.02999999999999936,1.8099999999999996,6.5055150217430455
1.42,Premium,H,SI1,62.3,58.0,-0.040000000000000036,2.7200000000000006,9.007018921720698
0.33,Ideal,H,VS1,61.5,56.0,-0.02999999999999936,1.7299999999999995,6.381043645036631
1.16,Ideal,G,SI2,61.5,54.0,-0.03000000000000025,2.62,8.54329097712412
0.33,Ideal,D,VS2,60.3,55.0,0.019999999999999574,1.7799999999999998,6.7498442503786675
0.76,Very Good,G,SI1,62.6,56.0,-0.040000000000000036,2.22,7.911144266859706
0.33,Ideal,I,VS2,62.4,56.0,-0.040000000000000036,1.6799999999999997,6.204091524866384
2.01,Very Good,G,SI1,63.1,59.0,0.049999999999998934,2.9300000000000006,9.693808816868064
0.3,Ideal,H,SI1,62.4,55.0,-0.020000000000000462,1.6300000000000003,6.086207878068138
0.9,Good,G,SI1,62.8,59.0,-0.040000000000000036,2.29,8.20180631347044
1.59,Ideal,I,SI1,60.2,57.0,-0.16000000000000014,3.12,9.18519904478367
0.44,Very Good,H,VVS1,63.1,56.0,-0.040000000000000036,1.81,6.942126704790073
0.72,Ideal,I,VS1,61.4,58.0,-0.03999999999999915,2.2399999999999998,7.796059132115292
1.21,Very Good,J,VS1,60.9,60.0,-0.03000000000000025,2.71,8.65325177465314
0.43,Ideal,F,VVS2,61.4,56.0,-0.03000000000000025,1.9000000000000004,7.073769750086662
0.73,Good,E,VS2,63.3,60.0,-0.0600000000000005,2.1200000000000006,7.943125543283975
0.54,Ideal,G,VS1,61.3,57.0,0.03000000000000025,2.02,7.491645254678848
0.3,Ideal,D,SI1,61.9,55.0,-0.040000000000000036,1.6699999999999995,6.255268801404395
0.43,Ideal,F,IF,60.9,57.0,0.02999999999999936,1.8900000000000001,7.2343522451664795
1.2,Very Good,J,SI1,60.5,59.0,-0.04999999999999982,2.7199999999999998,8.453795390272044
2.1,Fair,G,SI2,65.0,56.0,0.10999999999999943,2.7700000000000005,9.492727998221703
1.23,Ideal,F,VVS2,61.8,56.0,0.04999999999999982,2.5999999999999996,9.390877123845295
1.51,Ideal,H,VS2,62.6,57.0,0.040000000000000036,2.7300000000000004,9.291967167751844
1.62,Ideal,F,SI1,62.7,56.0,0.05999999999999961,2.7600000000000007,9.440137811575772
0.9,Fair,D,SI1,65.7,65.0,0.11999999999999922,2.0000000000000004,8.188628125624835
0.71,Good,G,SI1,63.9,56.0,0.03000000000000025,2.01,7.725637839848916
0.72,Ideal,D,SI1,61.6,55.0,-0.04999999999999982,2.2399999999999998,8.020712009867493
0.38,Ideal,D,SI2,61.1,56.0,0.05999999999999961,1.7900000000000005,6.540055663799895
1.5,Very Good,H,SI1,62.9,56.0,-0.08999999999999986,2.75,9.222139281583916
0.3,Ideal,E,VVS2,62.3,56.0,-0.040000000000000036,1.65,6.486770258327669
0.9,Premium,E,SI1,63.0,59.0,0.03000000000000025,2.2499999999999996,8.300542775449312
0.7,Fair,H,VS1,59.6,66.0,0.05999999999999961,2.3000000000000003,7.789364528008539
0.61,Very Good,E,IF,61.7,58.0,-0.08000000000000007,2.1199999999999997,7.988012541592546
1.66,Ideal,F,SI2,62.6,59.0,-0.040000000000000036,2.84,9.29307475356699
1.02,Ideal,J,VS2,62.0,56.0,-0.03000000000000025,2.46,8.413742140091617
1.41,Very Good,J,VS1,59.4,59.0,-0.040000000000000036,3.01,8.8805350338366
0.51,Ideal,G,VS1,62.5,57.0,-0.019999999999999574,1.9199999999999995,7.31596238243261
1.63,Premium,G,SI1,61.0,59.0,0.05999999999999961,2.9400000000000004,9.40168288467506
0.9,Very Good,E,SI2,63.2,59.0,-0.05000000000000071,2.2800000000000002,8.182907609865534
1.12,Premium,H,SI1,61.6,59.0,0.040000000000000036,2.5300000000000002,8.534503760053713
1.02,Very Good,G,SI1,62.0,57.0,-0.08999999999999986,2.5,8.556986393785982
1.09,Premium,G,VS2,61.7,58.0,0.0699999999999994,2.4800000000000004,8.812477448235043
0.6,Ideal,F,VS2,60.9,55.0,-0.019999999999999574,2.17,7.590830404617676
0.35,Premium,F,SI1,62.3,58.0,-0.040000000000000036,1.7200000000000002,6.401582221364482
0.5,Very Good,H,VS1,61.6,57.0,-0.019999999999999574,1.98,7.061930642253447
0.27,Ideal,F,VS2,61.9,54.0,-0.020000000000000462,1.5900000000000003,6.226195438864814
0.24,Premium,I,VS1,62.5,57.0,0.03000000000000025,1.4699999999999998,6.18103956641397
0.91,Very Good,D,SI2,63.9,56.0,-0.03000000000000025,2.21,8.217842454086778
1.7,Premium,H,VS2,61.9,60.0,0.040000000000000036,2.87,9.46176222395284
1.05,Very Good,D,SI1,59.3,59.0,-0.0600000000000005,2.74,8.654850729019577
1.51,Premium,H,SI2,63.0,59.0,0.09999999999999964,2.62,9.011916601281783
1.5,Very Good,H,VS1,63.3,59.0,0.05000000000000071,2.59,9.297956149229993
1.52,Very Good,G,SI1,62.4,60.0,-0.08999999999999986,2.79,9.31625872351459
0.3,Very Good,F,VVS2,62.4,58.0,-0.03000000000000025,1.62,6.387666397226766
1.07,Ideal,G,VS2,63.0,55.0,0.04999999999999982,2.3899999999999997,8.816559081066293
0.9,Premium,F,SI1,59.9,59.0,0.03000000000000025,2.5,8.307607011013769
0.8,Very Good,F,VS2,63.3,59.8,-0.040000000000000036,2.15,8.084304470194818
1.54,Very Good,I,VVS2,62.7,57.0,-0.08000000000000007,2.8,9.234556943749906
1.12,Ideal,G,VVS2,61.6,55.0,-0.0600000000000005,2.6100000000000003,9.098193954639187
1.11,Good,I,VS1,59.2,64.0,0.03000000000000025,2.75,8.599936636312457
0.42,Ideal,E,VVS2,62.3,55.0,-0.04999999999999982,1.8299999999999996,7.056686613358406
0.52,Ideal,D,VVS2,59.9,57.0,0.07000000000000028,2.07,7.8328921573616865
0.7,Very Good,E,SI1,61.3,61.0,-0.040000000000000036,2.22,7.865601415763236
0.3,Very Good,H,VVS1,63.3,55.0,0.04999999999999982,1.56,6.48107437621154
0.4,Good,D,SI2,64.0,56.0,0.0600000000000005,1.6499999999999995,6.585369691143332
1.0,Premium,F,VS2,62.4,60.0,0.03000000000000025,2.3799999999999994,8.697563948406357
0.72,Premium,H,SI1,61.5,59.0,0.040000000000000036,2.17,7.756527126204923
0.91,Good,E,SI1,63.6,57.0,0.03000000000000025,2.2099999999999995,8.27469340917673
0.91,Very Good,E,SI1,62.5,61.0,-0.09000000000000075,2.3500000000000005,8.346288017923353
0.55,Ideal,F,VS2,61.1,57.0,0.03000000000000025,2.0399999999999996,7.472348830670532
1.08,Ideal,H,SI2,61.8,55.0,-0.02999999999999936,2.5299999999999994,8.430473071586942
0.9,Ideal,G,SI1,62.6,56.0,-0.07000000000000028,2.3500000000000005,8.28028781587552
0.58,Very Good,F,VVS2,62.6,56.0,0.10000000000000053,1.9399999999999995,7.656619960188784
1.28,Good,G,SI1,57.6,62.0,0.040000000000000036,3.01,8.828148102996952
0.41,Ideal,H,VS1,61.1,56.0,-0.03000000000000025,1.9000000000000004,6.68580477851307
0.3,Premium,F,VVS2,61.1,59.0,0.03000000000000025,1.6600000000000001,6.591952728056527
1.5,Fair,H,SI1,68.0,59.0,0.2999999999999998,2.0600000000000005,8.887481379284237
1.09,Premium,D,SI1,61.6,58.0,0.040000000000000036,2.5100000000000007,8.694426271683351
1.63,Very Good,I,SI1,62.0,54.0,-0.07000000000000028,2.9399999999999995,9.225722305059232
0.7,Premium,D,VS1,62.9,59.0,0.05999999999999961,2.08,7.976844232596968
0.32,Very Good,G,VS2,62.0,59.0,-0.040000000000000036,1.69,6.353680784062963
0.54,Ideal,H,VVS1,61.7,57.0,-0.009999999999999787,2.0100000000000002,7.523405936508204
1.0,Good,D,SI1,58.5,64.0,0.040000000000000036,2.68,8.523765006572157
0.7,Premium,F,VS2,62.4,59.0,0.040000000000000036,2.11,7.804415257759561
0.81,Premium,H,VVS2,62.8,58.0,0.03000000000000025,2.1799999999999997,8.07323161592955
0.3,Premium,D,SI1,61.0,60.0,0.04999999999999982,1.6599999999999997,6.441785765993556
0.57,Ideal,E,VVS1,61.8,56.0,-0.019999999999999574,2.05,7.865848333989445
0.4,Ideal,F,VS2,63.4,54.0,0.05000000000000071,1.6899999999999995,6.900766656107267
0.53,Ideal,J,SI1,61.4,56.0,-0.03000000000000025,2.0300000000000002,6.885883509614931
1.71,Premium,G,VS1,62.7,58.0,0.040000000000000036,2.83,9.64940856591303
0.36,Very Good,E,VVS2,61.8,58.0,-0.03000000000000025,1.7600000000000002,6.77590555807895
0.3,Ideal,E,VVS1,61.8,56.0,-0.009999999999999787,1.6499999999999995,6.572963685755683
0.57,Ideal,D,VS1,61.1,57.0,-0.040000000000000036,2.1,7.69863622377284
0.56,Very Good,G,VS1,59.9,60.0,-0.040000000000000036,2.18,7.491199590056151
0.44,Good,H,SI1,63.5,57.0,-0.02999999999999936,1.7799999999999998,6.54601661864898
1.12,Ideal,G,SI2,61.5,57.0,0.0600000000000005,2.55,8.433164870161923
0.3,Ideal,E,IF,60.9,56.0,-0.020000000000000462,1.7000000000000002,6.642534033280796
1.3,Very Good,H,SI2,62.8,58.0,-0.08000000000000007,2.63,8.700706858685727
1.04,Premium,E,SI2,62.8,59.0,0.040000000000000036,2.37,8.390752227172332
0.41,Ideal,F,VS1,62.0,55.0,-0.040000000000000036,1.8399999999999994,6.859791763869344
0.64,Very Good,E,VVS2,61.8,59.0,-0.020000000000000462,2.12,7.915427783939825
1.01,Very Good,E,SI1,62.8,57.0,-0.040000000000000036,2.4000000000000004,8.58150469802828
2.29,Premium,G,SI2,60.1,58.0,0.05000000000000071,3.41,9.555240678008076
0.74,Ideal,H,VVS1,61.1,56.0,-0.07000000000000028,2.3200000000000003,8.105750881737844
0.39,Ideal,G,SI1,60.7,57.0,-0.10999999999999943,1.92,6.573605013097808
0.63,Good,I,VS2,56.1,65.0,-0.04999999999999982,2.5500000000000003,7.474062786134938
0.52,Ideal,I,VVS2,62.2,57.0,0.0699999999999994,1.9100000000000001,7.372987651901075
0.8,Very Good,E,SI1,63.1,56.0,0.09999999999999964,2.12,7.982096992151998
0.3,Very Good,G,VS1,62.8,57.0,-0.040000000000000036,1.6099999999999999,6.268991408568255
1.5,Very Good,E,VS2,59.5,58.0,-0.040000000000000036,3.04,9.524019695140277
0.4,Ideal,G,VVS1,62.0,55.0,-0.040000000000000036,1.83,6.973563896168949
1.08,Good,E,SI1,63.1,59.0,-0.040000000000000036,2.42,8.618848276045158
1.0,Ideal,H,SI1,62.6,57.0,0.03000000000000025,2.37,8.428727247207854
0.78,Ideal,E,SI1,62.7,55.0,-0.03000000000000025,2.2100000000000004,8.054069169098
0.31,Good,E,SI1,63.1,54.0,-0.03000000000000025,1.6099999999999999,6.269027293317912
1.6,Very Good,E,SI2,62.0,57.0,-0.07000000000000028,2.8899999999999997,9.245077448162858
0.5,Premium,E,VS1,61.9,59.0,0.019999999999999574,1.9300000000000002,7.334218902202252
0.53,Premium,G,SI1,61.3,58.0,-0.04999999999999982,2.03,7.164894396224857
0.83,Very Good,E,SI1,63.8,54.0,-0.08000000000000007,2.21,8.100632628803524
0.32,Ideal,H,VS1,61.8,53.0,-0.019999999999999574,1.6999999999999997,6.3466964250322135
0.41,Good,G,SI2,63.6,54.0,-0.040000000000000036,1.7400000000000002,6.428535893198165
1.51,Premium,F,SI1,62.8,59.0,0.02999999999999936,2.7,9.301778470043528
1.23,Ideal,E,SI2,62.1,55.0,0.07000000000000028,2.5700000000000003,8.696142140878786
1.05,Very Good,I,SI1,63.5,58.0,0.03000000000000025,2.34,8.389593535598074
2.01,Good,I,VS2,65.0,57.0,-0.14000000000000057,2.84,9.61291113514687
0.36,Ideal,D,SI1,60.3,56.0,-0.040000000000000036,1.8600000000000003,6.522883165300248
0.72,Very Good,H,SI2,62.6,53.0,-0.03000000000000025,2.1700000000000004,7.644519601616931
0.54,Ideal,E,VS1,62.0,56.0,0.08000000000000007,1.94,7.56769674410447
1.02,Ideal,F,SI2,60.7,56.0,0.03000000000000025,2.55,8.411610714299433
0.32,Premium,F,VVS1,61.3,58.0,-0.03000000000000025,1.7100000000000004,6.752058096438121
0.51,Very Good,D,SI1,62.2,58.0,-0.03000000000000025,1.9400000000000004,7.1307468945030665
0.24,Very Good,F,VVS1,59.2,59.0,-0.03000000000000025,1.6700000000000004,6.269132803936916
0.71,Premium,H,SI2,62.7,57.0,0.07000000000000028,2.0799999999999996,7.589043731415093
0.33,Good,H,VS2,63.8,55.0,-0.040000000000000036,1.6200000000000006,6.261935258071958
1.06,Ideal,G,VS1,61.2,56.0,-0.0600000000000005,2.59,8.937366295039736
0.57,Premium,D,VS1,60.6,59.0,0.05999999999999961,2.08,7.70136358698518
0.3,Very Good,H,VS2,60.9,61.0,-0.03000000000000025,1.69,6.136815502276177
0.71,Good,I,VS1,63.3,56.0,-0.040000000000000036,2.1000000000000005,7.728238832026104
1.31,Good,I,VS1,64.3,58.7,-0.03000000000000025,2.46,8.815901032035725
0.52,Premium,G,SI1,62.8,61.0,0.02999999999999936,1.8900000000000001,7.154547189206842
0.51,Very Good,E,VS2,63.3,55.0,0.03000000000000025,1.8599999999999999,7.343026281398753
0.9,Very Good,G,VS2,63.1,56.0,0.09999999999999964,2.2,8.357967023720937
1.3,Ideal,G,VS1,62.0,55.0,0.03999999999999915,2.6400000000000006,9.187569665499765
1.55,Premium,H,SI2,58.0,60.0,0.03000000000000025,3.17,9.017649045708543
0.5,Premium,F,VVS2,62.3,58.0,-0.05000000000000071,1.9400000000000004,7.414165683018861
0.71,Ideal,G,VS1,62.7,57.0,-0.040000000000000036,2.1500000000000004,7.9429251247486645
0.51,Very Good,F,VVS2,62.0,55.0,-0.02999999999999936,1.9699999999999998,7.5411932701513225
0.77,Very Good,F,VVS1,61.1,57.0,-0.03000000000000025,2.3200000000000003,8.386019909898225
0.52,Very Good,D,SI1,63.3,58.0,0.03000000000000025,1.87,7.257467518341542
0.57,Ideal,E,VS2,62.1,55.0,0.040000000000000036,2.0100000000000002,7.558936509394655
0.43,Ideal,G,SI2,61.3,56.0,0.019999999999999574,1.88,6.621289104792788
0.25,Very Good,E,VVS2,63.1,56.0,0.04999999999999982,1.46,6.345024313231073
0.31,Very Good,F,SI2,63.0,58.0,-0.020000000000000462,1.62,6.114168511920813
1.11,Ideal,I,SI2,61.6,54.0,-0.05999999999999961,2.5999999999999996,8.394973005066392
0.41,Good,F,SI1,64.4,56.0,-0.02999999999999936,1.69,6.58361102611099
1.03,Ideal,G,VS1,61.4,55.0,-0.03000000000000025,2.5300000000000002,8.863708983507957
0.43,Premium,F,SI2,60.2,60.0,-0.0600000000000005,1.9700000000000002,6.630134368267329
0.53,Very Good,J,VS2,60.9,59.0,-0.0699999999999994,2.0799999999999996,7.0247874851405605
0.3,Premium,I,SI1,61.9,61.0,0.020000000000000462,1.6199999999999997,6.179864448750389
1.19,Premium,H,VS2,62.6,56.0,0.04999999999999982,2.51,8.77690341808769
0.32,Premium,G,VS1,61.0,59.0,0.040000000000000036,1.6999999999999997,6.624105842722632
0.4,Ideal,I,SI2,61.3,56.0,-0.03000000000000025,1.8599999999999999,6.3211671052454035
0.71,Very Good,D,SI1,61.1,56.0,-0.040000000000000036,2.2600000000000002,8.003153363955352
0.58,Premium,G,VS1,59.9,58.0,0.1200000000000001,2.12,7.529771926573989
1.23,Premium,I,SI2,62.5,60.0,0.07000000000000028,2.51,8.497718605205096
0.42,Premium,G,VS2,60.6,58.0,-0.04999999999999982,1.94,6.75425809487952
0.58,Very Good,E,VS2,60.3,57.0,-0.03000000000000025,2.1700000000000004,7.524206392370382
1.18,Very Good,J,SI2,63.5,57.0,-0.0600000000000005,2.4800000000000004,8.35843709801844
0.38,Very Good,D,VVS2,60.8,55.0,-0.040000000000000036,1.8599999999999999,6.84952079859879
0.71,Premium,F,VS1,62.1,53.0,0.0699999999999994,2.14,7.994615701461249
1.01,Premium,E,VS2,62.0,59.0,-0.019999999999999574,2.46,8.80591437956015
0.54,Very Good,F,SI1,60.2,56.0,-0.10999999999999943,2.1799999999999997,7.258210828363777
0.36,Ideal,F,SI1,60.1,56.0,0.04999999999999982,1.83,6.624917511546826
0.7,Very Good,H,SI1,62.9,56.0,-0.040000000000000036,2.1199999999999997,7.66869057573384
0.3,Ideal,G,VVS1,61.7,57.0,-0.019999999999999574,1.67,6.468624575209953
0.5,Premium,G,VVS2,60.9,59.0,-0.03000000000000025,2.0100000000000002,7.377163626631404
1.01,Fair,F,SI2,58.2,61.0,-0.03999999999999915,2.7399999999999998,8.319587811765507
1.08,Ideal,G,VS2,62.5,57.0,-0.040000000000000036,2.4899999999999993,8.847257867945133
0.91,Good,E,I1,57.7,63.0,0.04999999999999982,2.65,7.7991181722828555
0.42,Ideal,F,VVS2,61.6,56.0,-0.019999999999999574,1.8699999999999997,7.015889124248423
0.33,Premium,E,VS2,61.1,59.0,0.040000000000000036,1.7200000000000002,6.700884423658814
0.3,Ideal,H,VVS2,61.5,55.0,-0.03000000000000025,1.69,6.336051652426748
0.3,Ideal,D,SI1,61.6,57.0,-0.040000000000000036,1.6700000000000004,6.255633201364373
1.08,Premium,G,SI2,60.3,58.0,0.0699999999999994,2.62,8.393096467961053
0.57,Ideal,D,SI2,61.4,56.0,-0.04999999999999982,2.09,7.260806532829646
0.31,Very Good,F,VS2,62.9,58.0,-0.040000000000000036,1.6099999999999994,6.3857882704612905
1.2,Premium,I,VS2,61.3,60.0,0.040000000000000036,2.5999999999999996,8.709350028092121
0.43,Very Good,H,SI2,60.4,56.0,-0.02999999999999936,1.9599999999999995,6.483841141775091
0.4,Very Good,J,VS2,62.9,57.0,-0.04999999999999982,1.7799999999999998,6.390462337823023
1.05,Premium,G,SI2,61.6,60.0,0.0699999999999994,2.4700000000000006,8.36638731714266
0.79,Ideal,G,VS1,62.0,56.0,-0.03000000000000025,2.2700000000000005,8.15451762335785
0.91,Premium,H,VS2,61.0,59.0,0.05000000000000071,2.4299999999999997,8.295915682572737
1.3,Ideal,G,VVS2,62.0,57.0,0.07000000000000028,2.62,9.29612428573765
0.52,Ideal,G,SI1,60.4,57.0,-0.03999999999999915,2.0999999999999996,7.173372496597985
1.2,Very Good,E,SI1,63.2,57.0,0.05999999999999961,2.4400000000000004,8.801022117687019
0.25,Very Good,D,VVS2,62.1,57.0,-0.05000000000000071,1.5600000000000005,6.252052619378023
0.44,Ideal,G,SI1,61.7,55.0,-0.03000000000000025,1.8900000000000001,6.6831292673829
1.42,Good,E,SI2,60.1,61.0,-0.09999999999999964,2.99,8.943914131146762
0.52,Ideal,G,VVS2,61.3,56.0,-0.020000000000000462,2.02,7.572960900305753
1.42,Ideal,H,SI2,62.2,56.0,0.04999999999999982,2.6900000000000004,8.866180323547495
0.3,Good,H,VS2,63.5,54.0,-0.03000000000000025,1.5799999999999996,6.125511181620682
1.02,Very Good,E,SI2,63.3,59.0,0.09999999999999964,2.29,8.349186282687619
0.32,Ideal,F,VS2,61.1,57.0,0.040000000000000036,1.7000000000000002,6.662097677054225
0.73,Very Good,E,SI1,58.6,57.0,-0.08999999999999986,2.51,7.958774639783533
1.25,Ideal,H,SI1,62.2,57.0,-0.040000000000000036,2.62,8.829724419739588
0.93,Fair,H,SI1,64.6,58.0,0.05999999999999961,2.1300000000000003,8.07626973888595
0.31,Premium,G,SI1,60.7,60.0,-0.020000000000000462,1.7200000000000002,6.231969901020351
0.85,Very Good,D,SI1,60.3,57.0,-0.1299999999999999,2.51,8.188079663383352
0.31,Ideal,G,IF,62.5,56.0,-0.040000000000000036,1.6600000000000001,6.7414354065122755
0.59,Very Good,F,SI1,63.0,56.0,-0.040000000000000036,1.9899999999999998,7.3069039429895835
0.52,Ideal,E,VS2,61.3,56.0,0.040000000000000036,1.9899999999999998,7.5158321626112965
2.01,Premium,H,SI1,58.5,58.0,0.05000000000000071,3.41,9.6479560086943
0.72,Premium,J,SI1,62.0,58.0,-0.02999999999999936,2.1999999999999997,7.541516678879833
1.24,Premium,I,VVS2,62.7,58.0,-0.040000000000000036,2.58,8.89718497379391
0.4,Premium,G,IF,59.8,58.0,-0.05999999999999961,1.9699999999999998,7.047513272426932
0.31,Premium,G,VS2,58.8,62.0,0.009999999999999787,1.8100000000000005,6.516885036939266
1.13,Ideal,H,SI1,62.0,57.0,-0.07000000000000028,2.58,8.625739884577204
0.33,Ideal,G,IF,61.9,56.0,-0.040000000000000036,1.7199999999999998,6.803615257965732
1.51,Very Good,J,SI2,62.8,59.0,-0.02999999999999936,2.71,8.872864080973525
0.91,Premium,E,VS1,62.8,60.0,0.03000000000000025,2.25,8.579856177791283
0.5,Premium,D,VS2,62.8,58.0,0.03000000000000025,1.85,7.3073730771008805
0.31,Ideal,F,VS1,62.1,56.0,0.02999999999999936,1.6300000000000003,6.685427819855565
0.44,Premium,H,SI2,59.6,60.0,0.020000000000000462,1.9699999999999998,6.5646784157341616
0.57,Ideal,E,VS2,61.3,57.0,0.08999999999999986,2.02,7.552688610460945
0.47,Ideal,H,VS2,61.7,57.0,-0.040000000000000036,1.9400000000000004,6.9209065562914684
0.56,Ideal,H,VS2,61.2,57.0,-0.040000000000000036,2.08,7.292862459912789
1.03,Ideal,G,SI2,60.4,56.0,0.02999999999999936,2.58,8.391072905826414
0.7,Good,E,VS1,61.2,58.0,-0.05999999999999961,2.2399999999999998,7.992388733291512
0.33,Ideal,E,VS2,62.3,57.0,0.02999999999999936,1.6500000000000004,6.7129964727237095
0.31,Ideal,F,IF,62.3,54.0,-0.019999999999999574,1.6599999999999997,6.797621542771598
0.47,Very Good,E,VS2,62.6,57.0,-0.03000000000000025,1.8600000000000003,7.049977650651211
1.07,Very Good,D,SI2,62.6,61.0,-0.07000000000000028,2.45,8.465227192425154
1.51,Very Good,G,SI1,59.6,60.0,-0.03000000000000025,3.0200000000000005,9.293572534593515
1.17,Ideal,G,VVS2,61.6,56.0,-0.0600000000000005,2.6500000000000004,9.156257451063695
1.22,Premium,H,SI1,62.4,58.0,0.05000000000000071,2.5299999999999994,8.722391354180413
2.0,Very Good,H,SI1,60.3,61.0,-0.0600000000000005,3.26,9.673045278306228
0.67,Good,D,SI2,64.7,55.0,-0.040000000000000036,1.9700000000000002,7.371180477583098
1.0,Good,E,SI1,63.9,57.0,-0.03000000000000025,2.3,8.52279108702108
1.01,Very Good,H,SI2,63.4,55.0,0.05999999999999961,2.2800000000000002,8.27190160486507
1.04,Ideal,H,VS2,62.2,57.0,-0.03000000000000025,2.46,8.61513226486148
0.7,Good,F,SI1,64.3,63.0,0.03000000000000025,1.9699999999999998,7.676540606242763
2.01,Very Good,J,SI1,62.4,59.0,-0.0600000000000005,3.0600000000000005,9.497049364860034
0.34,Ideal,D,VS2,60.8,57.0,-0.040000000000000036,1.7999999999999998,6.629744145472066
0.38,Ideal,E,VVS2,61.8,53.7,-0.020000000000000462,1.8000000000000003,6.858078008959191
0.4,Ideal,H,VVS2,61.4,55.7,-0.04999999999999982,1.8499999999999996,6.789988678616488
0.53,Ideal,F,VS2,61.3,55.0,-0.03000000000000025,2.04,7.412362446491299
0.57,Ideal,G,VS1,61.3,56.0,-0.020000000000000462,2.0800000000000005,7.535001448562284
0.57,Ideal,D,VS2,62.4,57.0,0.0600000000000005,1.96,7.546386620353292
0.7,Fair,G,I1,62.5,59.0,0.16999999999999993,2.0000000000000004,7.105301911561982
0.75,Very Good,G,VS2,63.3,58.0,0.03000000000000025,2.1,7.857829975994743
1.5,Ideal,D,SI1,60.3,57.0,-0.03000000000000025,2.95,9.403294469942155
1.02,Very Good,F,VS1,62.4,58.0,-0.04999999999999982,2.45,8.898969288239924
1.0,Good,F,SI1,63.4,61.0,-0.05999999999999961,2.34,8.474291869054838
0.3,Ideal,E,VS2,61.2,55.0,0.040000000000000036,1.6599999999999997,6.558972298255339
0.8,Ideal,F,VS2,62.7,54.0,-0.040000000000000036,2.23,8.190598751187741
1.07,Ideal,F,VVS2,62.3,57.0,-0.020000000000000462,2.49,9.194367187446923
1.5,Premium,E,VVS2,58.7,61.0,0.1299999999999999,3.0,9.661383211616558
0.3,Ideal,H,VS1,62.7,55.0,0.04999999999999982,1.5699999999999998,6.408244498581627
1.61,Ideal,F,SI1,62.6,58.0,-0.040000000000000036,2.8100000000000005,9.450408493599978
2.15,Ideal,H,SI2,61.8,57.0,0.0600000000000005,3.13,9.59549315613961
0.57,Ideal,G,SI2,61.6,54.0,-0.020000000000000462,2.0700000000000003,7.141878175854678
0.3,Very Good,H,VS1,63.2,58.0,0.040000000000000036,1.5399999999999996,6.319995689327749
0.54,Ideal,D,SI1,62.6,55.0,-0.040000000000000036,1.9700000000000006,7.278775960083989
0.77,Good,H,SI1,63.0,65.0,0.08000000000000007,2.1,7.727134706274108
0.43,Ideal,G,VS1,62.3,56.0,-0.02999999999999936,1.8399999999999999,6.854572407319422
1.54,Premium,E,SI1,62.7,58.0,0.07000000000000028,2.7,9.337594840706956
0.32,Ideal,F,VS2,62.3,56.0,-0.03000000000000025,1.6700000000000004,6.464411705922473
0.36,Ideal,D,VS2,62.5,55.0,-0.020000000000000462,1.7200000000000002,6.685845436783792
1.74,Premium,D,SI2,61.9,58.0,0.0600000000000005,2.9000000000000004,9.318445847151015
1.68,Very Good,F,VS2,61.1,60.0,-0.07000000000000028,3.0200000000000005,9.689344492877206
1.11,Very Good,F,VS1,60.7,55.0,-0.019999999999999574,2.6399999999999997,9.030213291433661
1.14,Ideal,G,VVS1,61.1,58.0,-0.02999999999999936,2.6399999999999997,9.175273441595216
0.79,Very Good,F,SI1,58.5,61.0,-0.04999999999999982,2.54,7.980423637089184
0.53,Ideal,G,VVS2,62.6,56.0,0.03000000000000025,1.92,7.556784661536337
1.01,Good,G,VS2,60.3,57.0,-0.04999999999999982,2.5999999999999996,8.711745788283517
0.31,Good,H,SI1,63.6,57.0,0.009999999999999787,1.5700000000000003,6.2836610303520875
1.0,Very Good,E,SI1,63.1,58.0,0.13999999999999968,2.25,8.503063982080342
0.46,Ideal,E,VVS1,62.6,53.0,-0.040000000000000036,1.8699999999999997,7.289014493887708
0.8,Ideal,F,SI2,62.4,57.0,-0.04999999999999982,2.26,7.956680384404386
1.03,Very Good,F,IF,62.8,57.0,-0.0699999999999994,2.4299999999999997,9.184810501648688
0.41,Premium,E,SI1,61.3,58.0,0.040000000000000036,1.8299999999999996,6.8122874757715035
1.05,Ideal,G,VS1,61.3,57.0,-0.07000000000000028,2.5700000000000003,8.888592406564166
0.23,Ideal,G,VVS1,60.8,57.0,-0.03000000000000025,1.58,6.249219384904395
1.01,Premium,F,VS2,61.7,58.0,-0.0600000000000005,2.5000000000000004,8.769372660678549
0.51,Good,H,SI1,63.7,56.0,-0.02999999999999936,1.8599999999999994,6.896487479647114
0.31,Ideal,G,VS2,62.9,57.0,0.03000000000000025,1.5899999999999994,6.57026492316389
0.3,Ideal,E,VS2,61.3,57.0,-0.040000000000000036,1.69,6.358182112759807
0.43,Ideal,G,SI1,61.7,55.0,0.019999999999999574,1.8600000000000003,6.781971253108316
0.31,Ideal,H,VVS2,61.4,56.0,-0.03000000000000025,1.71,6.442342159679971
0.34,Premium,E,SI1,61.9,59.0,-0.040000000000000036,1.7200000000000006,6.435139543128129
1.03,Ideal,E,SI2,62.5,56.0,0.03000000000000025,2.41,8.419524547310905
0.3,Good,G,VS1,63.6,57.0,0.02999999999999936,1.5300000000000002,6.376200978985339
0.7,Ideal,J,VS2,61.5,57.0,-0.040000000000000036,2.22,7.538123027801212
0.31,Premium,G,SI1,62.1,58.0,0.03000000000000025,1.63,6.428349340446017
0.61,Ideal,D,VVS1,62.1,56.0,-0.03000000000000025,2.08,8.10248563699189
1.73,Premium,G,VS2,61.6,58.0,0.03000000000000025,2.95,9.662004065118019
1.23,Premium,H,VS2,61.4,59.0,-0.020000000000000462,2.66,8.838696792953423
0.32,Ideal,H,VS2,62.2,57.0,-0.019999999999999574,1.6599999999999997,6.294373234580641
1.24,Very Good,G,SI1,61.8,58.0,-0.05999999999999961,2.6799999999999997,8.841290479174596
0.73,Ideal,G,SI2,61.1,57.0,-0.020000000000000462,2.2700000000000005,7.786434679563762
0.32,Very Good,E,SI1,60.4,61.0,-0.03000000000000025,1.7599999999999998,6.291490475739415
1.51,Premium,H,VS2,61.2,59.0,0.020000000000000462,2.8600000000000003,9.301955890202589
0.9,Good,G,SI1,63.8,61.0,0.040000000000000036,2.1799999999999997,8.110693988927027
0.32,Premium,I,SI1,62.7,58.0,0.03000000000000025,1.6099999999999999,6.256996895190441
0.33,Premium,D,SI1,60.1,59.0,-0.03000000000000025,1.8000000000000003,6.404768097052403
0.59,Ideal,D,VVS1,62.3,54.0,-0.02999999999999936,2.0399999999999996,8.013283110041407
0.71,Premium,F,SI1,60.7,54.0,0.040000000000000036,2.27,7.925022983605338
1.08,Premium,G,VS1,61.5,61.0,0.07000000000000028,2.5,8.895151721684442
1.14,Fair,J,SI2,64.4,55.0,0.019999999999999574,2.3200000000000003,8.23105781616183
0.7,Good,H,VVS2,63.8,57.0,0.10000000000000053,1.96,7.770335995486224
0.32,Very Good,I,VS1,63.2,54.0,0.040000000000000036,1.6,6.341673966276233
0.33,Ideal,E,VS2,61.9,56.0,0.03000000000000025,1.6799999999999997,6.7164650870474665
0.5,Ideal,D,SI2,62.8,56.0,0.02999999999999936,1.8600000000000003,6.940208840956487
1.08,Premium,D,SI1,62.8,58.0,0.11000000000000032,2.3899999999999997,8.66925537168134
0.8,Very Good,E,VVS2,62.8,57.0,-0.020000000000000462,2.22,8.421997040915462
0.5,Very Good,E,VVS2,61.5,60.0,-0.040000000000000036,1.9700000000000002,7.4601447730077215
1.51,Very Good,G,VS2,62.1,57.0,0.04999999999999982,2.8200000000000003,9.469217985218418
0.77,Ideal,F,SI2,62.0,56.0,0.05999999999999961,2.2100000000000004,7.858024982109772
0.31,Premium,E,VS2,60.8,55.0,0.03000000000000025,1.7099999999999995,6.6863100620430975
0.57,Premium,F,VS2,60.4,60.0,0.05000000000000071,2.0899999999999994,7.492764780227391
1.7,Very Good,H,VS2,63.3,57.0,0.04999999999999982,2.75,9.438350800952277
1.2,Premium,E,VVS1,60.6,60.0,0.10000000000000053,2.67,9.474901150123642
0.33,Ideal,D,VS2,61.8,55.0,-0.010000000000000675,1.7000000000000002,6.577217159565725
0.42,Very Good,D,SI1,63.0,57.0,-0.040000000000000036,1.7899999999999996,6.704090002142346
1.23,Ideal,F,VVS2,63.0,55.0,0.09999999999999964,2.4800000000000004,9.370005876372899
0.34,Good,E,SI1,63.9,56.0,0.040000000000000036,1.5900000000000003,6.49474322669791
0.28,Very Good,E,VS1,60.9,59.0,-0.02999999999999936,1.6599999999999997,6.2150144417282425
2.01,Very Good,J,SI2,61.0,57.0,-0.05000000000000071,3.1900000000000004,9.494901986934845
0.32,Ideal,G,VVS1,61.4,57.0,-0.040000000000000036,1.7300000000000004,6.680587996136729
0.9,Premium,G,VS2,62.8,60.0,0.05999999999999961,2.24,8.358379255129838
0.43,Ideal,G,VVS1,60.5,57.0,0.05999999999999961,1.9000000000000004,7.10733726527201
0.56,Ideal,E,VS1,62.7,56.0,-0.040000000000000036,1.9899999999999998,7.582975387902636
0.41,Ideal,F,IF,61.7,56.0,-0.040000000000000036,1.8599999999999999,7.134448901234234
0.5,Premium,E,SI2,61.0,62.0,0.040000000000000036,1.9699999999999998,6.931279092519128
0.51,Ideal,G,VVS2,61.9,55.0,-0.040000000000000036,1.9900000000000002,7.506010555677282
0.38,Ideal,F,VVS2,62.0,54.1,-0.019999999999999574,1.7799999999999998,6.8172805198492075
0.31,Ideal,D,VVS2,62.2,54.0,-0.040000000000000036,1.67,6.696091419259255
1.51,Ideal,I,SI1,62.7,57.0,0.04999999999999982,2.71,9.09778875014023
0.58,Ideal,F,VVS2,61.8,56.0,-0.040000000000000036,2.08,7.755509226477134
1.02,Ideal,H,SI1,58.8,57.0,0.0600000000000005,2.6999999999999997,8.488993642526141
1.01,Good,G,VS1,62.7,57.0,-0.08999999999999986,2.42,8.767472180290559
0.52,Ideal,E,SI1,61.4,57.0,-0.02999999999999936,2.01,7.249227452806393
1.01,Very Good,E,VS2,59.5,60.0,-0.040000000000000036,2.66,8.782983238693685
0.55,Ideal,F,SI1,61.0,58.0,-0.03000000000000025,2.0700000000000003,7.29615888147582
0.3,Ideal,I,SI1,61.5,57.0,-0.04999999999999982,1.6899999999999995,5.996651399207161
0.5,Very Good,D,SI1,63.4,56.0,-0.04999999999999982,1.8699999999999997,6.981573834799845
0.59,Very Good,I,VS2,62.4,58.4,-0.0600000000000005,2.0400000000000005,7.2566298670838725
2.04,Ideal,F,SI2,62.4,56.0,-0.07000000000000028,3.080000000000001,9.642348264809739
1.21,Very Good,J,VS1,62.6,57.0,-0.08999999999999986,2.5699999999999994,8.662868496913271
0.71,Ideal,G,VVS2,61.5,57.0,-0.019999999999999574,2.22,8.076628141788014
0.5,Premium,F,SI1,61.7,57.0,0.03000000000000025,1.9299999999999997,7.036384389975933
0.72,Premium,F,VVS1,62.8,58.0,0.07000000000000028,2.09,8.127844771004744
0.31,Ideal,F,IF,62.3,57.0,-0.040000000000000036,1.63,6.803125315888117
0.92,Premium,D,I1,63.0,58.0,0.04999999999999982,2.25,7.829242335108603
1.52,Ideal,E,SI1,62.8,55.0,-0.04999999999999982,2.75,9.399384703453778
0.4,Premium,D,SI1,62.5,61.0,0.03000000000000025,1.7400000000000002,6.8214433833956
0.32,Premium,G,VVS1,60.9,61.0,0.03000000000000025,1.7000000000000002,6.807304744102262
0.9,Very Good,D,SI2,61.0,61.0,-0.019999999999999574,2.41,8.237079482542134
0.75,Premium,G,SI1,60.9,58.0,0.040000000000000036,2.27,7.875318921977753
2.01,Very Good,H,VS2,63.2,58.0,-0.08000000000000007,2.9699999999999998,9.670858578364172
1.12,Very Good,I,SI1,61.7,58.1,-0.0600000000000005,2.5700000000000003,8.453211065118825
1.02,Good,G,VS2,63.7,57.0,-0.0699999999999994,2.3099999999999996,8.68860500896145
0.41,Very Good,G,VS1,61.5,58.0,-0.040000000000000036,1.8599999999999999,6.7583108080528875
0.51,Ideal,E,SI1,62.4,55.0,0.04999999999999982,1.9,7.19997994082058
0.38,Ideal,G,SI2,61.7,56.0,-0.03000000000000025,1.7999999999999998,6.28337193065335
0.32,Ideal,G,IF,61.8,55.0,-0.019999999999999574,1.6999999999999997,6.769268037961314
0.32,Premium,F,VVS1,61.3,58.0,0.03000000000000025,1.6800000000000002,6.891941234286092
0.51,Premium,E,VVS2,59.3,59.0,0.08000000000000007,2.08,7.66969056652139
0.31,Ideal,F,VVS1,62.0,54.0,-0.019999999999999574,1.67,6.722814892935179
1.6,Ideal,E,SI2,62.7,53.9,-0.0600000000000005,2.8100000000000005,9.25887017349609
0.79,Ideal,F,VVS2,61.9,57.0,-0.03000000000000025,2.28,8.332483841402107
0.31,Premium,G,VS1,60.8,61.0,0.019999999999999574,1.69,6.59511658951344
2.01,Ideal,H,SI2,61.9,57.0,0.02999999999999936,3.0600000000000005,9.581702875997403
0.4,Premium,F,VVS2,62.2,59.0,-0.04999999999999982,1.79,6.9438038242367845
1.55,Premium,J,SI1,62.5,58.0,-0.040000000000000036,2.79,8.969812160883482
0.54,Ideal,G,VS1,61.3,57.0,-0.03000000000000025,2.0500000000000003,7.471428429507442
1.0,Good,H,SI2,62.0,64.0,0.13999999999999968,2.35,8.238535404657393
0.52,Very Good,E,VS2,62.2,56.0,-0.009999999999999787,1.96,7.351983309948451
0.36,Ideal,D,VS2,60.6,57.0,-0.040000000000000036,1.8300000000000005,6.684513586185315
0.32,Very Good,I,VVS1,60.9,57.0,-0.03000000000000025,1.7700000000000005,6.427218866169213
0.78,Very Good,G,SI2,63.8,56.0,-0.040000000000000036,2.1299999999999994,7.7301364367712555
0.67,Good,I,VVS2,58.9,51.0,-0.040000000000000036,2.3800000000000003,7.688070855035146
1.2,Premium,F,SI2,62.8,57.0,0.04999999999999982,2.49,8.579330292266485
0.81,Ideal,E,SI2,63.0,56.0,0.04999999999999982,2.1700000000000004,7.910066502714693
0.32,Ideal,D,SI1,62.7,54.0,0.040000000000000036,1.6099999999999994,6.599383943250385
1.0,Very Good,F,SI2,63.3,58.0,-0.03000000000000025,2.32,8.340728176452346
1.01,Ideal,E,VVS2,61.7,57.0,-0.020000000000000462,2.47,9.162023610001528
0.34,Ideal,G,SI1,61.2,57.0,0.02999999999999936,1.7500000000000004,6.514447442614973
1.0,Premium,G,SI2,63.0,56.0,0.040000000000000036,2.33,8.29056918876908
2.0,Good,H,SI2,63.8,59.0,0.04999999999999982,2.84,9.54155129707467
1.11,Premium,F,SI2,62.2,57.0,0.05999999999999961,2.4800000000000004,8.419519757893205
0.53,Ideal,E,VS2,61.7,58.0,-0.10999999999999943,2.0499999999999994,7.488938621581267
1.01,Premium,H,SI2,62.3,60.0,0.0699999999999994,2.3600000000000003,8.29768103223865
0.38,Ideal,I,SI1,61.6,57.0,-0.040000000000000036,1.8000000000000003,6.237338110070979
0.59,Ideal,E,SI1,61.6,55.0,-0.019999999999999574,2.09,7.404712313603647
0.84,Ideal,G,VS1,61.8,56.0,-0.09000000000000075,2.3600000000000003,8.270626626766584
0.7,Very Good,E,VS2,62.9,56.0,-0.05999999999999961,2.12,7.8588716078591725
0.8,Premium,J,SI2,61.4,57.0,0.0600000000000005,2.2699999999999996,7.65568667698202
1.5,Fair,I,SI2,70.1,58.0,0.11000000000000032,2.01,8.612745618779746
0.6,Ideal,H,VS1,61.3,55.0,-0.020000000000000462,2.1300000000000003,7.544419750789194
0.42,Very Good,G,VS1,62.4,59.0,-0.019999999999999574,1.8099999999999996,6.787070015253207
0.72,Premium,H,IF,58.7,59.0,0.0600000000000005,2.4099999999999997,8.118992276923674
0.7,Ideal,F,SI2,60.6,57.2,-0.019999999999999574,2.2799999999999994,7.7532655306902525
0.7,Very Good,I,SI2,60.9,59.0,-0.05999999999999961,2.2699999999999996,7.548911494227534
0.3,Ideal,G,VVS1,62.0,54.9,-0.03000000000000025,1.65,6.468260175249975
0.34,Ideal,E,IF,62.0,56.0,0.03000000000000025,1.69,7.0664104377562715
0.71,Very Good,I,VS1,63.3,58.0,0.019999999999999574,2.0700000000000003,7.728073316803241
1.4,Good,G,VVS2,63.4,59.0,-0.08000000000000007,2.63,9.38979814940549
0.62,Premium,E,SI2,58.6,58.0,0.0600000000000005,2.2699999999999996,7.321420116172805
1.29,Very Good,H,VS1,60.8,58.0,-0.03000000000000025,2.7700000000000005,8.968318641604405
0.92,Ideal,H,VVS1,62.1,54.0,0.02999999999999936,2.3500000000000005,8.595782423335564
0.91,Good,E,SI1,63.5,57.0,-0.02999999999999936,2.2499999999999996,8.294165716318211
0.4,Premium,D,VS1,62.5,60.0,-0.05999999999999961,1.7899999999999996,6.891341411871199
2.04,Premium,J,VS2,60.9,59.0,0.03999999999999915,3.200000000000001,9.517220190413967
1.05,Ideal,H,SI1,61.3,57.0,-0.03000000000000025,2.54,8.544471059600992
1.09,Ideal,H,SI1,61.1,57.0,0.09000000000000075,2.5,8.540817717043172
1.24,Premium,I,SI1,62.4,59.0,0.019999999999999574,2.58,8.633215447205512
1.14,Very Good,H,SI1,62.9,59.0,-0.019999999999999574,2.4699999999999998,8.581520543471935
0.32,Ideal,J,IF,62.2,55.0,0.040000000000000036,1.6500000000000004,6.561284445394348
1.01,Ideal,E,VS2,61.5,57.0,-0.040000000000000036,2.5100000000000002,8.842221232871832
0.34,Ideal,H,VS2,61.5,54.0,0.040000000000000036,1.7200000000000002,6.551062948653226
0.27,Ideal,F,IF,61.3,57.0,-0.040000000000000036,1.6400000000000001,6.510455911301473
0.52,Ideal,D,VS1,60.9,56.0,-0.02999999999999936,2.05,7.635339778323314
0.54,Very Good,E,SI2,61.9,58.0,-0.04999999999999982,2.0100000000000002,7.097802869370493
0.41,Premium,D,VS2,62.4,60.0,-0.040000000000000036,1.7999999999999998,6.839531627480479
1.01,Good,H,VVS2,63.3,57.0,-0.040000000000000036,2.3599999999999994,8.700759131381897
1.04,Ideal,G,VS1,61.7,56.0,-0.04999999999999982,2.51,8.863708983507957
0.74,Very Good,I,SI1,63.8,58.0,-0.040000000000000036,2.0999999999999996,7.634847154565368
0.71,Ideal,E,SI2,62.7,56.0,-0.03000000000000025,2.14,7.796784563193907
0.34,Ideal,I,VS2,61.5,55.0,-0.019999999999999574,1.7599999999999998,6.2579503613712015
1.2,Ideal,I,SI1,61.8,56.0,-0.03000000000000025,2.6099999999999994,8.63473229488162
1.08,Ideal,H,SI2,61.4,57.0,0.0600000000000005,2.5299999999999994,8.391368485717823
1.47,Very Good,H,SI2,59.3,59.0,-0.04999999999999982,3.0199999999999996,8.884177122714286
0.41,Premium,G,VVS1,59.9,59.0,-0.040000000000000036,1.9500000000000002,6.9946542408005
0.53,Ideal,E,VS2,61.8,56.0,0.040000000000000036,1.96,7.46280729933989
0.5,Premium,G,VVS2,60.5,62.0,0.0699999999999994,1.9800000000000004,7.376397211431841
1.23,Very Good,E,VS1,61.5,58.0,-0.04999999999999982,2.6799999999999997,9.23181109829407
0.73,Good,I,SI2,63.7,57.0,0.08999999999999986,2.04,7.496674494076695
0.33,Premium,D,SI2,62.1,58.0,-0.02999999999999936,1.6899999999999995,6.262408599516637
0.57,Ideal,E,SI1,62.2,55.0,0.0600000000000005,1.9899999999999998,7.3900611197305235
0.5,Very Good,G,SI1,59.3,58.0,-0.04999999999999982,2.1500000000000004,6.984441172441951
0.75,Premium,G,SI2,62.7,58.0,0.0600000000000005,2.13,7.637857617745697
0.7,Premium,E,SI1,60.5,58.0,-0.02999999999999936,2.2899999999999996,7.872487253730083
0.61,Very Good,E,VS2,60.0,57.0,-0.03000000000000025,2.23,7.670432762625718
1.01,Ideal,G,VS2,61.9,56.0,-0.040000000000000036,2.47,8.754808209228614
0.84,Very Good,G,SI2,62.8,57.0,-0.040000000000000036,2.2600000000000002,7.903465656787942
0.5,Fair,F,I1,69.8,55.0,0.08999999999999986,1.42,6.618373376662993
0.31,Ideal,E,VS2,61.4,54.0,-0.03000000000000025,1.71,6.492952746049459
0.7,Ideal,F,SI1,62.3,57.0,0.040000000000000036,2.11,7.781624871797235
0.33,Very Good,G,VVS1,62.8,59.0,-0.0600000000000005,1.6700000000000004,6.675355584741732
0.41,Ideal,E,VS2,61.6,55.0,-0.040000000000000036,1.85,6.813097362384094
0.31,Ideal,E,SI1,60.6,56.0,-0.03000000000000025,1.75,6.345655804722032
1.09,Ideal,H,SI1,61.9,57.0,0.04999999999999982,2.49,8.540817717043172
0.9,Fair,I,SI1,65.7,58.0,0.03000000000000025,2.05,7.939030987508617
0.57,Premium,E,SI1,61.4,58.0,-0.05999999999999961,2.08,7.3681989327875455
2.02,Very Good,H,VS2,61.5,59.0,-0.13000000000000078,3.200000000000001,9.670858578364172
1.0,Ideal,F,SI2,62.7,57.0,-0.04999999999999982,2.41,8.38535922852254
0.3,Premium,I,VS1,60.3,58.0,0.019999999999999574,1.7100000000000004,6.293583115972803
1.51,Fair,I,SI1,68.3,57.0,0.08000000000000007,2.1500000000000004,8.81344548878333
1.02,Good,G,VS1,63.3,58.0,-0.040000000000000036,2.37,8.784964597360494
0.36,Premium,D,SI1,59.6,58.0,-0.040000000000000036,1.8900000000000006,6.490545852163438
0.7,Good,E,SI1,57.8,62.0,-0.04999999999999982,2.48,7.832484484314896
0.34,Ideal,E,SI1,60.7,56.0,-0.040000000000000036,1.7999999999999998,6.443376750839363
0.5,Ideal,G,SI2,62.1,55.0,-0.03000000000000025,1.9600000000000004,6.805006966760144
1.62,Ideal,G,VS2,61.7,56.0,-0.040000000000000036,2.91,9.596064555012815
0.31,Premium,E,SI1,62.0,58.0,0.04999999999999982,1.6199999999999997,6.533422352629737
1.02,Very Good,E,SI1,63.1,61.0,0.07000000000000028,2.3199999999999994,8.560183823960044
1.08,Very Good,E,SI1,63.1,59.0,0.040000000000000036,2.38,8.62713906810546
1.51,Very Good,G,SI1,63.3,60.0,-0.040000000000000036,2.67,9.277540611077777
0.3,Ideal,G,VVS1,61.9,57.0,-0.02999999999999936,1.6499999999999995,6.468624575209953
1.27,Premium,F,VVS1,62.5,56.0,0.0600000000000005,2.58,9.466716414858896
0.92,Good,E,SI2,62.0,64.0,0.040000000000000036,2.33,8.139020383092316
0.73,Premium,H,SI1,62.2,57.0,0.03000000000000025,2.1699999999999995,7.761492301669525
0.3,Ideal,D,VS2,62.3,56.0,0.03000000000000025,1.6099999999999999,6.5906108474195095
0.9,Good,E,SI2,58.7,63.0,-0.03000000000000025,2.5800000000000005,8.151629266482999
0.9,Very Good,D,SI1,62.5,59.0,-0.040000000000000036,2.3200000000000003,8.371526002655179
0.41,Very Good,F,VS1,60.8,58.0,-0.0600000000000005,1.9100000000000001,6.822022119047326
0.76,Premium,D,SI1,61.1,59.0,0.04999999999999982,2.27,8.034737614508481
0.37,Good,F,VS2,63.3,56.0,-0.07000000000000028,1.7199999999999998,6.528383559819798
0.51,Ideal,E,SI1,60.9,54.0,-0.040000000000000036,2.05,7.214408258925885
1.07,Good,H,VS2,63.8,57.0,0.07000000000000028,2.3199999999999994,8.57884140398784
2.03,Very Good,D,SI2,63.1,58.0,0.03999999999999915,2.9300000000000006,9.614668206525723
0.31,Ideal,D,VS2,62.1,54.0,-0.020000000000000462,1.6600000000000001,6.533355049953212
1.54,Premium,H,VS2,61.0,60.0,-0.040000000000000036,2.92,9.30744507620643
0.31,Good,G,VVS2,63.8,56.0,-0.040000000000000036,1.56,6.493231050169163
0.57,Ideal,F,VVS2,61.7,56.0,-0.040000000000000036,2.0599999999999996,7.755509226477134
0.39,Very Good,G,SI1,62.4,58.0,-0.04999999999999982,1.7899999999999996,6.521813516538004
1.2,Ideal,I,VS2,63.2,59.0,0.05000000000000071,2.4399999999999995,8.693620081083886
0.92,Very Good,F,VS1,61.0,60.0,-0.019999999999999574,2.4499999999999997,8.642668642219537
0.36,Ideal,F,VVS2,61.4,56.0,-0.03000000000000025,1.7900000000000005,6.785521687403559
1.02,Very Good,D,VS2,63.7,55.0,-0.03000000000000025,2.3500000000000005,8.868531860321323
0.38,Ideal,G,VVS1,59.7,60.0,-0.03000000000000025,1.9200000000000004,6.825475365019673
1.01,Good,F,SI2,58.3,60.0,-0.020000000000000462,2.7800000000000002,8.358967388035998
0.76,Premium,D,SI2,58.8,57.0,0.04999999999999982,2.4700000000000006,7.9042734836864295
1.22,Ideal,F,VS2,62.6,56.0,0.019999999999999574,2.5300000000000002,9.078788570223955
0.7,Good,E,SI2,57.8,61.0,0.05999999999999961,2.4400000000000004,7.658136906323575
0.42,Very Good,D,SI1,61.5,58.0,-0.03000000000000025,1.87,6.7026479418415015
0.42,Premium,D,SI2,60.1,58.0,0.04999999999999982,1.9100000000000001,6.692559332758586
0.62,Very Good,D,SI1,62.4,58.0,-0.04999999999999982,2.07,7.477168467278618
1.0,Good,G,SI1,63.9,60.0,-0.04999999999999982,2.2799999999999994,8.435057450855812
0.93,Good,E,SI1,63.1,57.0,-0.020000000000000462,2.2900000000000005,8.306430824950711
0.54,Very Good,E,VS2,63.1,58.0,0.08000000000000007,1.87,7.411641754484962
1.0,Very Good,F,VS2,63.3,55.0,0.04999999999999982,2.29,8.66200642721792
1.2,Good,I,VS1,64.8,58.0,-0.05000000000000071,2.3600000000000003,8.728360219104522
0.72,Very Good,G,SI2,63.4,57.0,-0.040000000000000036,2.1,7.6442076772512735
0.37,Ideal,I,VS1,60.8,56.0,-0.040000000000000036,1.8599999999999999,6.375698130180951
1.04,Ideal,G,VS2,61.9,57.0,0.040000000000000036,2.45,8.73661587688375
1.12,Ideal,F,VS1,62.1,54.0,-0.07000000000000028,2.5700000000000003,9.048383658734721
1.05,Very Good,E,SI2,63.2,59.0,0.0699999999999994,2.3200000000000003,8.380287219845838
1.51,Very Good,H,SI1,63.3,57.0,-0.10999999999999943,2.7299999999999995,9.198876007109133
1.0,Ideal,E,SI1,62.4,55.0,-0.08000000000000007,2.44,8.59997640067063
1.0,Good,G,VVS1,58.4,60.0,-0.0600000000000005,2.7700000000000005,8.908435989242692
1.75,Very Good,H,SI2,60.8,60.0,-0.08000000000000007,3.08,9.27304266366317
0.37,Very Good,E,VS2,61.8,59.0,-0.040000000000000036,1.7699999999999996,6.595029514445447
0.71,Premium,F,SI1,61.6,57.0,0.03000000000000025,2.18,7.854551195483011
0.5,Fair,G,I1,64.9,57.0,0.040000000000000036,1.7299999999999995,6.621377670570884
0.61,Good,F,VS2,63.0,64.2,-0.03000000000000025,1.9800000000000004,7.463478218545356
0.54,Ideal,D,SI1,62.9,57.0,0.04999999999999982,1.9,7.312476220404403
1.33,Premium,I,VS1,61.7,58.0,-0.04999999999999982,2.75,8.856471591046285
1.02,Premium,G,SI1,62.3,59.0,0.040000000000000036,2.4000000000000004,8.515627664267953
0.41,Ideal,F,IF,61.7,56.0,-0.040000000000000036,1.8599999999999999,7.134448901234234
1.01,Premium,J,SI2,58.3,62.0,0.0600000000000005,2.6599999999999997,8.110346639246698
1.2,Premium,H,SI2,59.6,60.0,0.07000000000000028,2.74,8.528356708815272
2.42,Premium,J,VS2,61.3,59.0,0.02999999999999936,3.3100000000000005,9.626427714166551
1.7,Very Good,E,VS2,58.6,62.0,-0.08000000000000007,3.3,9.628434566850569
0.3,Very Good,E,VS1,61.7,56.0,-0.03000000000000025,1.67,6.334324132906492
0.31,Good,D,SI2,63.9,57.0,0.04999999999999982,1.5300000000000002,6.282972652049569
0.32,Ideal,G,VS1,62.3,55.0,-0.03000000000000025,1.6700000000000004,6.459455744166688
0.34,Premium,E,SI1,59.3,58.0,-0.040000000000000036,1.88,6.397511453022291
0.51,Ideal,F,SI2,60.2,55.0,-0.04999999999999982,2.1,7.0193908302969374
1.26,Premium,I,SI2,60.1,59.0,0.040000000000000036,2.7800000000000002,8.58106828362517
0.4,Very Good,D,VS2,62.4,60.0,-0.009999999999999787,1.7599999999999998,6.7866208650055375
0.41,Ideal,H,VVS1,61.4,56.0,0.03000000000000025,1.8299999999999996,6.998532698176336
0.4,Very Good,E,SI2,63.1,57.0,0.019999999999999574,1.73,6.586930103356486
0.32,Good,E,VS2,64.1,54.0,-0.040000000000000036,1.5800000000000005,6.4349450475571475
0.91,Premium,E,VS1,62.7,59.0,0.040000000000000036,2.2800000000000002,8.610505895318651
1.25,Ideal,G,VS2,62.4,55.0,0.0699999999999994,2.5600000000000005,9.048952063319515
0.7,Good,F,VS1,63.7,57.0,-0.07000000000000028,2.06,7.878361256931662
1.02,Fair,H,VS2,64.6,61.0,0.08000000000000007,2.1800000000000006,8.428151707517856
1.01,Premium,G,VS1,59.9,59.0,0.02999999999999936,2.5900000000000003,8.806058229506501
0.38,Premium,H,VVS2,62.0,58.0,0.019999999999999574,1.75,6.770346699374076
0.5,Very Good,E,VS2,62.9,59.0,-0.03000000000000025,1.9,7.150483615956077
0.54,Ideal,D,SI1,61.7,55.0,-0.03999999999999915,2.0299999999999994,7.318104254038768
2.32,Premium,F,SI2,62.5,59.0,0.07000000000000028,3.1399999999999997,9.58145271657898
0.57,Ideal,F,VVS2,62.0,55.0,0.009999999999999787,2.01,7.742184020492835
0.7,Ideal,H,VS1,61.8,56.0,-0.02999999999999936,2.19,7.864745235190943
1.01,Very Good,G,SI2,60.8,63.0,0.040000000000000036,2.4800000000000004,8.338050496388478
2.01,Premium,I,SI2,63.0,59.0,0.0699999999999994,2.9299999999999997,9.539592937218659
1.01,Good,E,VS1,63.6,54.0,0.05999999999999961,2.2800000000000002,8.846557825558136
0.32,Ideal,H,VS2,62.0,57.0,-0.040000000000000036,1.6799999999999997,6.294373234580641
0.37,Premium,E,VS1,60.4,58.0,0.04999999999999982,1.8100000000000005,6.841265669895473
0.52,Ideal,G,VS1,62.1,54.0,-0.03000000000000025,1.9699999999999998,7.394949539065285
1.26,Very Good,G,SI1,63.0,59.0,-0.040000000000000036,2.5599999999999996,8.872265011859648
0.6,Ideal,D,VS2,62.0,55.0,-0.03000000000000025,2.07,7.674522256254267
0.52,Premium,E,VS1,61.6,58.0,-0.040000000000000036,1.9999999999999996,7.5391612419866245
0.32,Premium,G,VS2,60.7,58.0,-0.040000000000000036,1.75,6.384817412369239
1.21,Ideal,F,VS2,62.6,55.0,0.04999999999999982,2.51,9.063060966748951
1.05,Ideal,H,SI1,61.1,56.0,-0.0600000000000005,2.58,8.568465358269634
0.9,Very Good,H,VS1,62.1,57.0,-0.0600000000000005,2.3800000000000003,8.371284247056678
1.82,Very Good,G,SI2,61.3,58.0,-0.11000000000000032,3.1100000000000003,9.38116890276166
0.31,Ideal,G,VS2,61.6,55.0,0.019999999999999574,1.67,6.573733537487647
1.23,Premium,F,VS2,59.6,58.0,0.07999999999999918,2.7800000000000002,9.069349485429127
2.08,Ideal,H,SI2,61.5,57.0,0.0600000000000005,3.1399999999999997,9.59549315613961
0.48,Ideal,F,VVS1,62.0,55.0,-0.04999999999999982,1.9300000000000002,7.458190846872889
0.94,Premium,F,SI2,62.3,59.0,0.08999999999999986,2.3200000000000003,8.132468085944677
2.02,Ideal,G,SI2,63.5,54.0,-0.05999999999999961,2.9499999999999993,9.624130408847575
0.41,Ideal,D,SI2,62.6,55.0,0.040000000000000036,1.7699999999999996,6.680478693533202
1.15,Premium,E,SI2,61.7,59.0,0.040000000000000036,2.54,8.510210726872879
0.66,Premium,F,SI1,60.6,58.0,0.0600000000000005,2.1999999999999997,7.632974292313536
1.52,Fair,H,SI1,65.3,58.0,0.040000000000000036,2.4499999999999993,9.099122524533836
0.42,Ideal,F,SI1,61.6,55.0,0.019999999999999574,1.85,6.8165717270398805
0.41,Ideal,H,SI1,62.2,55.0,-0.03000000000000025,1.8199999999999998,6.5248758137858065
1.02,Ideal,H,VVS2,62.0,56.0,-0.03000000000000025,2.46,8.796995934599295
0.52,Ideal,F,IF,62.2,55.0,-0.040000000000000036,1.9699999999999998,7.749288269301325
1.07,Ideal,D,SI2,61.4,56.0,-0.03000000000000025,2.55,8.539944110752298
0.53,Ideal,F,VVS2,61.4,56.0,-0.040000000000000036,2.0300000000000002,7.704836108961512
1.05,Ideal,I,VS2,60.3,57.0,-0.05999999999999961,2.65,8.586981131253122
1.01,Premium,E,VS1,62.9,61.0,0.05999999999999961,2.33,8.88396205243116
0.74,Good,G,SI1,64.2,59.0,0.07000000000000028,1.9900000000000002,7.74476148515963
1.27,Premium,F,SI2,61.0,61.0,0.05999999999999961,2.6900000000000004,8.688814161117428
0.34,Premium,I,VS2,61.8,58.0,-0.02999999999999936,1.73,6.250247442044768
0.53,Ideal,D,VS2,60.2,55.0,-0.040000000000000036,2.1199999999999997,7.531201357827739
1.01,Very Good,H,VS2,62.5,57.0,-0.07000000000000028,2.4400000000000004,8.545222694570468
0.5,Premium,E,VS2,61.4,59.0,0.040000000000000036,1.9499999999999997,7.250893461469224
1.01,Premium,F,VS2,61.2,57.5,-0.020000000000000462,2.5100000000000002,8.774280155141591
0.25,Premium,F,IF,61.1,58.0,-0.019999999999999574,1.5999999999999996,6.442494613532828
1.07,Ideal,I,VS1,62.0,57.0,0.05999999999999961,2.45,8.630444210963786
0.53,Ideal,D,SI1,61.7,56.0,-0.08000000000000007,2.0300000000000002,7.318104254038768
0.94,Premium,G,SI2,63.0,59.0,0.0600000000000005,2.2399999999999998,8.087648752167341
1.0,Good,G,VVS2,62.4,61.0,0.020000000000000462,2.36,8.84150912901097
0.5,Very Good,D,SI2,63.4,59.0,0.03000000000000025,1.8199999999999998,6.889111340491295
0.9,Ideal,H,VS1,61.8,55.0,0.07000000000000028,2.32,8.37678778318722
0.6,Premium,D,SI1,62.9,58.0,0.05999999999999961,1.96,7.407222354568627
1.02,Ideal,D,VVS2,61.0,56.0,-0.03000000000000025,2.5599999999999996,9.256644128735783
0.34,Good,G,SI1,63.9,58.0,0.02999999999999936,1.5800000000000005,6.403341203054401
1.01,Fair,E,VS2,64.8,59.0,0.08000000000000007,2.1799999999999997,8.625922922610142
0.38,Ideal,D,VS1,62.0,55.0,0.040000000000000036,1.7499999999999996,6.93464938603554
1.3,Premium,I,VS1,62.2,59.0,-0.05999999999999961,2.6499999999999995,8.846995655271442
0.47,Very Good,F,VVS2,60.9,59.0,-0.040000000000000036,1.9800000000000004,7.286237657863607
0.7,Ideal,F,VS1,62.0,55.0,0.03000000000000025,2.16,7.942700656249972
0.38,Ideal,D,VS1,61.0,57.0,-0.03000000000000025,1.8400000000000003,6.786339595272103
0.25,Fair,F,SI2,54.4,64.0,0.0699999999999994,1.9100000000000006,5.988449796665037
0.38,Premium,G,VS2,59.7,62.0,0.019999999999999574,1.87,6.6966674672683935
0.4,Ideal,D,SI1,62.0,56.0,0.03000000000000025,1.7699999999999996,6.841300766333642
0.31,Very Good,G,SI1,63.0,58.0,-0.040000000000000036,1.6199999999999997,6.200833272714075
0.32,Very Good,G,VS1,61.2,62.0,-0.040000000000000036,1.7400000000000002,6.411450316055426
0.75,Ideal,I,VS1,61.1,59.0,-0.020000000000000462,2.29,7.85609174587417
0.27,Very Good,F,VVS1,61.8,56.0,-0.020000000000000462,1.6100000000000003,6.374158426216922
1.34,Ideal,F,SI1,61.7,55.0,-0.05999999999999961,2.75,9.026271900918461
0.4,Premium,J,VS1,59.7,59.0,0.040000000000000036,1.92,6.554672435984636
0.43,Very Good,G,VS1,59.3,58.0,-0.04999999999999982,2.0599999999999996,6.897126118448995
0.38,Ideal,D,VS1,62.2,57.0,0.03000000000000025,1.7399999999999998,6.931180771711783
2.0,Good,G,SI1,63.6,61.0,0.07000000000000028,2.83,9.677525062280578
0.51,Ideal,E,VS2,61.9,55.0,-0.040000000000000036,1.98,7.340071301792867
1.69,Premium,I,I1,62.4,60.0,0.03000000000000025,2.829999999999999,8.668346148028983
0.5,Premium,D,SI2,62.2,58.0,-0.05999999999999961,1.9599999999999995,6.903739846417519
1.01,Good,G,SI1,62.8,58.0,0.07000000000000028,2.32,8.455904787113123
1.06,Premium,F,VS2,61.8,60.0,0.04999999999999982,2.4800000000000004,8.853569015053496
0.54,Ideal,E,SI1,61.6,57.0,-0.02999999999999936,2.03,7.280598877662608
0.38,Ideal,D,VS2,61.5,56.0,-0.040000000000000036,1.8200000000000003,6.71760426922944
1.0,Very Good,I,SI1,63.3,58.0,0.040000000000000036,2.3,8.289534068517275
1.01,Premium,G,VS1,62.8,59.0,0.03000000000000025,2.3499999999999996,8.777795425847508
1.21,Premium,F,SI1,60.0,60.0,0.04999999999999982,2.75,8.82685136579085
0.39,Ideal,F,SI1,61.8,55.0,-0.019999999999999574,1.8099999999999996,6.604278064919041
0.83,Fair,I,VS2,64.9,58.0,0.0600000000000005,2.03,7.795279778008155
0.33,Premium,I,VS2,62.6,58.0,0.08000000000000007,1.5999999999999996,6.37039163180648
1.7,Ideal,I,SI1,62.4,56.0,0.040000000000000036,2.8599999999999994,9.323754557914762
0.91,Premium,I,VS1,61.9,57.0,0.04999999999999982,2.3400000000000003,8.266181461216247
1.14,Ideal,F,VVS2,61.4,57.0,0.040000000000000036,2.58,9.266099964185486
1.0,Good,H,VS2,57.8,59.0,0.0600000000000005,2.7199999999999998,8.481185196787388
2.0,Very Good,J,VVS2,63.0,59.0,-0.03000000000000025,2.9699999999999998,9.51421009589224
1.53,Premium,I,SI1,61.5,59.0,0.0699999999999994,2.8000000000000007,9.098685367472825
1.24,Very Good,I,SI1,62.5,57.0,-0.04999999999999982,2.5999999999999996,8.649403276721529
0.32,Ideal,G,VS1,61.9,55.0,0.040000000000000036,1.6599999999999997,6.63745596716803
0.81,Premium,J,SI1,61.4,60.0,0.040000000000000036,2.2800000000000002,7.695353888211344
0.36,Premium,D,SI1,61.4,58.0,-0.03000000000000025,1.7799999999999998,6.523735084524511
0.39,Good,G,VS2,63.3,57.0,-0.040000000000000036,1.7200000000000002,6.629486935350951
0.41,Premium,F,VS2,62.4,56.0,0.019999999999999574,1.7799999999999998,6.894683042972887
0.3,Premium,D,VVS2,59.6,61.0,0.04999999999999982,1.7399999999999998,6.606961355930487
0.32,Ideal,D,VS2,61.6,56.0,-0.03000000000000025,1.7000000000000002,6.553672113423474
0.33,Good,D,VS2,63.6,56.0,-0.040000000000000036,1.62,6.506785173906478
0.7,Good,G,VVS1,59.9,61.0,-0.05999999999999961,2.3499999999999996,8.05532634722009
0.3,Premium,D,SI2,62.9,58.0,0.03000000000000025,1.5699999999999998,6.274614833578887
0.26,Very Good,F,VVS1,60.6,56.0,-0.040000000000000036,1.6500000000000004,6.3496318407800905
0.64,Fair,E,SI1,59.5,64.0,0.2600000000000007,2.0799999999999996,7.478881117686795
0.33,Ideal,E,VS2,62.3,57.0,-0.02999999999999936,1.6799999999999997,6.53717925562195
1.2,Very Good,F,VVS2,61.4,60.0,-0.040000000000000036,2.6500000000000004,9.349755755045466
0.3,Good,I,VVS1,63.8,56.0,0.02999999999999936,1.5200000000000005,6.388119612536955
1.64,Very Good,F,SI1,62.8,59.0,-0.020000000000000462,2.8100000000000005,9.432566463638938
1.21,Premium,E,SI2,61.7,59.0,0.04999999999999982,2.58,8.637888860138519
1.0,Good,F,VVS2,56.5,63.0,0.03000000000000025,2.87,8.933993913103297
0.34,Very Good,E,VS2,58.8,59.0,-0.03000000000000025,1.9,6.495886397732143
0.74,Ideal,H,SI1,62.1,56.0,-0.0600000000000005,2.23,7.839782252502463
0.31,Ideal,D,SI1,62.3,54.0,-0.040000000000000036,1.6600000000000001,6.377415919042219
0.36,Ideal,E,VS2,61.2,56.0,-0.040000000000000036,1.81,6.64544313288004
0.32,Good,G,SI1,63.5,56.0,-0.03000000000000025,1.6099999999999999,6.2047469449328165
0.37,Premium,E,VS2,61.0,59.0,0.05000000000000071,1.7799999999999998,6.80169102266897
0.91,Premium,F,SI2,58.9,61.0,0.03000000000000025,2.59,8.129094065981125
2.03,Premium,E,SI2,61.5,59.0,0.08000000000000007,3.12,9.59531623135603
0.7,Premium,H,VS2,61.7,59.0,-0.019999999999999574,2.1799999999999997,7.715421989641634
1.31,Ideal,I,VS2,61.7,55.0,-0.09999999999999964,2.75,8.87023125260985
0.4,Ideal,F,SI2,61.9,57.0,-0.020000000000000462,1.8100000000000005,6.4808211723818925
1.02,Premium,E,VS2,62.1,52.0,0.05999999999999961,2.4400000000000004,8.80750831664599
2.01,Ideal,G,SI1,62.2,56.0,0.04999999999999982,3.0,9.715066620983109
1.32,Premium,I,SI1,62.2,58.0,-0.04999999999999982,2.6799999999999997,8.733431586346773
0.3,Good,G,VS2,58.5,64.0,0.04999999999999982,1.8000000000000003,6.347809208258172
1.71,Ideal,F,SI2,62.1,54.0,0.04999999999999982,2.8899999999999997,9.316120564783915
1.02,Premium,G,SI2,62.5,59.0,0.04999999999999982,2.37,8.331380310317023
0.5,Premium,D,SI2,62.6,58.0,0.08000000000000007,1.83,6.928390414489234
0.53,Ideal,G,VVS2,60.4,56.0,0.04999999999999982,2.06,7.607022713207674
0.33,Premium,F,VS2,60.0,60.0,0.040000000000000036,1.77,6.640283193607174
0.33,Ideal,E,VS2,61.9,56.0,-0.04999999999999982,1.71,6.536814855661973
1.2,Ideal,D,VS2,61.4,55.0,0.08999999999999986,2.59,9.155466312777488
0.71,Ideal,F,VS2,62.3,57.0,-0.04999999999999982,2.18,7.9469513999776975
0.4,Premium,G,IF,60.8,58.0,-0.03999999999999915,1.8799999999999994,7.051263050401345
0.25,Ideal,E,VVS1,61.5,55.0,-0.03000000000000025,1.6,6.377901570523704
0.41,Premium,G,VS2,61.4,59.0,-0.040000000000000036,1.8599999999999999,6.709403382762816
0.3,Premium,G,VS1,62.2,59.0,0.040000000000000036,1.5900000000000003,6.473645217206046
0.91,Very Good,H,SI1,63.4,56.0,0.08000000000000007,2.2099999999999995,8.161748347836868
0.31,Ideal,E,VS2,61.8,55.0,-0.019999999999999574,1.6699999999999995,6.492952746049459
1.22,Premium,F,VS2,62.3,57.0,0.040000000000000036,2.55,9.053400442713606
0.71,Good,F,SI1,66.2,55.0,-0.040000000000000036,1.8800000000000003,7.676160793469899
2.01,Very Good,I,VS1,61.5,62.0,-0.1299999999999999,3.1500000000000004,9.646615670726575
0.83,Ideal,E,SI2,61.9,53.0,0.040000000000000036,2.29,7.9977940471125875
0.84,Ideal,D,SI1,61.5,54.0,-0.05999999999999961,2.38,8.20179868905186
0.31,Ideal,G,IF,61.9,56.0,-0.019999999999999574,1.6699999999999995,6.7414354065122755
0.3,Ideal,H,VVS2,61.5,57.0,0.03000000000000025,1.6499999999999995,6.497694109190125
0.71,Very Good,I,VS1,61.1,57.0,-0.04999999999999982,2.27,7.833411054226778
1.64,Premium,J,SI2,63.0,58.0,0.04999999999999982,2.75,8.956527824087377
1.52,Fair,H,SI1,61.2,60.0,0.09999999999999964,2.8,9.190212925106012
0.58,Ideal,I,VVS1,62.1,56.0,-0.019999999999999574,2.03,7.464467085373057
1.07,Ideal,H,SI1,62.0,57.0,-0.04999999999999982,2.51,8.552964018698512
0.72,Premium,D,SI1,62.7,59.0,-0.040000000000000036,2.1500000000000004,7.919272887999904
0.6,Ideal,E,VS1,61.6,55.0,-0.05000000000000071,2.1200000000000006,7.736534645895928
1.1,Ideal,G,VS1,61.3,57.0,0.07000000000000028,2.5300000000000002,8.93799188033515
0.61,Premium,I,VS2,61.8,56.0,0.03000000000000025,2.06,7.335500731522244
1.02,Ideal,H,SI1,61.2,56.0,-0.019999999999999574,2.53,8.520702169709185
0.73,Ideal,E,VS1,61.7,57.0,-0.03000000000000025,2.23,8.147976233756445
0.75,Premium,D,SI1,59.2,58.0,0.03000000000000025,2.4099999999999997,8.00223991679784
0.5,Ideal,F,IF,62.0,55.0,-0.040000000000000036,1.96,7.559598527377773
0.9,Good,G,IF,63.1,58.0,-0.08999999999999986,2.3099999999999996,8.692141061135839
0.36,Premium,F,SI1,61.6,60.0,-0.07000000000000028,1.7900000000000005,6.456351662077731
1.0,Premium,G,VS1,60.9,60.0,0.03000000000000025,2.5,8.777714853139456
1.75,Premium,H,SI1,61.4,59.0,0.09999999999999964,2.9400000000000004,9.40614353041461
0.43,Ideal,F,SI1,61.3,56.0,0.040000000000000036,1.87,6.829104209805911
0.52,Ideal,I,VS2,61.9,58.0,-0.03000000000000025,1.98,7.1009550580897525
1.16,Premium,I,VS2,62.4,58.0,0.040000000000000036,2.49,8.60179006442332
0.47,Very Good,H,VS2,57.2,60.0,-0.03000000000000025,2.2399999999999998,6.996627941558467
1.53,Very Good,G,VS2,58.9,59.0,-0.03000000000000025,3.1400000000000006,9.466920601738186
0.55,Good,D,SI2,63.2,56.0,-0.03000000000000025,1.9400000000000004,7.098128885025064
1.06,Ideal,F,SI1,62.2,57.0,0.019999999999999574,2.45,8.6177103382124
0.4,Very Good,E,SI2,58.7,59.0,-0.040000000000000036,2.0000000000000004,6.50928587870293
1.52,Premium,G,VS1,62.4,58.0,0.07000000000000028,2.7199999999999998,9.505529364409051
0.24,Ideal,F,VVS2,62.4,55.0,-0.02999999999999936,1.5199999999999996,6.3263775129694455
1.51,Premium,G,VS1,60.1,58.0,0.03000000000000025,2.96,9.516689332741846
0.57,Premium,F,SI2,61.7,59.0,0.03000000000000025,2.0199999999999996,7.172610307188854
1.16,Good,F,SI2,63.7,63.0,-0.08000000000000007,2.4299999999999997,8.457216393362962
0.53,Premium,H,SI1,60.9,60.0,0.0699999999999994,2.0100000000000002,7.116465301810373
1.01,Fair,G,VS1,64.6,60.0,0.1200000000000001,2.16,8.617520426016064
1.18,Ideal,I,SI2,61.9,54.0,-0.07000000000000028,2.63,8.481353091354384
0.33,Ideal,G,VVS1,61.8,55.0,-0.03000000000000025,1.73,6.714570816181169
0.54,Good,D,SI1,64.1,55.0,0.040000000000000036,1.8200000000000003,7.243190704380112
1.04,Ideal,H,VS2,61.0,57.0,0.02999999999999936,2.54,8.606732131768089
0.74,Ideal,F,VVS2,61.7,57.0,-0.04999999999999982,2.25,8.218043196877728
1.0,Very Good,E,VS2,62.4,62.0,-0.05999999999999961,2.4199999999999995,8.741543009729494
1.22,Very Good,H,SI1,62.4,57.0,-0.040000000000000036,2.58,8.755552271582633
0.9,Ideal,F,SI1,61.5,56.0,0.04999999999999982,2.37,8.331365681097129
2.03,Premium,H,SI1,61.7,59.0,-0.07000000000000028,3.1500000000000004,9.654426581720424
0.3,Ideal,G,VS2,62.5,53.0,-0.03000000000000025,1.6199999999999997,6.260745062041327
1.12,Ideal,G,VS2,62.2,54.0,0.03000000000000025,2.49,8.861796310695546
0.32,Ideal,H,SI1,60.6,57.0,0.040000000000000036,1.7200000000000002,6.375141900633194
0.9,Ideal,G,VS1,61.6,55.0,0.03999999999999915,2.3800000000000003,8.52183488831348
0.5,Ideal,D,SI2,61.6,57.0,0.03000000000000025,1.9499999999999997,6.953695499761692
0.31,Premium,H,VVS2,61.4,58.0,0.04999999999999982,1.6500000000000004,6.594103106321707
1.59,Ideal,I,SI1,62.1,57.0,0.020000000000000462,2.8200000000000003,9.172487750956671
1.25,Premium,G,VS1,60.0,61.0,0.11000000000000032,2.6899999999999995,9.10466764598232
1.01,Ideal,I,I1,61.5,57.0,-0.009999999999999787,2.4899999999999998,8.022181630859055
0.72,Ideal,D,SI1,60.8,57.0,0.009999999999999787,2.25,8.006558515786752
0.72,Premium,H,SI1,62.7,59.0,0.040000000000000036,2.1100000000000003,7.726335801747237
0.93,Premium,E,SI2,60.5,57.0,0.04999999999999982,2.4800000000000004,8.20247201984933
1.04,Ideal,D,VVS2,60.9,57.0,-0.05999999999999961,2.5999999999999996,9.274727871904123
1.8,Good,F,SI2,57.9,58.0,-0.05000000000000071,3.4400000000000004,9.35412316705714
1.0,Premium,E,SI2,62.9,61.0,0.0699999999999994,2.2900000000000005,8.331075650337766
0.3,Ideal,J,SI1,62.3,57.0,-0.03000000000000025,1.63,5.90962042046636
0.72,Premium,H,VS2,61.7,56.0,0.03999999999999915,2.1800000000000006,7.823661917595018
0.79,Premium,E,VS2,62.1,59.0,0.040000000000000036,2.2100000000000004,8.111514817783569
0.7,Very Good,G,SI1,61.7,57.0,-0.14999999999999947,2.27,7.795977315940959
1.13,Premium,G,IF,61.2,59.0,-0.07000000000000028,2.6500000000000004,9.196797368091216
0.9,Good,H,VS2,64.3,60.0,-0.020000000000000462,2.16,8.17772421603806
1.0,Premium,G,VS1,60.9,60.0,0.09999999999999964,2.5,8.777714853139456
0.26,Premium,G,VS1,61.3,60.0,0.04999999999999982,1.5600000000000005,6.370184017657057
0.5,Very Good,E,VS2,63.4,59.0,0.03000000000000025,1.8399999999999994,7.215308580002948
2.01,Ideal,H,SI1,61.5,55.0,0.049999999999998934,3.0900000000000007,9.674639516395013
0.71,Premium,H,SI2,62.4,56.0,0.0600000000000005,2.0999999999999996,7.591915977631656
1.01,Ideal,J,SI1,62.8,57.0,-0.040000000000000036,2.41,8.242838855088328
0.81,Ideal,E,VS2,62.0,55.0,-0.020000000000000462,2.2800000000000002,8.252298009065528
0.75,Good,G,VVS1,58.4,56.0,-0.07999999999999918,2.5399999999999996,8.150094476783936
0.3,Premium,F,VVS1,62.0,59.0,0.040000000000000036,1.6,6.6475631787201594
1.57,Premium,F,SI1,60.4,59.0,0.03000000000000025,2.9800000000000004,9.37303351297771
0.76,Very Good,E,VS1,62.1,58.0,-0.04999999999999982,2.2499999999999996,8.184900416803403
0.32,Ideal,E,VS2,61.8,54.0,-0.02999999999999936,1.6999999999999997,6.513269809519722
0.37,Ideal,E,VS2,62.5,56.0,-0.03000000000000025,1.7400000000000002,6.64544313288004
0.55,Ideal,H,SI2,61.4,55.0,-0.020000000000000462,2.05,7.009685381055229
0.72,Ideal,G,VS1,60.4,57.0,-0.03000000000000025,2.32,8.042214539232113
1.03,Very Good,D,SI2,60.9,57.0,-0.019999999999999574,2.57,8.479007185489696
0.23,Very Good,E,VVS2,61.1,62.0,-0.020000000000000018,1.54,6.061428626184218
0.3,Ideal,G,IF,61.8,55.0,-0.040000000000000036,1.6800000000000002,6.557304617034538
1.0,Good,F,VS2,63.7,59.0,0.05000000000000071,2.26,8.636346084789176
0.9,Very Good,F,SI1,63.4,56.0,-0.0600000000000005,2.2600000000000002,8.290176898782788
2.1,Fair,G,I1,67.4,59.0,0.0600000000000005,2.5199999999999996,8.890190402515804
2.13,Ideal,J,VS2,62.1,55.0,-0.05999999999999872,3.1599999999999993,9.561686591965936
0.7,Premium,F,VS2,62.6,61.0,0.04999999999999982,2.0800000000000005,7.797129784095527
0.5,Ideal,F,VVS2,62.0,53.6,-0.040000000000000036,1.9499999999999997,7.421868602345294
0.33,Ideal,F,VS1,62.8,55.0,-0.040000000000000036,1.6700000000000004,6.574778490852144
0.5,Premium,E,VS1,58.8,62.0,0.03000000000000025,2.11,7.332062870816537
1.08,Ideal,H,SI1,62.8,57.0,0.040000000000000036,2.41,8.51564681704116
0.9,Very Good,D,SI1,62.4,63.0,-0.02999999999999936,2.3299999999999996,8.361399645033952
0.7,Premium,F,VVS2,62.6,59.0,0.040000000000000036,2.0900000000000003,8.017787535128807
2.15,Premium,H,SI2,62.2,56.0,0.08999999999999986,3.0699999999999994,9.571951361476193
1.04,Premium,E,VS1,58.6,59.0,0.040000000000000036,2.7399999999999998,8.929055354978669
1.1,Very Good,I,VS1,61.0,59.0,-0.019999999999999574,2.6100000000000003,8.652226078774095
0.31,Ideal,G,VVS1,60.8,56.0,0.02999999999999936,1.7000000000000002,6.79754562388792
0.5,Ideal,J,VS2,62.5,53.0,-0.03000000000000025,1.9300000000000002,6.801849155701679
0.31,Ideal,E,VVS2,61.1,56.0,-0.009999999999999787,1.7099999999999995,6.661509197270804
0.8,Very Good,H,VS2,62.8,57.0,-0.040000000000000036,2.21,8.003537256567983
0.72,Very Good,F,VS1,62.2,58.0,0.04999999999999982,2.14,7.979292353020319
0.51,Good,H,SI2,63.7,61.0,0.03000000000000025,1.79,6.797903995839528
0.91,Very Good,F,SI1,60.1,58.0,-0.04999999999999982,2.55,8.323323595618355
0.6,Ideal,H,SI2,61.9,55.0,-0.03000000000000025,2.09,7.166921971339673
1.0,Fair,D,SI2,65.6,66.0,0.08999999999999986,2.0399999999999996,8.199535761388962
0.77,Ideal,J,VS2,62.5,57.0,-0.11000000000000032,2.25,7.674985484977697
0.62,Good,D,VS2,58.9,64.0,0.07000000000000028,2.26,7.672050580822428
0.73,Ideal,G,VVS2,61.9,56.0,0.05999999999999961,2.17,8.023474419453768
0.9,Good,G,VS2,61.5,61.0,-0.03000000000000025,2.4,8.374968009523345
0.33,Premium,H,VS1,61.0,59.0,0.04999999999999982,1.7200000000000002,6.524189389522559
1.04,Very Good,H,SI1,62.2,57.0,-0.0600000000000005,2.4700000000000006,8.491342200170724
0.91,Ideal,I,VS1,62.4,57.0,-0.040000000000000036,2.35,8.302067431571341
0.29,Fair,F,SI1,55.8,60.0,0.07000000000000028,1.9300000000000002,6.2226580081029175
0.31,Ideal,I,VS1,61.7,54.6,-0.009999999999999787,1.6799999999999997,6.216923374462966
1.7,Ideal,H,VS2,62.8,55.0,0.07000000000000028,2.7800000000000002,9.476791932459472
0.42,Ideal,H,VVS1,61.4,55.0,-0.020000000000000462,1.87,6.946440374693128
0.32,Ideal,E,VVS2,62.4,56.0,0.040000000000000036,1.6399999999999997,6.853842954548546
0.4,Very Good,F,VS1,62.9,58.0,-0.040000000000000036,1.7599999999999998,6.781835528613374
0.33,Ideal,E,VS2,60.5,56.0,-0.02999999999999936,1.7899999999999996,6.525352857344658
0.71,Ideal,F,SI2,62.1,56.0,0.04999999999999982,2.14,7.736424488176256
1.7,Good,J,VS2,62.4,61.0,-0.0600000000000005,2.8500000000000005,9.228724417101144
1.24,Very Good,I,VS1,61.4,63.0,0.009999999999999787,2.6499999999999995,8.795831123420053
0.33,Very Good,J,VVS2,62.1,56.0,-0.009999999999999787,1.6900000000000004,6.263648562150134
0.52,Very Good,E,SI2,62.6,58.0,-0.02999999999999936,1.9299999999999997,7.021418167769942
0.74,Ideal,F,VVS2,61.5,55.0,0.02999999999999936,2.2300000000000004,8.215974194367968
1.12,Ideal,H,VVS2,62.3,53.0,-0.0600000000000005,2.54,8.87807944295013
0.52,Very Good,I,VVS2,61.9,56.0,-0.019999999999999574,1.9799999999999995,7.327687528768017
0.41,Very Good,G,VS2,61.4,57.0,-0.04999999999999982,1.8699999999999997,6.680986231763399
0.5,Ideal,D,SI1,59.9,60.0,0.020000000000000462,2.05,7.159944525539214
0.24,Very Good,E,VVS2,62.5,58.0,-0.04999999999999982,1.5199999999999996,6.21319052938864
0.8,Ideal,G,SI2,61.6,56.0,-0.040000000000000036,2.32,7.9228408569982625
1.34,Ideal,H,VS2,61.9,55.0,-0.03000000000000025,2.71,8.951815838388272
0.27,Very Good,E,VS2,61.3,58.0,-0.03000000000000025,1.62,6.155422301301676
2.01,Fair,H,SI2,65.8,63.0,0.08999999999999986,2.5999999999999996,9.459950954368498
0.65,Fair,F,VS2,58.3,64.0,0.08000000000000007,2.3200000000000003,7.6654166552909615
0.37,Ideal,H,VVS1,62.3,56.0,-0.03000000000000025,1.7399999999999998,6.708222267956055
1.27,Ideal,H,SI1,61.5,55.0,0.019999999999999574,2.67,8.832267710134188
0.35,Ideal,G,VVS2,62.1,56.0,0.040000000000000036,1.6799999999999997,6.7876024492234945
1.86,Good,G,SI2,63.8,55.0,0.05999999999999961,2.7800000000000002,9.295575051937673
0.8,Very Good,F,SI1,61.6,59.0,-0.05999999999999961,2.31,8.065032445033712
2.03,Premium,G,I1,61.1,58.0,0.049999999999998934,3.12,9.079805738553736
1.56,Very Good,I,VS2,59.7,60.0,-0.04999999999999982,3.0700000000000003,9.173503712518498
0.3,Ideal,G,VVS1,62.3,54.0,0.020000000000000462,1.6199999999999997,6.61379051821691
1.16,Good,F,SI2,63.7,63.0,0.08000000000000007,2.3499999999999996,8.422748261516464
0.72,Ideal,J,SI1,62.6,56.0,-0.07000000000000028,2.1700000000000004,7.54467606480474
0.71,Premium,F,SI2,62.6,59.0,0.040000000000000036,2.0799999999999996,7.67698063088531
0.7,Premium,D,SI2,60.5,58.0,0.05999999999999961,2.25,7.7576857676616005
0.7,Good,I,SI1,62.8,59.0,-0.0600000000000005,2.1200000000000006,7.53844159265979
0.3,Ideal,G,VS1,61.8,57.0,-0.03000000000000025,1.6600000000000001,6.30935951861008
0.9,Fair,D,SI1,64.5,61.0,0.040000000000000036,2.1199999999999997,8.198967506774723
0.9,Fair,G,SI2,65.3,59.0,0.07000000000000028,2.06,7.937017183153979
0.32,Ideal,D,VS2,62.3,57.0,0.020000000000000462,1.6499999999999995,6.751358084555227
1.13,Premium,I,SI1,62.8,57.0,0.040000000000000036,2.46,8.477633424167818
1.0,Very Good,F,VS2,61.9,58.0,-0.08000000000000007,2.5,8.728109615869036
0.42,Ideal,J,VS1,62.3,53.0,-0.03000000000000025,1.8400000000000003,6.523127338584391
0.8,Premium,D,SI1,61.7,58.0,0.03000000000000025,2.26,8.116551604946434
1.22,Ideal,F,SI1,62.8,55.0,0.08000000000000007,2.5,8.871966739086375
0.37,Very Good,E,VS2,64.0,55.0,-0.05000000000000071,1.6600000000000001,6.592880570278895
1.06,Premium,G,VVS2,62.4,55.0,0.040000000000000036,2.4299999999999997,8.97814976421631
0.54,Ideal,E,VVS2,61.1,57.0,0.02999999999999936,2.0300000000000002,7.767248290495274
1.01,Ideal,F,SI2,61.5,56.0,-0.07000000000000028,2.52,8.44245352977236
0.54,Ideal,J,VVS1,62.2,54.0,-0.019999999999999574,1.9900000000000002,7.304833035229985
1.33,Very Good,I,SI1,62.6,56.0,-0.0600000000000005,2.6500000000000004,8.752190352741616
0.29,Ideal,H,IF,62.2,55.0,-0.03000000000000025,1.6300000000000003,6.486440589310969
1.02,Very Good,F,SI1,59.8,58.0,-0.05999999999999961,2.65,8.582180560964854
0.38,Ideal,F,VS2,62.3,54.0,-0.040000000000000036,1.7800000000000002,6.632825109506028
0.33,Very Good,F,VVS1,61.1,58.0,-0.040000000000000036,1.75,6.72546066473075
0.5,Premium,F,VS1,61.3,59.0,-0.0600000000000005,2.0100000000000002,7.291531857532854
1.01,Very Good,I,SI1,63.1,58.0,0.04999999999999982,2.3200000000000003,8.314770667045838
0.51,Premium,D,SI1,61.9,60.0,0.03000000000000025,1.94,7.222715721007974
1.51,Premium,G,VS1,62.6,60.0,0.08999999999999986,2.66,9.500744283746874
1.08,Ideal,D,SI2,60.2,57.0,-0.040000000000000036,2.67,8.539249252235859
0.32,Ideal,E,VVS2,61.5,56.0,-0.03000000000000025,1.7200000000000002,6.694512871264307
1.26,Ideal,G,SI2,61.8,57.0,-0.020000000000000462,2.66,8.72700427703012
0.4,Ideal,G,SI1,60.1,56.0,-0.04999999999999982,1.9499999999999997,6.586393867031252
0.82,Ideal,E,SI1,62.1,54.0,-0.04999999999999982,2.3000000000000003,8.142953590658504
0.41,Ideal,H,VVS1,61.5,55.0,0.019999999999999574,1.8399999999999999,6.998532698176336
0.32,Premium,E,SI2,61.7,60.0,0.03000000000000025,1.67,6.3854224756185065
1.0,Premium,E,SI2,61.1,58.0,-0.040000000000000036,2.5300000000000002,8.417433454290398
1.52,Good,E,I1,57.3,58.0,0.11000000000000032,3.1399999999999997,8.538535078096778
1.0,Very Good,E,VS1,63.2,55.0,0.04999999999999982,2.3,8.84908378578322
0.26,Very Good,F,VVS2,59.9,59.0,-0.08000000000000007,1.71,6.283301610411635
1.04,Ideal,G,VS1,61.5,55.0,-0.009999999999999787,2.5300000000000002,8.863708983507957
1.54,Premium,G,SI1,60.5,61.0,0.02999999999999936,2.9300000000000006,9.288282134371372
0.31,Ideal,H,VVS1,61.9,55.0,-0.03000000000000025,1.69,6.549746250200252
0.33,Good,I,VVS2,63.7,56.0,0.040000000000000036,1.5700000000000003,6.447992632935582
0.37,Very Good,D,VS1,61.1,58.0,-0.040000000000000036,1.8400000000000003,6.711695520735212
0.53,Ideal,E,VS2,62.1,56.0,-0.03000000000000025,1.98,7.421892256133769
0.57,Ideal,E,VS2,61.6,56.0,0.04999999999999982,2.0300000000000002,7.556157224784702
2.14,Premium,I,VS2,60.7,59.0,0.05000000000000071,3.2399999999999993,9.67380381113576
1.01,Fair,H,SI2,64.5,54.0,0.10999999999999943,2.1500000000000004,8.188319185534938
0.71,Premium,I,VS1,61.8,58.0,0.040000000000000036,2.17,7.720397259061677
1.18,Ideal,E,VS1,62.4,54.0,0.04999999999999982,2.5200000000000005,9.165055042083642
0.41,Ideal,G,VVS2,61.3,56.0,-0.020000000000000462,1.8599999999999999,6.915130535194836
2.14,Very Good,E,SI2,61.5,58.0,-0.07000000000000028,3.2200000000000006,9.627433789195926
0.7,Fair,I,SI1,65.2,58.0,0.040000000000000036,1.9199999999999995,7.5018738152883815
2.14,Premium,J,SI2,58.4,58.0,0.019999999999999574,3.5300000000000002,9.515487291275912
0.55,Ideal,G,VVS2,61.9,56.0,0.03999999999999915,1.9800000000000004,7.574398678598122
1.19,Premium,H,SI1,62.7,56.0,0.05999999999999961,2.4800000000000004,8.649971824639179
0.31,Ideal,J,VS1,61.2,55.0,-0.019999999999999574,1.7099999999999995,6.121235191086032
0.36,Ideal,G,SI1,61.4,55.0,-0.02999999999999936,1.7999999999999998,6.399514383639905
0.52,Ideal,D,I1,61.1,57.0,-0.020000000000000462,2.0300000000000002,7.100439534242213
1.24,Premium,G,VS1,62.0,59.0,-0.040000000000000036,2.6399999999999997,9.10331092484237
0.68,Good,F,SI1,61.2,61.0,-0.040000000000000036,2.1999999999999997,7.651084173651309
1.75,Ideal,J,SI1,63.3,59.0,0.05999999999999961,2.7600000000000007,9.175016534898004
0.31,Ideal,E,VS2,62.0,56.0,0.019999999999999574,1.6500000000000004,6.694107331504969
0.7,Ideal,D,SI1,62.5,55.0,-0.040000000000000036,2.1599999999999997,7.8930052447460435
0.62,Very Good,H,SI1,60.1,61.0,-0.040000000000000036,2.2399999999999998,7.325725930268026
0.3,Good,H,VVS1,63.3,59.0,-0.0600000000000005,1.5900000000000003,6.356741498818867
0.4,Good,E,SI1,63.5,55.0,-0.040000000000000036,1.73,6.593931766591725
0.42,Premium,H,VVS1,62.0,58.0,0.03000000000000025,1.81,7.007097442895842
0.77,Premium,E,SI2,61.7,61.0,0.02999999999999936,2.2500000000000004,7.857801339627535
0.31,Ideal,F,VS1,60.6,56.0,-0.03000000000000025,1.75,6.505731346295769
1.07,Very Good,G,VS2,62.9,59.0,-0.02999999999999936,2.4299999999999997,8.794840714724057
0.32,Ideal,G,VVS1,62.4,56.0,-0.02999999999999936,1.6599999999999997,6.680223596176751
1.2,Very Good,H,SI1,63.5,58.0,-0.040000000000000036,2.4700000000000006,8.687697853440179
0.71,Very Good,G,VS2,64.5,57.0,-0.040000000000000036,1.9999999999999996,7.797011424669972
0.34,Ideal,H,SI1,60.7,56.0,-0.0600000000000005,1.8200000000000003,6.254363436866116
0.79,Premium,G,SI1,61.7,60.0,0.019999999999999574,2.2600000000000002,7.92650516578762
1.19,Good,H,VS1,60.8,61.0,-0.019999999999999574,2.7,8.841893315678854
1.02,Premium,F,VS1,60.5,56.0,0.09000000000000075,2.5499999999999994,8.911795586516032
1.33,Ideal,H,SI1,62.7,56.0,-0.04999999999999982,2.6399999999999997,8.880678106358744
0.31,Premium,G,VVS1,61.1,58.0,-0.02999999999999936,1.6999999999999997,6.644688045401279
0.73,Very Good,H,VS1,61.4,58.0,-0.09999999999999964,2.2899999999999996,7.9344231040628825
0.9,Very Good,G,VS2,59.0,58.0,-0.040000000000000036,2.59,8.42318405243666
0.46,Premium,F,VS1,63.0,57.0,0.13999999999999968,1.73,7.088815339542082
0.7,Ideal,F,VVS1,62.2,55.0,0.03000000000000025,2.1300000000000003,8.103403491102553
0.8,Ideal,G,VS2,61.2,57.0,-0.05000000000000071,2.37,8.150107236884864
0.28,Very Good,E,VS2,63.7,58.0,-0.019999999999999574,1.5099999999999998,6.180745021586727
1.04,Premium,D,VVS2,60.8,58.0,0.040000000000000036,2.5300000000000002,9.224066787066848
0.39,Very Good,E,VVS2,59.5,58.0,-0.02999999999999936,1.9399999999999995,6.916155859180231
0.31,Good,D,SI1,63.5,58.0,-0.03000000000000025,1.5799999999999996,6.306350766795934
1.2,Ideal,F,VS1,62.9,53.0,0.05000000000000071,2.51,9.184313888972342
0.5,Very Good,F,VS1,61.9,62.0,-0.040000000000000036,1.9399999999999995,7.20530203104421
0.3,Premium,G,VS1,62.5,55.0,0.07000000000000028,1.5699999999999998,6.480894322748027
0.26,Ideal,G,VVS2,62.0,56.0,-0.03000000000000025,1.5900000000000003,6.306397658025548
1.05,Very Good,E,VS1,63.1,59.0,0.040000000000000036,2.37,8.964736285813029
0.33,Ideal,G,VVS1,60.4,58.0,-0.009999999999999787,1.7899999999999996,6.710253217182524
1.12,Ideal,E,SI2,60.9,57.0,0.0600000000000005,2.5599999999999996,8.49397987303622
1.03,Ideal,J,SI1,62.1,55.0,-0.04999999999999982,2.4799999999999995,8.319063733750768
0.33,Premium,F,VVS2,62.5,59.0,0.0699999999999994,1.6300000000000003,6.812538206927567
1.01,Good,H,SI1,60.6,61.0,-0.040000000000000036,2.53,8.437067614559997
0.31,Ideal,E,VVS1,59.8,60.0,-0.040000000000000036,1.79,6.752487995434823
2.01,Premium,I,VS1,61.5,62.0,0.1299999999999999,3.0200000000000005,9.635884260777278
0.37,Very Good,F,SI1,62.4,59.0,-0.040000000000000036,1.7399999999999998,6.415871501912827
1.66,Good,G,VS2,63.2,56.0,-0.1200000000000001,2.8400000000000007,9.599760792653058
0.9,Good,H,SI2,64.5,58.0,0.040000000000000036,2.1,7.936191604084757
0.4,Very Good,D,SI2,62.8,56.0,-0.03000000000000025,1.7700000000000005,6.494652252922023
0.3,Very Good,G,VVS1,62.9,57.0,-0.040000000000000036,1.6099999999999999,6.428256465168128
1.0,Ideal,E,SI1,62.2,53.9,-0.09999999999999964,2.5,8.625147300672642
0.33,Ideal,F,VS2,61.6,56.0,-0.019999999999999574,1.7199999999999998,6.487956752064724
0.44,Ideal,D,VS1,61.3,56.0,-0.04999999999999982,1.92,6.99645306415992
1.13,Ideal,H,VS2,62.0,55.0,0.02999999999999936,2.5200000000000005,8.726424334700733
0.3,Premium,D,SI2,60.2,60.0,-0.02999999999999936,1.7399999999999998,6.097801042541656
1.58,Premium,G,VS1,62.1,59.0,0.03000000000000025,2.8099999999999996,9.533838655406823
0.9,Very Good,D,SI2,59.5,58.0,-0.04999999999999982,2.58,8.249490964977745
0.7,Premium,G,SI1,61.6,58.0,0.05999999999999961,2.1500000000000004,7.724278696971323
0.61,Ideal,G,SI1,61.7,55.0,-0.03000000000000025,2.1100000000000003,7.384809575120392
0.7,Ideal,E,SI1,61.6,57.0,-0.04999999999999982,2.23,7.9115978147150505
0.7,Ideal,E,SI1,61.6,56.0,-0.03000000000000025,2.22,7.91861902549749
1.05,Premium,G,VS1,61.6,58.0,0.02999999999999936,2.4800000000000004,8.857270871221145
0.3,Ideal,H,VVS1,61.2,57.0,-0.08999999999999986,1.7299999999999995,6.411127149113585
1.51,Premium,F,VS1,62.7,59.0,0.07999999999999918,2.670000000000001,9.588281671380416
1.67,Ideal,H,VS2,62.6,56.0,-0.020000000000000462,2.84,9.448193812080538
0.41,Very Good,G,VS1,60.6,56.0,-0.040000000000000036,1.9300000000000002,6.768891930871547
1.03,Ideal,I,VS2,61.2,56.0,-0.009999999999999787,2.53,8.533931667257336
1.51,Good,I,VS1,62.0,56.0,-0.05999999999999961,2.79,9.220972453873621
0.35,Ideal,E,VS2,63.5,54.0,0.05000000000000071,1.5999999999999996,6.770323923552284
1.08,Ideal,G,IF,61.3,57.0,0.03000000000000025,2.54,9.151213683439792
0.41,Premium,J,VS1,62.0,55.0,0.02999999999999936,1.79,6.601657553115946
0.52,Fair,I,VVS2,60.4,66.0,0.05999999999999961,2.04,7.343942070321647
0.59,Ideal,D,SI1,61.8,56.0,0.03000000000000025,2.04,7.434239336566556
0.41,Very Good,F,VVS1,63.3,55.0,-0.040000000000000036,1.75,7.0083711518323355
0.31,Ideal,D,VS2,62.6,56.0,-0.03000000000000025,1.6400000000000001,6.533355049953212
0.31,Ideal,H,VVS1,62.2,54.0,-0.03000000000000025,1.6600000000000001,6.549746250200252
0.7,Ideal,I,VVS2,61.8,56.0,-0.05999999999999961,2.21,7.7963926480513255
0.37,Very Good,H,VS2,61.2,54.0,-0.08000000000000007,1.85,6.402912833094552
1.21,Very Good,H,VS1,62.3,58.0,-0.03000000000000025,2.55,8.883512002820368
0.32,Very Good,E,VS2,62.8,54.0,-0.03000000000000025,1.6399999999999997,6.453810558926414
1.5,Good,I,SI2,65.0,55.0,-0.08999999999999986,2.5600000000000005,8.94132495276499
1.51,Very Good,E,SI2,63.1,61.0,-0.04999999999999982,2.71,9.124814686128522
0.41,Ideal,G,VS1,61.4,55.0,-0.019999999999999574,1.8599999999999999,6.793642399736329
1.01,Ideal,E,VVS2,62.0,56.0,0.08000000000000007,2.34,9.120017487374035
0.5,Good,D,SI2,63.7,60.0,0.07000000000000028,1.7999999999999994,6.859170297140711
1.53,Premium,E,SI1,61.3,59.0,0.05000000000000071,2.83,9.3615722059772
0.58,Ideal,G,VS2,61.1,55.0,0.03000000000000025,2.1,7.456419690323204
1.0,Fair,E,VVS2,56.8,58.0,-0.04999999999999982,2.88,8.982743653471797
0.9,Premium,E,SI1,60.8,59.0,-0.04999999999999982,2.4600000000000004,8.372191656996497
0.56,Good,D,SI2,63.2,54.0,-0.019999999999999574,1.94,7.112987960110403
0.39,Premium,E,VS2,62.5,60.0,0.03000000000000025,1.7299999999999995,6.917068190405451
0.33,Ideal,I,VVS2,62.7,54.0,-0.03000000000000025,1.6700000000000004,6.397192865596207
0.39,Good,G,VS2,60.3,60.6,-0.009999999999999787,1.87,6.612942642089455
1.61,Very Good,E,SI2,62.6,60.0,-0.10000000000000053,2.83,9.23683473986747
0.29,Ideal,I,VS1,61.7,56.0,-0.04999999999999982,1.6499999999999995,6.118818917705861
1.58,Ideal,E,VS1,62.6,56.0,-0.03000000000000025,2.79,9.660166801599322
1.7,Very Good,I,VS2,63.0,58.0,-0.13000000000000078,2.87,9.382800808087191
0.7,Very Good,E,SI1,63.3,60.0,0.03000000000000025,2.03,7.766039268653886
0.31,Ideal,G,VVS2,61.8,54.0,-0.019999999999999574,1.6799999999999997,6.54884967286012
0.32,Premium,F,VS2,60.6,59.0,-0.040000000000000036,1.7600000000000002,6.455012536037585
1.01,Very Good,I,SI2,63.7,57.0,-0.040000000000000036,2.3200000000000003,8.255169243685447
0.36,Ideal,E,VS1,61.6,57.0,-0.040000000000000036,1.77,6.719998540838003
0.23,Very Good,F,VVS1,61.8,57.0,-0.020000000000000018,1.52,6.213246984992701
0.9,Very Good,E,IF,63.9,55.0,-0.040000000000000036,2.21,8.836324162447399
1.26,Ideal,G,SI2,60.9,55.0,0.04999999999999982,2.7199999999999998,8.697417464353277
1.08,Ideal,G,SI2,62.3,56.0,-0.040000000000000036,2.49,8.452977769709559
0.76,Ideal,I,IF,61.6,55.0,0.03000000000000025,2.2499999999999996,7.998790100656267
1.03,Premium,G,SI2,63.0,60.0,0.040000000000000036,2.34,8.316154910496252
0.5,Ideal,G,VS1,62.6,57.0,-0.03000000000000025,1.9100000000000001,7.176160321490488
0.5,Very Good,F,SI2,62.2,54.0,-0.05999999999999961,1.9599999999999995,6.8103041753242115
0.7,Good,D,SI1,64.2,60.0,-0.03000000000000025,2.02,7.767335042571647
0.73,Premium,F,VS2,62.5,57.0,0.04999999999999982,2.12,7.9246392508659484
0.26,Very Good,E,VVS2,62.6,58.0,-0.040000000000000036,1.5500000000000003,6.2789825021997245
1.32,Premium,H,SI1,61.5,61.0,0.08000000000000007,2.66,8.82784483364023
1.12,Premium,F,VS2,62.8,56.0,0.05999999999999961,2.4400000000000004,8.862557422750948
1.03,Very Good,H,VS1,61.9,59.0,-0.04999999999999982,2.49,8.660514736136042
0.32,Ideal,I,SI1,62.4,57.0,0.020000000000000462,1.6299999999999994,6.266878405312082
0.33,Very Good,F,VVS2,63.5,54.0,0.04999999999999982,1.58,6.725797487109584
0.5,Premium,F,SI1,61.0,60.0,0.03000000000000025,1.9700000000000002,7.062841310450118
1.02,Premium,G,VVS1,63.0,58.0,0.02999999999999936,2.3600000000000003,8.971898792453715
0.38,Ideal,E,VS2,60.1,56.0,-0.02999999999999936,1.8899999999999997,6.670221214785962
1.08,Premium,G,SI2,60.7,60.0,0.02999999999999936,2.5900000000000007,8.404090301303219
0.4,Premium,F,VVS1,60.2,59.0,0.019999999999999574,1.8800000000000003,7.11092732696983
1.4,Premium,D,VS1,62.8,58.0,0.09999999999999964,2.6000000000000005,9.467012358172083
0.59,Premium,E,VS2,60.8,57.0,0.04999999999999982,2.0900000000000003,7.567715810197075
0.53,Ideal,D,SI1,62.2,56.0,-0.040000000000000036,1.9900000000000002,7.305828039587342
1.55,Premium,H,VS2,60.7,59.0,-0.040000000000000036,2.96,9.30420237864625
0.32,Premium,G,VS2,62.5,58.0,-0.019999999999999574,1.65,6.385193096175966
1.01,Premium,G,VS2,61.9,59.0,0.040000000000000036,2.4,8.687835678734073
1.09,Premium,D,SI2,62.8,56.0,0.040000000000000036,2.3900000000000006,8.455921895055551
0.51,Very Good,F,VS2,63.1,57.0,0.019999999999999574,1.87,7.290699563477747
0.43,Very Good,G,VS1,62.2,59.0,-0.03000000000000025,1.8399999999999999,6.819240815635981
0.32,Premium,I,VS2,62.2,59.0,0.020000000000000462,1.6399999999999997,6.368350939734245
0.4,Ideal,G,SI2,62.1,53.0,-0.03000000000000025,1.8200000000000003,6.44347849405875
0.32,Very Good,E,VS2,61.6,58.0,-0.0699999999999994,1.7399999999999998,6.452732898585547
0.41,Premium,E,VVS2,60.9,60.0,0.010000000000000675,1.8799999999999994,7.099520775408917
1.2,Very Good,G,VS1,61.0,59.0,-0.05000000000000071,2.6900000000000004,9.094413382516729
0.76,Premium,F,SI2,62.3,55.0,0.040000000000000036,2.19,7.782487360218914
0.47,Ideal,G,SI1,60.8,56.0,-0.03000000000000025,1.9800000000000004,6.857392300088589
1.13,Very Good,H,SI2,62.7,55.0,-0.08000000000000007,2.5200000000000005,8.463162447517648
1.7,Premium,I,SI2,62.9,59.0,0.0600000000000005,2.7699999999999996,9.140434343120443
2.05,Ideal,F,SI2,62.0,56.0,-0.07000000000000028,3.13,9.642348264809739
1.7,Very Good,E,VS2,58.6,60.0,0.08999999999999986,3.21,9.634561575462863
1.01,Good,G,VS2,57.5,62.0,0.04999999999999982,2.7600000000000002,8.66130630821114
0.54,Premium,D,SI1,60.4,60.0,0.020000000000000462,2.0599999999999996,7.358575686395326
2.0,Premium,G,SI2,61.8,58.0,0.0600000000000005,3.0300000000000002,9.54114574348883
0.32,Very Good,E,SI1,63.2,56.0,0.03000000000000025,1.5899999999999999,6.469229235225271
1.5,Good,D,SI2,61.1,64.0,-0.08999999999999986,2.8899999999999997,9.153471656539734
0.71,Premium,I,VVS1,63.0,58.0,0.019999999999999574,2.0900000000000003,7.814607235130777
0.37,Good,H,SI1,63.2,57.0,-0.040000000000000036,1.7000000000000002,6.268641387649571
0.37,Premium,F,VS2,62.7,58.0,-0.03000000000000025,1.7200000000000002,6.588882109956357
1.08,Ideal,F,VS1,61.4,55.0,-0.08000000000000007,2.6100000000000003,9.047233301408522
0.4,Ideal,H,SI1,62.2,55.0,-0.040000000000000036,1.8099999999999996,6.496182089052221
2.02,Fair,H,SI1,66.3,57.0,-0.08000000000000007,2.6500000000000004,9.569273559007545
1.23,Premium,H,VS2,59.3,58.0,0.05999999999999961,2.8100000000000005,8.847439531427625
0.4,Premium,G,VS2,60.4,58.0,0.03000000000000025,1.87,6.830993834622194
0.57,Premium,F,SI1,61.8,57.0,0.03000000000000025,2.0199999999999996,7.341924341186495
0.3,Ideal,E,VS2,62.3,57.0,0.03000000000000025,1.6099999999999999,6.555503683931582
1.01,Ideal,E,SI2,62.1,56.0,0.040000000000000036,2.4099999999999997,8.416336932159014
1.01,Premium,D,VS2,60.4,58.0,0.10000000000000053,2.53,8.84160815992364
0.52,Ideal,H,VS2,62.0,57.0,0.040000000000000036,1.92,7.2499955927154645
1.31,Good,H,SI2,64.1,57.0,0.0600000000000005,2.4299999999999997,8.597579471973024
1.02,Ideal,G,SI1,62.2,57.0,-0.0600000000000005,2.4700000000000006,8.579325152542005
0.5,Ideal,E,VS2,63.0,57.0,0.04999999999999982,1.83,7.26751467276622
0.46,Ideal,H,VS1,62.3,53.0,-0.03000000000000025,1.8900000000000001,6.838418522238886
0.55,Ideal,F,VS2,61.3,54.0,-0.0600000000000005,2.08,7.462921832369002
1.21,Good,J,VS2,61.0,64.0,0.09999999999999964,2.62,8.547090850744167
2.11,Ideal,H,SI2,61.5,57.0,0.05000000000000071,3.16,9.59549315613961
0.52,Ideal,G,SI2,61.3,56.0,-0.02999999999999936,2.03,7.027099656928172
0.41,Premium,E,VS2,62.1,58.0,0.03000000000000025,1.79,6.9340615020849015
0.72,Very Good,E,VS1,63.1,56.0,0.04999999999999982,2.0700000000000003,8.003287498784148
0.54,Ideal,D,VS1,62.1,57.0,-0.02999999999999936,1.9899999999999998,7.6043189472505475
0.35,Ideal,D,VS2,60.6,57.0,0.04999999999999982,1.79,6.805561362573825
0.48,Premium,G,SI1,59.7,59.0,0.03000000000000025,2.02,6.982228790857158
0.77,Very Good,G,SI1,58.4,63.0,-0.08000000000000007,2.5300000000000002,7.902358113462567
1.01,Very Good,D,SI2,63.5,61.0,0.040000000000000036,2.3,8.376867265902007
1.2,Very Good,I,SI1,62.9,54.0,-0.019999999999999574,2.5199999999999996,8.593477563824555
0.58,Very Good,I,VVS1,63.0,57.0,-0.04999999999999982,1.9899999999999998,7.451387231029497
0.5,Very Good,F,SI2,62.5,56.0,-0.040000000000000036,1.92,6.8103041753242115
1.0,Fair,F,VS1,67.0,52.0,0.040000000000000036,1.9900000000000002,8.63910313733855
0.38,Premium,F,VS1,62.4,59.0,0.05999999999999961,1.7000000000000002,6.850489666793876
1.02,Ideal,H,SI2,62.5,53.0,-0.040000000000000036,2.4399999999999995,8.366353519876359
0.32,Ideal,G,VS2,61.4,57.0,-0.010000000000000675,1.7000000000000002,6.393260415462377
1.02,Very Good,E,SI1,58.9,58.0,-0.03000000000000025,2.7,8.591826558833892
0.51,Ideal,F,VVS2,61.8,56.0,-0.03000000000000025,1.98,7.5728743399504195
1.0,Premium,H,VS1,60.7,59.0,0.040000000000000036,2.5000000000000004,8.608788069769044
1.14,Premium,D,SI2,62.6,58.0,0.05999999999999961,2.4400000000000004,8.51070287694746
0.52,Very Good,G,VS2,63.7,56.0,-0.04999999999999982,1.88,7.233346406478764
0.75,Very Good,F,SI1,63.7,58.0,-0.03999999999999915,2.1099999999999994,7.854444812116095
1.0,Fair,G,VS1,64.9,65.0,0.1299999999999999,2.13,8.568301411375709
0.7,Premium,F,SI1,62.6,55.0,1.1500000000000004,1.5,7.686864331066799
0.36,Very Good,D,VVS1,59.0,59.0,-0.03000000000000025,1.9300000000000006,6.958439309870939
0.41,Ideal,E,VVS2,61.8,57.0,-0.04999999999999982,1.8499999999999996,7.022441788397812
0.7,Very Good,G,VS2,61.8,55.0,-0.04999999999999982,2.2100000000000004,7.8338740507769
1.11,Premium,E,SI1,61.3,58.0,0.04999999999999982,2.54,8.666894488869987
1.25,Ideal,G,VS2,60.9,57.0,-0.03000000000000025,2.74,9.08616576084969
1.08,Premium,G,VS2,59.4,59.0,0.07000000000000028,2.6899999999999995,8.810873979753202
1.0,Premium,F,SI2,59.8,58.0,0.04999999999999982,2.5900000000000003,8.339996911934387
0.46,Ideal,I,VVS2,62.7,56.0,-0.02999999999999936,1.8499999999999996,6.88594118279465
1.5,Fair,D,I1,64.7,62.0,0.15000000000000036,2.4400000000000004,8.489008511561956
0.43,Ideal,G,VVS1,60.5,57.0,-0.05999999999999961,1.96,7.072013252470588
0.3,Very Good,G,VVS1,61.1,57.0,-0.040000000000000036,1.71,6.428256465168128
0.69,Very Good,I,VS2,63.3,57.0,0.0699999999999994,2.0200000000000005,7.508098840626987
0.8,Ideal,E,VS2,62.2,57.0,0.03000000000000025,2.24,8.226138597738863
0.5,Fair,G,SI2,65.6,56.0,0.07000000000000028,1.67,6.76173577008204
2.35,Premium,H,SI1,62.6,60.0,0.03999999999999915,3.120000000000001,9.64997630781681
0.9,Premium,G,VS2,60.2,59.0,0.0600000000000005,2.46,8.407826721693423
1.5,Fair,H,SI1,65.0,57.0,0.040000000000000036,2.46,9.119474589610391
1.09,Ideal,D,VVS2,61.3,57.0,-0.04999999999999982,2.59,9.330448124087038
1.04,Ideal,H,SI1,61.9,57.0,0.03000000000000025,2.45,8.476363757269395
0.31,Premium,E,SI1,59.3,59.0,0.0600000000000005,1.7799999999999998,6.494697537551152
1.0,Good,D,SI1,59.9,62.0,-0.040000000000000036,2.6,8.588714342423346
0.9,Ideal,I,VS1,60.9,60.0,-0.040000000000000036,2.45,8.27848516281134
0.56,Ideal,G,IF,62.0,54.0,-0.020000000000000462,2.0300000000000002,7.718918181720877
0.45,Fair,F,SI1,66.8,59.0,0.16000000000000014,1.4699999999999998,6.74103676624197
0.91,Ideal,H,SI1,62.0,56.0,-0.02999999999999936,2.3699999999999997,8.243354462010712
1.09,Premium,H,SI2,62.0,57.0,0.0600000000000005,2.4699999999999998,8.364954444837844
1.01,Very Good,F,SI2,62.4,58.0,-0.040000000000000036,2.42,8.38119017480168
1.09,Ideal,E,SI2,61.9,55.0,-0.040000000000000036,2.54,8.507994284116716
1.34,Very Good,G,VS2,60.7,59.0,-0.03000000000000025,2.79,9.13723379444781
0.51,Ideal,H,SI1,61.7,55.0,-0.040000000000000036,1.9900000000000002,6.980059346873774
0.96,Premium,F,SI1,60.6,62.0,0.040000000000000036,2.4899999999999998,8.318623510507193
0.31,Premium,H,VVS2,62.3,60.0,0.05000000000000071,1.6099999999999994,6.594103106321707
0.85,Very Good,E,VS2,60.2,60.0,-0.04999999999999982,2.4599999999999995,8.262877119949733
0.32,Premium,G,VS2,61.5,60.0,0.02999999999999936,1.6700000000000004,6.580700476512511
1.29,Ideal,J,VS2,60.9,58.0,0.04999999999999982,2.7199999999999998,8.669656870291057
1.28,Very Good,G,VS1,59.2,57.0,-0.08000000000000007,2.9299999999999997,9.171539093692438
0.31,Ideal,E,VVS1,61.5,56.0,-0.03000000000000025,1.69,6.780395618492239
1.02,Premium,F,SI2,59.9,62.0,0.03000000000000025,2.6,8.369353687588848
1.13,Ideal,H,VS2,61.9,56.0,0.0600000000000005,2.5,8.726424334700733
1.06,Good,G,VS2,63.1,59.0,-0.03000000000000025,2.4000000000000004,8.755147958259704
0.33,Ideal,G,VVS1,62.0,56.0,-0.03000000000000025,1.7100000000000004,6.714570816181169
0.51,Ideal,F,VVS2,61.2,56.0,0.020000000000000462,2.0,7.652883186856234
0.3,Ideal,G,IF,62.4,55.0,-0.019999999999999574,1.6399999999999997,6.557304617034538
0.33,Premium,H,VS2,61.3,60.0,-0.02999999999999936,1.7399999999999998,6.3098509614364815
0.24,Good,F,VS1,62.5,60.0,-0.020000000000000018,1.5,6.1203279020625105
1.01,Very Good,E,VVS1,61.6,58.0,-0.1200000000000001,2.5600000000000005,9.204340558678382
0.35,Ideal,D,VS2,62.3,55.0,-0.020000000000000462,1.7200000000000002,6.6310759960705425
0.7,Good,F,SI2,58.1,61.0,-0.040000000000000036,2.44,7.649686031705952
1.0,Premium,G,SI1,61.9,62.0,0.040000000000000036,2.34,8.441872650544129
0.36,Ideal,G,VS2,62.3,54.0,-0.03000000000000025,1.75,6.53204483151853
0.39,Very Good,F,VVS1,60.8,57.0,-0.03000000000000025,1.87,6.960290239558813
1.06,Premium,I,SI2,61.5,58.0,0.040000000000000036,2.51,8.308546863927488
0.77,Premium,D,VS1,59.4,59.0,-0.040000000000000036,2.45,8.240330553412475
0.5,Premium,D,SI2,62.2,58.0,0.05999999999999961,1.9,6.934821172167796
0.38,Ideal,F,VVS1,61.9,54.0,-0.03000000000000025,1.8000000000000003,6.90404892949472
0.31,Premium,I,VVS2,61.6,59.0,0.020000000000000462,1.6499999999999995,6.4982958975608085
0.33,Ideal,E,VVS1,61.5,56.0,0.03000000000000025,1.71,6.975714950222952
1.28,Premium,E,VS1,60.8,60.0,0.04999999999999982,2.7200000000000006,9.276689267606228
0.41,Premium,H,VVS2,59.8,60.0,0.07000000000000028,1.9100000000000001,6.8903176223680465
2.03,Very Good,J,SI2,61.7,61.0,-0.14000000000000057,3.1799999999999997,9.5315396355637
0.7,Premium,J,SI1,61.3,59.0,-0.019999999999999574,2.23,7.4723676387717655
0.42,Ideal,H,VVS1,61.9,54.2,-0.020000000000000462,1.8400000000000003,6.946440374693128
1.21,Very Good,I,SI1,62.9,55.0,-0.0699999999999994,2.5299999999999994,8.593477563824555
1.01,Premium,E,SI1,60.0,59.0,0.0600000000000005,2.57,8.572512649659675
0.33,Very Good,G,VVS1,61.2,60.0,-0.020000000000000462,1.7300000000000004,6.675355584741732
1.07,Ideal,G,SI1,62.1,57.0,0.07000000000000028,2.4499999999999993,8.597344789898806
0.4,Ideal,F,VVS2,62.4,57.0,-0.040000000000000036,1.7900000000000005,6.951871143523196
0.34,Ideal,E,VS1,62.4,55.0,0.02999999999999936,1.6600000000000006,6.821360569096102
0.59,Very Good,H,VS1,62.1,55.0,-0.040000000000000036,2.06,7.467078304320306
1.21,Very Good,H,SI1,63.5,58.0,0.10000000000000053,2.3899999999999997,8.647995895023008
0.31,Ideal,D,VS2,62.5,57.0,-0.05000000000000071,1.6500000000000004,6.533719449913189
0.4,Premium,E,SI1,62.0,61.0,0.040000000000000036,1.7599999999999998,6.795414100171546
1.51,Premium,G,SI1,60.5,59.0,0.08000000000000007,2.9000000000000004,9.294102172145756
0.47,Fair,D,IF,60.6,60.0,0.10999999999999943,1.9300000000000006,7.748457630678159
1.2,Premium,F,VVS2,62.8,60.0,0.04999999999999982,2.49,9.325025740064634
0.33,Premium,D,SI2,59.5,59.0,0.019999999999999574,1.8100000000000005,6.374737821989229
1.01,Good,F,SI2,64.0,56.0,-0.07000000000000028,2.3000000000000007,8.340460062821824
1.08,Ideal,G,SI2,61.9,58.0,-0.020000000000000462,2.5100000000000007,8.441049064464078
0.91,Premium,D,SI2,62.2,59.0,-0.040000000000000036,2.3700000000000006,8.240366174405501
0.31,Ideal,D,SI1,61.3,55.0,-0.04999999999999982,1.7200000000000002,6.377415919042219
0.27,Ideal,I,VVS2,61.3,56.0,-0.019999999999999574,1.62,6.188942575910948
0.56,Ideal,E,VS2,61.4,57.0,0.040000000000000036,2.0399999999999996,7.5253335031761734
0.46,Very Good,E,SI1,61.8,57.0,-0.05000000000000071,1.9200000000000004,6.814420570124976
0.31,Ideal,G,SI2,62.2,54.0,-0.02999999999999936,1.6699999999999995,6.11111387182609
1.2,Premium,I,VS2,62.3,57.0,0.04999999999999982,2.5200000000000005,8.692343185942638
1.21,Ideal,H,SI2,61.1,56.0,0.04999999999999982,2.66,8.572419264475561
0.41,Premium,G,VS2,59.7,59.0,-0.03000000000000025,1.96,6.707888539724722
0.91,Good,F,VS1,63.5,56.0,-0.040000000000000036,2.2699999999999996,8.562121624555871
1.5,Fair,J,VS1,60.1,61.0,-0.04999999999999982,2.9299999999999997,9.048380112738759
0.4,Good,D,VS2,63.5,55.0,-0.03000000000000025,1.7200000000000002,6.772148583658628
0.54,Ideal,I,IF,61.6,53.0,-0.040000000000000036,2.05,7.456861894946142
1.5,Good,F,SI2,62.6,64.0,0.05999999999999961,2.670000000000001,9.027792746349759
0.32,Good,G,VS1,57.0,62.0,-0.03000000000000025,1.96,6.358331927164277
0.71,Ideal,G,SI1,62.4,56.0,0.03000000000000025,2.14,7.822680269912651
0.31,Premium,D,VS2,62.6,59.0,-0.03000000000000025,1.63,6.523868258923433
0.73,Ideal,F,VVS1,62.7,56.0,0.040000000000000036,2.1199999999999997,8.177959778781398
0.6,Good,G,VS2,59.8,61.9,-0.04999999999999982,2.23,7.511370920050851
0.53,Good,E,VS2,63.7,55.0,-0.03000000000000025,1.8800000000000003,7.32304014247414
0.71,Ideal,G,SI1,60.5,56.4,-0.040000000000000036,2.3,7.900333338677607
1.2,Ideal,G,VS1,62.0,57.0,-0.02999999999999936,2.5999999999999996,9.119716751320956
0.4,Premium,F,SI1,62.3,60.0,0.040000000000000036,1.7600000000000002,6.766580165197198
1.03,Premium,G,VS1,62.2,59.0,-0.04999999999999982,2.46,8.822611458357091
0.39,Ideal,E,VS1,62.7,53.6,-0.020000000000000462,1.7600000000000002,6.849270075002114
1.54,Very Good,F,VS2,60.8,58.0,-0.1299999999999999,3.0,9.540545486764204
0.72,Ideal,I,VVS2,62.2,54.0,-0.04999999999999982,2.2,7.852166237593587
1.0,Premium,H,VS2,62.4,59.0,0.03000000000000025,2.5199999999999996,8.52562688020967
0.39,Ideal,G,VVS2,61.6,56.6,-0.03000000000000025,1.81,6.86838147351979
0.4,Very Good,F,SI1,63.3,57.0,-0.05000000000000071,1.7500000000000004,6.577373817214068
0.56,Very Good,E,VVS2,60.7,57.0,-0.05000000000000071,2.12,7.748750970888532
0.5,Premium,I,SI1,61.7,58.0,-0.0600000000000005,1.9900000000000002,6.75444510253911
0.38,Ideal,F,VVS1,61.0,57.0,-0.040000000000000036,1.85,6.904413329454697
0.3,Good,D,VS2,63.1,58.0,-0.040000000000000036,1.5999999999999996,6.318391109717715
0.7,Ideal,E,VS1,62.1,55.0,-0.04999999999999982,2.1999999999999997,8.057885660311047
0.77,Very Good,F,SI1,59.6,60.0,-0.019999999999999574,2.42,7.96885898117692
1.01,Very Good,F,VVS2,59.8,58.0,-0.08000000000000007,2.6599999999999997,9.06891724300828
0.41,Very Good,D,VS2,62.8,55.0,-0.03000000000000025,1.7700000000000005,6.80757523671986
0.7,Very Good,E,SI1,62.7,59.0,-0.040000000000000036,2.13,7.7862176167630155
1.12,Ideal,F,VVS1,61.0,56.0,-0.03000000000000025,2.6400000000000006,9.307881802627401
0.74,Ideal,D,VS1,61.3,57.0,-0.040000000000000036,2.27,8.230009203318783
1.17,Premium,J,I1,60.2,61.0,0.07000000000000028,2.7,7.997888467962467
1.62,Ideal,G,VS2,61.7,54.0,-0.009999999999999787,2.9000000000000004,9.596064555012815
0.41,Ideal,F,VS2,61.9,56.0,0.019999999999999574,1.8000000000000003,6.900784061876305
0.33,Very Good,E,SI1,60.6,60.0,-0.03000000000000025,1.7600000000000002,6.328981003400371
0.81,Fair,G,VVS2,64.8,56.2,-0.16000000000000014,2.1600000000000006,8.146604069933682
0.37,Premium,E,VS2,60.3,58.0,-0.03000000000000025,1.8600000000000003,6.624047676293037
0.44,Ideal,G,SI1,62.7,57.0,0.02999999999999936,1.7900000000000005,6.7802914400145555
1.23,Ideal,J,VS2,61.5,57.0,-0.05000000000000071,2.67,8.627983988414627
0.5,Ideal,H,IF,61.1,58.0,-0.040000000000000036,2.01,7.412749521222977
0.4,Ideal,I,SI1,61.6,56.0,0.0600000000000005,1.7799999999999998,6.55844722234319
1.01,Very Good,G,VVS2,63.3,57.0,-0.07000000000000028,2.3500000000000005,8.905209913671474
0.32,Premium,E,VVS2,61.5,58.0,0.05999999999999961,1.6600000000000001,6.838262291159894
1.67,Ideal,F,VS2,61.8,57.0,-0.040000000000000036,2.92,9.680398370788714
0.69,Ideal,G,SI2,62.7,54.0,0.07000000000000028,2.0799999999999996,7.467188627891304
0.77,Very Good,D,SI1,58.6,59.0,-0.040000000000000036,2.5100000000000002,8.04251297545405
0.25,Very Good,F,VVS2,61.6,57.0,-0.020000000000000462,1.5700000000000003,6.245129636803785
0.51,Ideal,G,VS1,61.5,54.9,-0.1200000000000001,2.08,7.401081230149632
0.35,Very Good,H,VVS1,61.1,56.0,-0.03000000000000025,1.7900000000000005,6.635509741009469
0.36,Ideal,D,VS2,61.8,56.0,0.040000000000000036,1.7299999999999995,6.857673989961374
0.52,Very Good,F,VS2,63.9,57.0,-0.040000000000000036,1.8600000000000003,7.27983043027151
1.06,Ideal,F,SI1,61.7,55.1,-0.020000000000000462,2.5200000000000005,8.66204875065219
0.5,Very Good,D,SI1,60.8,58.0,-0.05999999999999961,2.03,7.072024805587381
1.24,Ideal,F,SI2,61.4,58.0,-0.05000000000000071,2.6800000000000006,8.699765297035707
1.03,Ideal,I,SI1,61.1,55.0,-0.040000000000000036,2.5700000000000003,8.437303538091296
1.03,Premium,I,SI1,62.0,58.0,0.040000000000000036,2.4299999999999997,8.366584839034806
0.9,Very Good,E,SI1,62.2,60.0,-0.03000000000000025,2.34,8.338621449556221
0.33,Ideal,G,VVS2,62.0,53.5,-0.040000000000000036,1.7200000000000006,6.607087075477704
1.7,Premium,H,SI2,59.8,61.0,0.04999999999999982,3.05,9.19947411292867
1.01,Premium,F,VS2,61.7,58.0,0.040000000000000036,2.4499999999999997,8.743497655334874
0.58,Ideal,F,VS2,62.1,55.0,-0.040000000000000036,2.0500000000000003,7.494403508562166
0.71,Ideal,E,VS2,62.2,56.0,-0.04999999999999982,2.19,8.046731449235683
0.58,Ideal,F,VVS1,61.7,55.0,-0.02999999999999936,2.0799999999999996,7.808267608432384
0.92,Ideal,E,SI1,62.1,56.0,-0.020000000000000462,2.37,8.393757934744169
0.78,Very Good,F,SI1,62.4,55.0,-0.040000000000000036,2.2299999999999995,7.985186886982912
1.16,Ideal,G,SI2,61.6,55.0,0.019999999999999574,2.6000000000000005,8.507058637471562
0.37,Ideal,G,VS2,60.5,56.0,-0.02999999999999936,1.8599999999999999,6.5227550911764505
1.07,Ideal,H,SI1,61.5,56.0,-0.0600000000000005,2.58,8.576958317367154
1.38,Premium,H,SI2,60.2,60.0,0.0699999999999994,2.87,8.864769686835187
0.53,Ideal,F,VVS2,62.1,56.0,0.0699999999999994,1.9300000000000002,7.649660490452125
0.38,Good,G,VS1,63.9,60.0,0.07000000000000028,1.6099999999999994,6.682231965914537
1.2,Premium,G,VS2,59.4,58.0,0.0600000000000005,2.76,9.009825197095203
0.7,Ideal,I,VS2,62.2,55.0,0.040000000000000036,2.1400000000000006,7.61024710483196
0.97,Very Good,F,VVS2,58.1,60.0,-0.040000000000000036,2.7500000000000004,8.81061737998944
0.72,Ideal,E,SI1,60.3,55.0,-0.040000000000000036,2.3499999999999996,8.014326653633791
1.5,Very Good,D,VS2,62.4,57.0,-0.04999999999999982,2.74,9.565730539251861
1.05,Ideal,J,VS1,62.8,57.0,0.040000000000000036,2.37,8.501761724700547
0.51,Ideal,H,VS2,60.1,60.0,0.05000000000000071,2.0399999999999996,7.198783231970558
0.9,Good,E,SI2,65.8,60.0,-0.02999999999999936,2.05,8.057372037960752
0.26,Ideal,F,VVS2,61.6,57.0,-0.019999999999999574,1.5799999999999996,6.364358836333502
1.1,Ideal,G,VS2,60.0,57.0,0.040000000000000036,2.67,8.853066921293536
0.71,Ideal,G,VS2,60.6,56.0,-0.040000000000000036,2.3,7.983186995842317
0.34,Ideal,H,VVS2,61.8,54.0,0.020000000000000462,1.6999999999999997,6.6980147362126745
0.37,Ideal,H,VS1,61.8,55.0,-0.03000000000000025,1.79,6.496647414910511
0.5,Very Good,G,SI1,62.2,58.0,-0.040000000000000036,1.9300000000000002,6.8905540072058376
0.7,Ideal,D,VS1,62.6,58.0,-0.03000000000000025,2.13,8.002811606237037
0.54,Ideal,G,SI1,61.7,55.0,-0.02999999999999936,2.0299999999999994,7.1725973155512905
0.5,Ideal,E,VS1,62.2,57.0,0.03000000000000025,1.9199999999999995,7.346330951267148
0.42,Ideal,I,SI1,61.6,55.0,-0.019999999999999574,1.8699999999999997,6.462315239982314
0.9,Fair,D,SI2,64.7,59.0,0.09999999999999964,2.08,8.04752604017704
1.0,Very Good,D,SI2,64.7,57.0,-0.07000000000000028,2.2700000000000005,8.399061828483134
0.92,Good,D,SI2,57.8,63.0,0.040000000000000036,2.6700000000000004,8.157001487610994
0.96,Fair,I,VS2,56.1,60.0,0.040000000000000036,2.88,8.182549933355261
0.73,Premium,I,VS1,60.3,58.0,0.040000000000000036,2.3000000000000003,7.834248379240264
0.52,Ideal,E,VS2,61.3,57.0,0.02999999999999936,2.0000000000000004,7.5123635482875395
0.76,Very Good,F,SI2,58.5,62.0,-0.08000000000000007,2.5199999999999996,7.831786818076918
1.01,Ideal,E,SI2,61.9,56.0,-0.03000000000000025,2.4699999999999998,8.473809184310987
0.3,Premium,D,VS2,61.7,58.0,-0.020000000000000462,1.6600000000000001,6.383285040615712
0.37,Premium,G,VVS2,62.2,58.0,-0.040000000000000036,1.7499999999999996,6.7038187340519
2.01,Very Good,G,SI2,61.3,60.0,-0.08999999999999986,3.1899999999999995,9.579019279798485
0.52,Very Good,H,VS1,61.7,55.0,-0.019999999999999574,1.98,7.264998569682946
1.13,Premium,J,SI2,62.4,59.0,0.05999999999999961,2.4699999999999998,8.292219518344352
0.43,Premium,E,SI2,61.8,60.0,0.019999999999999574,1.8399999999999999,6.681231622725613
0.41,Premium,D,VVS2,61.9,59.0,0.03000000000000025,1.7999999999999998,7.136245915195731
1.02,Very Good,J,SI2,63.4,56.0,0.05999999999999961,2.3100000000000005,8.161258946489436
1.0,Premium,J,VVS2,59.6,61.0,0.040000000000000036,2.5600000000000005,8.445073208827331
0.52,Ideal,D,VS2,62.2,56.0,-0.03000000000000025,1.96,7.431872596225704
1.55,Ideal,E,VVS2,62.5,55.0,-0.020000000000000462,2.7800000000000002,9.763034731064664
2.04,Ideal,I,SI2,62.8,57.0,0.03999999999999915,2.99,9.591900302646467
1.02,Ideal,H,VS2,62.3,54.0,0.09000000000000075,2.38,8.584433477982639
1.52,Fair,D,SI1,64.6,64.0,0.019999999999999574,2.5300000000000002,9.277233052389573
0.35,Premium,E,VS2,61.4,58.0,0.040000000000000036,1.73,6.7547432601636315
1.03,Premium,F,VVS1,59.7,60.0,0.05999999999999961,2.6300000000000003,9.144803612658443
1.25,Premium,I,SI1,62.4,58.0,0.040000000000000036,2.5599999999999996,8.666132864305402
0.31,Premium,H,VS1,59.7,58.0,-0.019999999999999574,1.7899999999999996,6.293661039508003
1.5,Ideal,H,VVS1,61.2,57.0,-0.0600000000000005,2.8900000000000006,9.420561887617371
1.3,Very Good,I,VS2,61.8,56.0,-0.05999999999999961,2.71,8.818504908002453
1.02,Ideal,G,VS2,62.5,55.0,-0.0600000000000005,2.45,8.75203722075958
0.52,Good,H,VS2,63.5,58.0,-0.009999999999999787,1.87,7.124878842373494
0.7,Ideal,G,SI1,61.9,58.0,-0.02999999999999936,2.19,7.767707297789986
0.33,Ideal,E,VS2,62.4,55.0,0.019999999999999574,1.6500000000000004,6.7164650870474665
1.01,Ideal,H,SI2,61.1,56.0,-0.040000000000000036,2.5300000000000002,8.388002396663286
0.91,Ideal,F,SI2,62.7,57.0,-0.04999999999999982,2.33,8.189404706466393
1.03,Ideal,G,VS2,61.3,57.0,-0.03000000000000025,2.54,8.770186909979152
1.6,Ideal,J,SI1,62.8,55.0,0.0600000000000005,2.74,9.049070681300174
0.54,Ideal,E,VS2,61.4,57.0,-0.040000000000000036,2.04,7.461584950048525
1.13,Very Good,J,SI1,63.5,59.0,0.07000000000000028,2.37,8.346275479090497
1.01,Premium,F,VS1,62.5,58.0,-0.04999999999999982,2.42,8.871898714587942
2.0,Premium,E,SI2,62.2,56.0,0.08000000000000007,3.0200000000000005,9.571476281926266
1.01,Very Good,G,SI2,62.0,58.0,-0.040000000000000036,2.45,8.359410103649447
0.77,Fair,F,VS1,66.8,57.0,-0.09999999999999964,1.94,7.944377624109439
0.51,Premium,G,SI1,62.0,56.0,0.019999999999999574,1.94,7.110958104512665
0.73,Ideal,E,VS2,61.7,57.0,-0.03000000000000025,2.23,8.084459619672591
0.68,Good,J,VS1,61.6,65.0,0.05999999999999961,2.12,7.380820729577886
0.91,Good,F,SI2,63.9,56.0,0.05000000000000071,2.1699999999999995,8.014725012818479
0.3,Very Good,G,VVS1,61.9,59.0,-0.02999999999999936,1.6499999999999995,6.429044943810538
0.3,Ideal,D,VVS1,62.1,56.0,-0.010000000000000675,1.6400000000000001,6.614450191155856
0.39,Very Good,J,VVS1,61.8,56.0,-0.07000000000000028,1.8199999999999998,6.6344255905324925
0.41,Very Good,I,VVS2,61.3,60.0,-0.05000000000000071,1.8800000000000003,6.698663509605032
0.38,Premium,H,VS1,61.6,58.0,-0.04999999999999982,1.8200000000000003,6.520703328029725
0.9,Good,G,SI2,58.5,61.0,-0.04999999999999982,2.64,8.09557038556383
0.34,Ideal,G,IF,62.2,53.0,-0.02999999999999936,1.7199999999999998,6.8463049024973
1.14,Very Good,G,SI2,59.5,59.0,-0.05999999999999961,2.79,8.498220998224271
1.18,Very Good,E,I1,63.3,57.0,0.0600000000000005,2.42,8.20426443511109
0.38,Premium,H,VS2,60.5,59.0,-0.03000000000000025,1.8600000000000003,6.452405071191518
0.36,Ideal,H,IF,61.9,57.0,0.04999999999999982,1.7199999999999998,6.892746917294746
0.4,Ideal,J,VVS2,62.5,53.0,-0.04999999999999982,1.81,6.602410576227455
0.51,Premium,F,SI2,62.8,60.0,0.0699999999999994,1.85,6.950395666955938
1.54,Ideal,J,VS2,61.9,57.0,-0.11000000000000032,2.9000000000000004,9.08491143655042
0.53,Ideal,G,IF,62.1,57.0,-0.04999999999999982,1.9899999999999998,7.699756466936829
1.5,Premium,G,VS2,60.5,59.0,0.040000000000000036,2.8899999999999997,9.4664113271902
0.43,Very Good,F,SI1,62.4,56.0,-0.03000000000000025,1.83,6.666633149570769
2.18,Premium,J,VS2,60.1,58.0,0.05000000000000071,3.34,9.554171181739218
0.34,Ideal,F,VS2,62.6,54.0,-0.020000000000000462,1.6800000000000006,6.541815588569541
0.3,Good,E,VVS2,63.0,58.0,-0.07000000000000028,1.63,6.407812329778057
0.32,Ideal,D,VS2,61.7,54.0,-0.04999999999999982,1.7099999999999995,6.553672113423474
0.8,Ideal,D,VS2,61.3,56.0,-0.03000000000000025,2.33,8.313800064102944
0.3,Premium,D,SI1,61.7,59.0,0.02999999999999936,1.6300000000000003,6.441785765993556
0.76,Ideal,F,VS1,61.9,55.0,0.040000000000000036,2.21,8.178240232678506
0.34,Ideal,E,SI1,61.4,55.0,0.05999999999999961,1.7100000000000004,6.625219608065704
0.3,Premium,E,VS1,60.6,62.0,0.019999999999999574,1.6800000000000002,6.546942421807545
1.01,Good,D,SI1,58.3,59.0,-0.020000000000000462,2.7600000000000002,8.584497693071631
0.55,Ideal,F,VS2,61.4,57.0,0.040000000000000036,2.01,7.4751281152804845
0.8,Ideal,H,SI2,62.4,57.0,0.08000000000000007,2.17,7.782373045101004
1.5,Ideal,D,VS2,62.0,57.0,-0.03000000000000025,2.8100000000000005,9.603194582212078
2.51,Premium,J,VS2,62.2,58.0,0.0600000000000005,3.26,9.638572648777224
0.75,Premium,F,VS2,61.6,58.0,-0.04999999999999982,2.28,8.02657739633866
0.31,Ideal,D,VS2,62.1,55.0,-0.05999999999999961,1.6799999999999997,6.533355049953212
1.01,Ideal,E,SI2,62.1,56.0,-0.040000000000000036,2.4499999999999997,8.44897269237217
0.31,Ideal,D,VVS2,61.2,55.0,-0.04999999999999982,1.73,6.696091419259255
0.3,Very Good,G,VS2,63.1,58.0,0.03999999999999915,1.5500000000000003,6.373650838242958
0.3,Premium,D,IF,62.1,59.0,-0.020000000000000462,1.63,6.829347822254119
0.27,Ideal,G,IF,61.6,57.0,-0.03000000000000025,1.63,6.4685350319948745
0.31,Premium,I,VS1,62.3,59.0,-0.05999999999999961,1.6599999999999997,6.209220455136532
0.53,Very Good,G,VS2,60.1,59.0,-0.040000000000000036,2.11,7.342342433149554
1.04,Good,F,VS1,63.2,57.0,-0.03000000000000025,2.380000000000001,8.890883048850533
1.25,Premium,H,SI2,61.6,54.0,0.10000000000000053,2.5999999999999996,8.641869564374884
2.51,Premium,J,SI2,59.3,58.0,-0.03999999999999915,3.619999999999999,9.638382415199306
0.77,Ideal,G,SI1,61.5,56.0,-0.03000000000000025,2.29,7.951306724989225
0.41,Very Good,E,SI2,61.9,55.0,-0.03000000000000025,1.8399999999999999,6.506017749836244
0.83,Ideal,F,SI1,62.1,57.0,-0.019999999999999574,2.2899999999999996,8.08446351892959
0.72,Ideal,F,SI2,62.4,55.0,-0.040000000000000036,2.1799999999999997,7.761836239674995
0.7,Premium,G,I1,62.3,56.0,0.04999999999999982,2.1000000000000005,7.203005717072799
1.01,Very Good,E,VS2,60.9,57.0,-0.05999999999999961,2.55,8.819924984113191
0.3,Ideal,G,IF,62.3,54.0,-0.02999999999999936,1.6499999999999995,6.557304617034538
0.31,Very Good,I,VS2,59.3,59.0,-0.040000000000000036,1.81,6.12800798005726
1.52,Ideal,G,VS2,62.1,56.0,0.04999999999999982,2.7699999999999996,9.493979827465509
0.43,Premium,I,IF,61.2,58.0,-0.04999999999999982,1.9099999999999997,6.920547767263889
1.04,Premium,E,SI2,61.6,59.0,0.020000000000000462,2.51,8.415588719111149
0.56,Fair,E,SI2,64.5,61.0,0.040000000000000036,1.8099999999999996,7.005561745118916
0.5,Premium,D,SI1,62.8,57.0,0.03000000000000025,1.8699999999999997,7.10737350626181
1.89,Ideal,J,VS1,62.0,56.0,-0.05000000000000071,3.0500000000000007,9.410641859778067
0.4,Good,I,VVS1,63.5,57.0,-0.02999999999999936,1.7199999999999998,6.72769955360542
0.39,Ideal,E,VS1,60.8,56.0,-0.02999999999999936,1.8799999999999994,6.84757382444366
0.97,Premium,F,SI1,59.9,59.0,-0.02999999999999936,2.57,8.317668307600684
0.9,Ideal,E,SI2,62.0,55.0,-0.08000000000000007,2.3900000000000006,8.255010082294879
0.27,Very Good,E,IF,59.7,56.0,-0.020000000000000462,1.7300000000000004,6.400400563213395
0.4,Very Good,D,VS2,59.3,58.0,-0.04999999999999982,1.9899999999999998,6.837695869561385
0.9,Fair,H,SI2,64.4,59.0,0.040000000000000036,2.12,7.929204882821736
0.28,Premium,F,VS2,59.6,61.0,0.03000000000000025,1.71,6.393304823152571
0.9,Good,H,VS2,64.0,58.0,0.040000000000000036,2.1700000000000004,8.16693932618485
1.2,Premium,G,SI2,62.8,62.0,0.040000000000000036,2.46,8.544350903114672
1.01,Ideal,F,VVS2,61.8,56.0,0.03000000000000025,2.46,9.106046155156696
0.42,Ideal,G,VS1,61.9,56.0,-0.05000000000000071,1.85,6.822401606936648
1.51,Very Good,G,VS2,64.0,56.0,-0.08000000000000007,2.6499999999999995,9.446790895347783
1.72,Ideal,E,I1,62.2,55.0,0.03000000000000025,2.8899999999999997,8.903349821173872
0.71,Ideal,E,SI2,61.5,57.0,-0.040000000000000036,2.24,7.848321077424849
3.01,Fair,H,I1,56.1,62.0,0.15999999999999837,4.070000000000001,9.100817694784274
2.0,Good,J,SI2,61.5,61.0,-0.09000000000000075,3.130000000000001,9.488303429184983
0.32,Ideal,E,VS2,62.0,55.0,0.08000000000000007,1.6399999999999997,6.714424394975231
0.73,Ideal,D,VS2,61.5,55.0,-0.03000000000000025,2.2500000000000004,8.134763214858989
0.7,Very Good,G,VS1,60.0,56.0,-0.0600000000000005,2.35,7.95374772410756
0.9,Good,H,I1,57.4,63.0,0.04999999999999982,2.68,7.682234246693516
1.74,Ideal,E,SI2,62.3,57.0,0.09999999999999964,2.87,9.32623410562793
1.01,Premium,H,SI2,58.8,58.0,0.04999999999999982,2.6900000000000004,8.308033625017364
0.51,Ideal,E,VS1,61.5,56.0,-0.04999999999999982,2.0,7.475264210609224
1.01,Premium,F,SI1,62.2,59.0,0.04999999999999982,2.39,8.535281075816002
1.11,Ideal,G,SI2,61.7,57.0,0.040000000000000036,2.5300000000000002,8.422272938904655
0.71,Ideal,H,SI2,62.6,56.0,-0.09999999999999964,2.18,7.673933094468058
0.53,Ideal,G,VVS2,62.5,54.0,0.019999999999999574,1.9400000000000004,7.556784661536337
0.4,Very Good,E,SI1,60.9,56.0,-0.040000000000000036,1.8899999999999997,6.618289014719095
1.71,Good,J,SI2,63.9,59.0,0.08000000000000007,2.67,9.004207674832452
1.22,Premium,H,SI1,62.4,58.0,0.05000000000000071,2.5299999999999994,8.722391354180413
0.73,Premium,D,VS2,60.9,59.0,0.05000000000000071,2.2399999999999998,8.09619173102015
0.56,Ideal,E,VS1,61.8,56.0,-0.04999999999999982,2.0500000000000003,7.624047334187647
1.21,Ideal,G,VS2,59.8,57.0,0.08000000000000007,2.75,9.03665911592677
1.04,Very Good,H,IF,62.0,55.0,-0.040000000000000036,2.5,8.883389369551416
0.5,Good,G,VVS2,63.9,58.0,-0.04999999999999982,1.8399999999999999,7.287182473241375
1.26,Ideal,G,VVS2,60.9,57.0,-0.02999999999999936,2.75,9.280423903666314
1.05,Premium,G,VS2,63.0,57.0,0.02999999999999936,2.3900000000000006,8.742106469842419
0.73,Ideal,E,VS1,61.2,57.0,0.04999999999999982,2.23,8.143034985030123
0.41,Premium,I,VVS1,62.0,56.0,0.019999999999999574,1.7999999999999998,6.8771922655879
0.77,Premium,G,VS2,61.3,60.0,0.10000000000000053,2.2199999999999998,7.972921539216098
0.62,Ideal,H,IF,60.5,58.0,-0.03999999999999915,2.1899999999999995,7.837271084242221
1.28,Ideal,G,SI2,61.8,56.0,-0.040000000000000036,2.6800000000000006,8.73402548781256
1.23,Ideal,G,VVS1,59.5,57.0,0.019999999999999574,2.8200000000000003,9.278431359420702
0.84,Ideal,G,SI1,62.4,57.0,0.02999999999999936,2.2600000000000002,8.000143770517194
0.26,Ideal,E,VVS2,62.0,56.0,-0.03000000000000025,1.58,6.351795499509206
0.7,Very Good,I,VS1,62.4,56.0,-0.040000000000000036,2.1500000000000004,7.6624368040958615
0.32,Ideal,H,VS1,61.8,55.0,0.009999999999999787,1.6800000000000002,6.524696648033555
0.51,Ideal,F,VS1,61.6,55.0,-0.040000000000000036,1.9999999999999996,7.439036837801409
1.04,Premium,H,SI1,60.7,58.0,0.019999999999999574,2.56,8.474778686847982
0.9,Very Good,E,I1,62.4,63.0,0.1200000000000001,2.2199999999999998,7.792388826795352
1.53,Very Good,F,VS1,63.2,58.0,0.03000000000000025,2.6799999999999997,9.587656629650052
1.02,Very Good,I,VS1,62.2,60.0,-0.02999999999999936,2.4399999999999995,8.547122027747449
0.91,Premium,E,SI2,58.5,60.0,0.03000000000000025,2.6099999999999994,8.175431330495739
0.55,Ideal,G,VVS2,62.5,56.0,0.03000000000000025,1.9499999999999997,7.557039456709488
1.23,Very Good,F,VS1,59.3,59.0,-0.02999999999999936,2.8599999999999994,9.182597982327271
0.31,Ideal,E,VS1,60.1,55.0,-0.11000000000000032,1.8400000000000003,6.536056269146705
0.74,Very Good,J,SI1,62.2,59.0,-0.0699999999999994,2.2199999999999998,7.566265574812898
1.51,Very Good,J,VVS2,60.6,58.0,-0.040000000000000036,2.9300000000000006,9.092430262734188
1.7,Premium,I,SI1,62.0,59.0,-0.04999999999999982,2.92,9.298952298985114
0.5,Ideal,D,VS2,62.3,55.0,-0.040000000000000036,1.9400000000000004,7.231450562574197
1.15,Premium,E,SI2,61.7,60.0,0.08000000000000007,2.54,8.510210726872879
1.09,Good,D,IF,58.7,61.0,-0.09999999999999964,2.8599999999999994,9.524892807616274
1.01,Ideal,G,SI2,62.1,57.0,0.040000000000000036,2.4300000000000006,8.354572981781832
0.3,Premium,E,VS2,62.4,59.0,0.040000000000000036,1.5899999999999999,6.543391634866687
0.3,Ideal,I,VVS1,61.8,54.0,-0.02999999999999936,1.6699999999999995,6.329615231444867
0.37,Very Good,G,VS2,62.8,60.0,-0.040000000000000036,1.7199999999999998,6.5029528925786755
0.7,Fair,F,I1,65.4,59.0,0.10999999999999943,1.8600000000000003,7.056007417292778
0.4,Ideal,F,VVS2,61.8,55.0,-0.03000000000000025,1.8200000000000003,6.951506743563218
0.35,Good,D,SI1,57.7,60.0,0.05000000000000071,1.9499999999999997,6.541781645964934
1.51,Premium,F,VS2,63.0,56.0,0.040000000000000036,2.67,9.489637332595564
0.41,Ideal,J,VS1,62.2,55.0,-0.03000000000000025,1.8199999999999998,6.494368131384072
0.52,Premium,F,SI1,61.5,60.0,0.009999999999999787,1.9800000000000004,7.254909857007776
0.32,Good,H,VS1,63.1,57.0,-0.03000000000000025,1.62,6.291886696055062
1.02,Premium,I,SI1,60.2,60.0,0.0600000000000005,2.5199999999999996,8.380386221887926
1.03,Ideal,D,SI2,60.7,58.0,-0.020000000000000462,2.5700000000000003,8.493091131351271
1.5,Very Good,H,SI2,62.3,60.0,0.0600000000000005,2.7,9.008665877919599
0.72,Very Good,G,SI1,62.8,60.0,0.10000000000000053,2.0799999999999996,7.752910955164416
0.32,Ideal,J,IF,61.0,57.0,-0.040000000000000036,1.75,6.438737642822852
1.56,Ideal,G,VVS2,62.3,54.0,-0.040000000000000036,2.8200000000000003,9.583264918557811
2.01,Very Good,H,SI1,60.1,60.0,0.05000000000000071,3.259999999999999,9.651576384247402
0.5,Very Good,F,VVS2,62.8,55.0,-0.1299999999999999,1.9499999999999997,7.390187532546197
2.02,Very Good,H,VS2,62.7,58.0,-0.04999999999999982,3.0,9.670858578364172
0.78,Premium,E,VS1,60.9,57.0,0.0600000000000005,2.29,8.220161886861623
2.04,Premium,G,SI1,60.7,62.0,0.15000000000000036,3.1900000000000004,9.685722530655134
1.01,Ideal,F,SI2,60.8,55.0,0.03999999999999915,2.5300000000000002,8.40452493956135
1.52,Premium,J,VS1,62.0,59.0,0.020000000000000462,2.7800000000000002,9.06670494046807
0.33,Ideal,G,VS1,61.7,56.0,-0.02999999999999936,1.7199999999999998,6.493802964171106
0.5,Ideal,F,VVS1,62.6,53.1,-0.03000000000000025,1.9200000000000004,7.508637011990807
0.3,Ideal,F,VS1,61.3,55.0,-0.040000000000000036,1.7000000000000002,6.357556010691984
0.33,Ideal,J,VS1,62.1,55.0,-0.03000000000000025,1.6900000000000004,6.162965717884745
0.73,Very Good,F,SI1,62.5,56.0,-0.040000000000000036,2.1600000000000006,7.875175980543247
0.3,Ideal,E,VS2,61.6,55.0,0.020000000000000462,1.6499999999999995,6.558972298255339
2.22,Very Good,J,SI2,62.8,57.0,-0.040000000000000924,3.1100000000000003,9.559710694670382
0.33,Very Good,G,VS1,61.0,57.0,-0.03000000000000025,1.77,6.453799254089259
0.39,Very Good,E,VS2,60.4,56.0,-0.03000000000000025,1.8800000000000003,6.718762358370676
0.9,Good,D,VS2,62.6,62.0,-0.040000000000000036,2.3100000000000005,8.51103245425606
0.76,Very Good,E,VS2,63.4,58.0,-0.0600000000000005,2.1500000000000004,8.020248825927366
1.04,Premium,H,SI2,58.6,60.0,0.040000000000000036,2.73,8.316351959377736
0.54,Premium,G,VS1,61.6,56.0,0.02999999999999936,2.0000000000000004,7.49179213470914
1.01,Premium,E,SI2,59.4,59.0,0.019999999999999574,2.6300000000000003,8.380145664921008
0.3,Premium,H,SI1,59.3,59.0,-0.019999999999999574,1.79,6.0664798891929745
0.35,Ideal,F,VS2,60.5,57.0,-0.08000000000000007,1.8399999999999999,6.530717990212204
1.02,Ideal,E,VS1,62.2,54.0,-0.019999999999999574,2.45,8.96898694281261
1.01,Fair,H,SI1,64.6,55.0,0.040000000000000036,2.2,8.356619031347014
0.42,Ideal,D,VVS1,61.6,56.0,-0.03000000000000025,1.8600000000000003,7.268662035545464
0.32,Ideal,D,SI2,59.5,57.0,0.03000000000000025,1.7999999999999998,6.388420153898764
0.52,Ideal,G,VVS2,60.8,57.0,0.03000000000000025,2.02,7.607017870516351
1.5,Ideal,I,VS1,61.3,57.0,-0.02999999999999936,2.8499999999999996,9.253102001870182
0.25,Ideal,E,VVS2,61.1,56.0,-0.03000000000000025,1.6100000000000003,6.308491379542768
0.79,Ideal,D,SI1,61.5,56.0,0.04999999999999982,2.2600000000000002,8.102202154442432
1.01,Good,E,VVS2,63.3,58.0,-0.08000000000000007,2.37,9.082394668331377
0.27,Very Good,F,VVS2,60.1,58.0,-0.04999999999999982,1.6999999999999997,6.308643612370343
0.7,Very Good,E,VS2,58.7,63.0,0.040000000000000036,2.3400000000000003,7.862921368603449
1.03,Ideal,F,VS1,60.7,56.0,0.05999999999999961,2.55,8.953678747009338
1.01,Fair,D,VS2,59.1,68.0,0.11999999999999922,2.6000000000000005,8.771216845207391
0.3,Ideal,E,VVS1,62.5,54.0,-0.03000000000000025,1.6300000000000003,6.572963685755683
0.3,Premium,H,VS2,61.8,60.0,0.04999999999999982,1.6099999999999999,6.3689342653217516
1.11,Premium,D,SI1,62.0,58.0,0.040000000000000036,2.51,8.708422548155042
1.0,Good,D,VS2,60.7,61.0,-0.05999999999999961,2.56,8.792177845481952
0.7,Very Good,H,VVS1,60.5,60.0,-0.02999999999999936,2.2899999999999996,7.973925207047118
0.57,Ideal,D,SI2,61.9,56.0,-0.040000000000000036,2.04,7.244917494606486
1.23,Premium,J,VS2,62.9,59.0,0.04999999999999982,2.51,8.59352571494058
1.5,Fair,I,SI2,68.1,59.0,0.28000000000000025,2.09,8.64843685932911
1.0,Very Good,G,SI1,61.4,57.0,0.03000000000000025,2.4699999999999998,8.48987757658296
0.23,Good,F,VS1,63.2,58.0,-0.03000000000000025,1.44,6.017989398409394
1.02,Good,H,SI2,58.2,60.0,-0.08000000000000007,2.7700000000000005,8.335161486239562
1.05,Premium,F,SI1,60.3,60.0,0.1200000000000001,2.56,8.582465943290167
1.07,Ideal,H,VVS2,61.3,57.0,-0.020000000000000462,2.5700000000000003,8.85099190254045
1.34,Very Good,E,SI2,62.1,63.0,0.04999999999999982,2.6399999999999997,8.748675098683863
0.38,Ideal,H,VVS2,62.5,53.4,-0.03000000000000025,1.7600000000000002,6.647911785010267
0.4,Premium,H,VS1,62.6,58.0,0.03000000000000025,1.7399999999999998,6.767693976950042
0.35,Premium,D,VS2,60.4,58.0,-0.04999999999999982,1.83,6.617881634149703
1.5,Premium,G,VS1,59.2,59.0,0.05000000000000071,3.0,9.49822323231129
0.53,Premium,F,VS2,60.6,55.0,0.02999999999999936,2.0500000000000003,7.47093991466923
0.47,Ideal,I,VS2,62.1,54.0,-0.019999999999999574,1.9,6.824399198558988
1.2,Ideal,H,VS1,62.1,57.0,-0.05000000000000071,2.6000000000000005,8.927731343925636
0.32,Ideal,I,IF,60.8,54.0,-0.02999999999999936,1.7599999999999998,6.52854636927654
0.26,Ideal,D,VS1,62.0,55.0,0.020000000000000462,1.5499999999999998,6.436034966882946
0.33,Very Good,I,IF,62.0,58.0,-0.019999999999999574,1.7000000000000002,6.540632792655897
0.31,Ideal,F,VS2,60.8,57.0,-0.02999999999999936,1.7299999999999995,6.442762791853734
0.9,Very Good,H,VS1,62.1,59.0,-0.04999999999999982,2.34,8.351610532477915
1.04,Ideal,H,SI2,61.1,56.0,-0.0600000000000005,2.6100000000000003,8.40816309970138
0.3,Good,H,VS1,63.3,56.0,-0.040000000000000036,1.5899999999999999,6.174625652889328
0.33,Ideal,E,VS1,61.5,56.2,-0.03000000000000025,1.7200000000000002,6.611005863659959
0.7,Ideal,I,VVS2,62.5,54.0,-0.04999999999999982,2.1700000000000004,7.7471448158776886
1.04,Very Good,J,SI2,63.5,59.0,-0.04999999999999982,2.3600000000000003,8.197419267131446
0.42,Ideal,E,VS2,62.1,56.0,-0.03000000000000025,1.8299999999999996,6.841856569584413
0.3,Premium,J,VS1,61.2,61.0,0.03000000000000025,1.6599999999999997,6.199738748380349
0.51,Ideal,H,SI1,61.6,55.0,-0.040000000000000036,1.9999999999999996,6.980059346873774
1.01,Very Good,G,VS1,64.4,59.0,-0.04999999999999982,2.26,8.753736087204418
0.5,Very Good,E,SI1,63.7,58.0,-0.040000000000000036,1.8499999999999996,6.934733621819514
1.01,Good,G,VS1,63.8,57.0,-0.03000000000000025,2.3200000000000003,8.752705960174838
0.32,Ideal,F,VS1,61.6,57.0,-0.03000000000000025,1.71,6.540795670807704
1.27,Premium,G,SI2,62.4,56.0,0.04999999999999982,2.5599999999999996,8.65440601939382
0.34,Premium,G,SI1,61.5,56.0,0.0699999999999994,1.6900000000000004,6.511815038035312
0.31,Premium,G,VS1,59.9,59.0,0.03000000000000025,1.7600000000000002,6.591136790455356
1.0,Very Good,F,VS2,62.8,57.0,-0.05999999999999961,2.3799999999999994,8.707846210330066
0.3,Very Good,G,VS1,61.7,56.0,-0.040000000000000036,1.67,6.268627008608278
0.32,Premium,H,VS2,59.5,58.0,-0.03000000000000025,1.83,6.2742808457455
1.02,Premium,E,SI1,61.5,58.0,0.04999999999999982,2.4699999999999998,8.612816540134354
1.55,Ideal,G,SI2,60.7,55.0,0.03000000000000025,2.9399999999999995,9.113720788398107
0.7,Premium,F,SI2,59.8,56.0,0.04999999999999982,2.2900000000000005,7.68562867984599
0.42,Ideal,F,VVS2,62.2,56.0,-0.03000000000000025,1.83,7.015889124248423
1.52,Ideal,D,SI2,62.7,56.0,0.0699999999999994,2.6900000000000004,9.155506134491826
0.41,Ideal,G,VS1,61.1,55.0,-0.040000000000000036,1.8900000000000001,6.793642399736329
0.26,Premium,E,VVS2,61.7,61.0,0.040000000000000036,1.5500000000000003,6.4908215326154926
0.28,Ideal,H,IF,62.0,56.0,-0.03000000000000025,1.6200000000000006,6.438584677494218
1.0,Good,J,SI1,58.7,62.0,-0.040000000000000036,2.6999999999999997,8.136472517167698
0.71,Premium,H,VS1,59.1,61.0,0.040000000000000036,2.37,7.925224621769112
1.7,Ideal,I,VS1,62.2,55.0,-0.040000000000000036,2.91,9.435966663406628
0.27,Very Good,D,VVS2,62.2,59.0,-0.040000000000000036,1.5700000000000003,6.352532060722071
1.85,Very Good,H,I1,63.3,56.0,0.04999999999999982,2.83,8.877241033016196
0.38,Ideal,G,VVS2,61.9,55.6,-0.03000000000000025,1.79,6.743280485823982
1.2,Good,H,SI1,63.7,58.0,0.040000000000000036,2.41,8.624406578752522
1.51,Premium,I,VS2,60.5,59.0,0.03000000000000025,2.92,9.17732588641782
1.2,Premium,H,SI1,62.1,55.0,0.04999999999999982,2.54,8.679256010340486
1.31,Very Good,H,VS2,60.4,58.0,-0.04999999999999982,2.8200000000000003,8.948705390710437
0.38,Ideal,I,VS1,61.6,55.0,-0.05000000000000071,1.8300000000000005,6.407832646433326
0.33,Ideal,F,VS2,61.9,57.0,-0.019999999999999574,1.69,6.488321152024701
1.16,Ideal,D,SI2,62.1,54.0,0.04999999999999982,2.54,8.570265048523918
1.55,Premium,H,VS2,60.7,58.0,0.040000000000000036,2.92,9.303498273304587
0.33,Ideal,F,VVS1,61.9,54.0,-0.040000000000000036,1.71,6.794108235768973
0.52,Ideal,G,VVS2,61.8,57.0,0.05000000000000071,1.9499999999999997,7.558143544112313
0.57,Ideal,F,VVS2,62.1,56.0,0.040000000000000036,1.9999999999999996,7.742184020492835
0.41,Ideal,G,SI1,62.6,54.0,0.040000000000000036,1.7600000000000002,6.744947321755659
2.24,Very Good,I,SI2,61.7,57.7,-0.0600000000000005,3.25,9.633278422501071
0.36,Ideal,H,VS2,62.1,55.0,0.040000000000000036,1.7200000000000002,6.604986203814377
0.55,Very Good,D,VS2,60.4,59.0,-0.04999999999999982,2.13,7.524783488353729
0.3,Premium,H,VS1,61.3,58.0,-0.03000000000000025,1.6800000000000002,6.222541356253852
0.81,Premium,I,VVS2,61.9,60.0,0.04999999999999982,2.22,7.986122007994059
1.7,Premium,I,VS1,61.5,58.0,0.10000000000000053,2.9099999999999993,9.397623917281168
0.53,Ideal,G,VVS2,61.8,58.0,-0.020000000000000462,1.9900000000000002,7.562210035721798
1.54,Premium,H,VS2,61.9,59.0,0.020000000000000462,2.7799999999999994,9.292518146538136
0.51,Premium,F,VS1,60.3,57.0,0.019999999999999574,2.06,7.497130610569182
1.2,Very Good,I,VVS1,62.6,56.0,-0.040000000000000036,2.5300000000000002,8.900903758278838
0.7,Fair,D,VS2,65.2,59.0,0.03000000000000025,1.92,7.787034854058664
2.0,Fair,H,SI2,65.3,55.0,0.08999999999999986,2.67,9.45930201596944
1.0,Good,D,SI2,64.3,60.0,0.02999999999999936,2.2,8.324176755061952
1.02,Good,D,SI1,63.3,58.0,-0.040000000000000036,2.3599999999999994,8.610164848459945
0.38,Ideal,E,VVS2,62.4,56.0,0.0600000000000005,1.7199999999999998,6.988082059965502
1.52,Premium,I,SI1,60.5,60.0,-0.08000000000000007,2.9800000000000004,9.103700633548097
1.01,Ideal,E,SI2,62.2,54.0,0.040000000000000036,2.3999999999999995,8.416336932159014
0.33,Very Good,H,VVS1,62.5,55.0,-0.040000000000000036,1.69,6.582696803978319
0.91,Ideal,H,VVS2,61.7,57.0,-0.020000000000000462,2.3900000000000006,8.514135830764685
0.56,Ideal,D,VS2,60.9,56.0,0.02999999999999936,2.0700000000000003,7.585591865222284
0.58,Ideal,G,VS2,61.9,56.0,-0.040000000000000036,2.06,7.433246295895266
0.51,Ideal,E,VS2,60.4,57.0,0.02999999999999936,2.0300000000000002,7.424291775713184
0.7,Good,F,SI1,63.2,57.0,-0.05999999999999961,2.11,7.735723221706281
1.33,Ideal,H,SI2,62.7,57.0,0.0699999999999994,2.58,8.695869736818112
1.0,Very Good,D,VS1,62.7,60.0,-0.05000000000000071,2.39,8.916089014081356
0.33,Premium,G,VS1,61.6,60.0,0.04999999999999982,1.6800000000000002,6.636948708657034
0.75,Very Good,D,SI2,63.6,58.0,-0.04999999999999982,2.11,7.777853472437346
0.41,Ideal,G,VS2,61.7,54.0,-0.02999999999999936,1.8499999999999996,6.71710630208925
1.18,Premium,G,VVS2,61.0,58.0,-0.04999999999999982,2.6799999999999997,9.146160549392288
0.51,Ideal,D,SI1,61.7,55.0,0.04999999999999982,1.9400000000000004,7.237849717156717
0.9,Premium,G,VS2,61.0,58.0,0.07000000000000028,2.37,8.394025338840303
0.31,Ideal,D,VS2,61.9,56.0,-0.009999999999999787,1.67,6.533355049953212
1.1,Ideal,H,SI2,62.6,56.0,-0.08000000000000007,2.5100000000000007,8.438872826651156
1.01,Ideal,H,SI2,62.8,56.0,-0.07000000000000028,2.42,8.363165904724468
0.7,Ideal,H,SI1,61.4,57.0,-0.1200000000000001,2.26,7.767870612130192
0.9,Very Good,E,SI1,60.1,58.0,-0.040000000000000036,2.52,8.361393199502174
1.2,Very Good,D,SI2,62.9,59.0,-0.04999999999999982,2.5199999999999996,8.657269442736082
0.7,Premium,E,SI1,59.1,62.0,0.05999999999999961,2.33,7.837257691568766
2.0,Very Good,I,SI2,63.7,61.0,-0.1200000000000001,2.9299999999999997,9.577124301575985
1.5,Very Good,I,VS1,63.3,54.0,-0.07000000000000028,2.71,9.208181572746655
0.55,Ideal,E,VVS2,61.4,56.0,-0.02999999999999936,2.0599999999999996,7.761327471915319
0.41,Very Good,J,VS1,63.2,59.0,0.03000000000000025,1.71,6.578815571121236
0.25,Premium,H,VVS1,62.7,60.0,0.050000000000000266,1.4700000000000002,6.443843744838647
1.0,Ideal,F,SI2,61.1,54.0,0.040000000000000036,2.4999999999999996,8.38098459159124
0.71,Ideal,D,VS1,60.9,57.0,-0.019999999999999574,2.26,8.200090552855027
0.51,Ideal,F,VVS2,62.2,57.0,-0.019999999999999574,1.9499999999999997,7.543001328217989
0.31,Premium,G,VS1,61.2,60.0,0.03000000000000025,1.6599999999999997,6.600215660109466
0.7,Premium,E,SI1,60.7,58.0,0.009999999999999787,2.2500000000000004,7.875854705856797
2.01,Good,I,VS2,63.8,58.0,-0.0699999999999994,2.88,9.623840166187136
0.31,Good,H,VS1,63.2,57.0,-0.03000000000000025,1.6,6.256857701075462
1.01,Premium,G,SI1,60.2,60.0,0.020000000000000462,2.55,8.507029135588096
1.09,Ideal,F,VVS2,62.0,56.0,0.03000000000000025,2.5,9.192298184937163
0.71,Premium,F,VS2,62.4,59.0,0.04999999999999982,2.1100000000000003,7.903810530185835
0.51,Ideal,D,SI1,62.9,55.0,-0.040000000000000036,1.9100000000000001,7.155612848339703
0.34,Premium,F,VS2,61.2,59.0,-0.04999999999999982,1.7699999999999996,6.5341126692431075
1.1,Ideal,E,I1,61.9,56.0,0.040000000000000036,2.5,8.190638837937543
0.7,Very Good,I,VVS1,62.1,58.0,-0.03000000000000025,2.1500000000000004,7.754930446317832
0.73,Ideal,F,VS2,62.7,58.0,-0.04999999999999982,2.1699999999999995,7.9608266036512365
0.33,Very Good,G,VS2,61.3,61.0,-0.040000000000000036,1.7399999999999998,6.3725024434159145
1.13,Premium,J,SI1,61.3,59.0,0.09999999999999964,2.55,8.374697102454693
1.61,Premium,H,SI1,61.4,58.0,0.05999999999999961,2.8900000000000006,9.306791212458718
1.2,Very Good,E,SI2,63.3,55.0,0.03999999999999915,2.460000000000001,8.614445982226863
0.41,Ideal,F,VS2,61.1,56.0,-0.03000000000000025,1.8900000000000001,6.764239258786845
0.27,Very Good,G,VVS2,61.0,56.0,-0.02999999999999936,1.6599999999999997,6.276583796486794
0.35,Premium,F,SI1,62.3,58.0,0.040000000000000036,1.6800000000000002,6.576081622913405
1.71,Ideal,J,SI1,62.8,57.0,0.03000000000000025,2.8,9.173336006878614
0.7,Ideal,F,SI2,62.8,55.0,0.02999999999999936,2.0900000000000003,7.637084123610503
0.5,Premium,G,VS1,62.5,58.0,-0.040000000000000036,1.9300000000000002,7.168093002204077
0.56,Ideal,F,VS1,62.7,56.0,-0.04999999999999982,1.9899999999999998,7.5467480150948205
1.21,Premium,J,VS1,60.0,60.0,0.07000000000000028,2.7299999999999995,8.659954636574454
1.2,Very Good,I,SI1,63.2,58.0,-0.040000000000000036,2.5,8.581548858579074
0.42,Premium,F,VS2,61.9,58.0,-0.040000000000000036,1.8399999999999999,6.7852955466607305
1.01,Ideal,E,SI1,61.6,57.0,-0.04999999999999982,2.5100000000000002,8.631173755816672
1.52,Very Good,E,VS1,62.4,55.0,-0.08000000000000007,2.8100000000000005,9.642324771638282
0.71,Ideal,E,SI1,60.8,57.0,-0.040000000000000036,2.3,7.999930467859409
2.02,Ideal,H,SI1,62.0,56.0,-0.07000000000000028,3.110000000000001,9.69093478261623
1.01,Fair,F,SI2,64.6,59.0,-0.05999999999999961,2.05,8.213143034372836
0.26,Very Good,E,VVS2,60.8,61.0,-0.009999999999999787,1.62,6.272562864851971
0.23,Very Good,E,VVS1,58.6,61.0,-0.020000000000000462,1.6800000000000002,6.067822050849338
0.32,Ideal,D,SI1,61.2,56.0,-0.019999999999999574,1.7399999999999998,6.397732982512482
0.4,Ideal,G,VS1,61.3,55.0,-0.03000000000000025,1.8600000000000003,6.763869243971696
0.36,Good,E,SI2,63.7,54.0,-0.03000000000000025,1.6599999999999997,6.268264223915862
0.74,Premium,D,VS2,61.8,58.0,0.040000000000000036,2.1899999999999995,8.084676569946051
0.47,Good,F,VS1,59.0,60.2,-0.04999999999999982,2.0999999999999996,7.151767937004211
0.3,Very Good,G,VS2,61.4,54.0,-0.05000000000000071,1.7000000000000002,6.220376951999502
0.94,Premium,E,SI2,60.4,59.0,-0.03000000000000025,2.5300000000000002,8.221066003064905
0.7,Premium,G,SI1,59.9,58.0,0.1200000000000001,2.2399999999999998,7.768955237755481
0.47,Premium,G,SI1,62.7,58.0,-0.020000000000000462,1.87,6.816234653957135
0.51,Very Good,E,SI1,63.3,59.0,0.040000000000000036,1.8399999999999999,7.137874476054989
2.36,Ideal,J,VS2,60.1,59.0,-0.049999999999998934,3.4799999999999995,9.616678999600362
0.32,Ideal,G,VS1,61.2,56.0,0.020000000000000462,1.71,6.63745596716803
0.9,Very Good,G,IF,60.1,59.0,-0.040000000000000036,2.51,8.761153998036052
1.05,Ideal,G,VS2,61.7,56.0,0.020000000000000462,2.4899999999999993,8.796563656940972
0.71,Very Good,I,VVS1,63.3,57.0,-0.040000000000000036,2.1000000000000005,7.822173667670881
0.52,Premium,G,VVS2,61.8,59.0,0.03000000000000025,1.9499999999999997,7.548262033990672
2.13,Ideal,H,SI1,62.2,55.0,0.07000000000000028,3.079999999999999,9.674639516395013
0.33,Ideal,F,VVS1,61.8,55.0,-0.019999999999999574,1.71,6.794108235768973
0.3,Very Good,D,VVS2,60.6,58.0,-0.019999999999999574,1.7199999999999998,6.458248340387238
0.51,Ideal,F,SI2,61.0,55.0,-0.03000000000000025,2.04,7.014963790391092
0.73,Fair,H,VS2,65.9,55.0,0.040000000000000036,1.8999999999999995,7.724287775476308
0.71,Ideal,I,VVS2,60.2,56.0,-0.04999999999999982,2.36,7.939629920792495
0.41,Ideal,F,VS2,60.0,56.0,0.05999999999999961,1.9100000000000001,6.882301234246559
1.03,Premium,D,VS1,59.6,61.0,0.04999999999999982,2.64,8.956792020495701
0.32,Premium,G,VS2,61.2,59.0,-0.03000000000000025,1.7200000000000002,6.385193096175966
0.34,Ideal,G,VS2,61.5,57.0,-0.040000000000000036,1.75,6.470664298109446
1.21,Ideal,I,VS1,61.8,56.0,-0.040000000000000036,2.6399999999999997,8.825723267493116
1.0,Premium,F,VVS1,61.0,60.0,-0.040000000000000036,2.5199999999999996,9.099167343758479
1.02,Ideal,F,VS2,62.0,57.0,0.019999999999999574,2.4400000000000004,8.792277853484551
0.72,Ideal,G,VVS2,61.6,55.0,0.010000000000000675,2.2099999999999995,8.074559139278254
1.01,Ideal,G,SI1,61.2,57.0,-0.05999999999999961,2.54,8.556925241009028
0.33,Ideal,G,IF,61.7,56.0,-0.040000000000000036,1.7399999999999998,6.803615257965732
0.76,Premium,F,SI2,61.8,58.0,-0.04999999999999982,2.26,7.85270191290132
0.42,Ideal,E,SI2,62.9,56.0,0.03000000000000025,1.7599999999999998,6.684279803348234
0.32,Premium,E,VVS1,61.8,59.0,0.040000000000000036,1.6499999999999995,6.947291420899898
0.37,Premium,G,VS2,59.3,60.0,0.040000000000000036,1.8900000000000001,6.670815630158955
0.72,Ideal,J,SI1,61.8,54.0,-0.040000000000000036,2.23,7.582614204030695
0.32,Premium,G,SI1,62.6,58.0,-0.040000000000000036,1.6399999999999997,6.25266264829734
1.04,Very Good,H,I1,61.6,61.0,-0.019999999999999574,2.4899999999999998,8.03207550453153
1.01,Good,G,SI1,63.2,55.0,-0.08000000000000007,2.380000000000001,8.493823682957347
0.29,Very Good,G,VVS2,62.2,55.0,-0.02999999999999936,1.6299999999999994,6.335731794452578
0.7,Premium,H,SI1,60.9,62.0,0.0699999999999994,2.1900000000000004,7.692169894668728
0.31,Ideal,I,VVS1,62.0,54.0,0.03000000000000025,1.6399999999999997,6.58721706946792
0.7,Ideal,G,VVS2,60.3,57.0,-0.08000000000000007,2.34,8.065300429267888
0.77,Ideal,H,VS2,62.4,56.0,0.040000000000000036,2.1899999999999995,7.917218246010135
0.56,Ideal,D,VS2,61.4,55.0,-0.019999999999999574,2.07,7.5641147213528
0.4,Premium,E,SI1,62.2,58.0,-0.03000000000000025,1.8000000000000003,6.652199777785029
0.3,Ideal,H,VS2,61.4,55.0,-0.020000000000000462,1.6900000000000004,6.18112980431164
1.2,Very Good,J,SI1,61.2,55.0,-0.040000000000000036,2.6799999999999997,8.480526311673362
0.3,Ideal,H,SI1,61.3,58.0,-0.040000000000000036,1.69,6.087360756670526
0.4,Premium,G,SI1,59.3,59.0,-0.020000000000000462,1.9700000000000002,6.585632279843773
0.38,Very Good,D,VS2,63.1,55.0,0.009999999999999787,1.69,6.854283117037763
0.32,Ideal,G,IF,62.4,55.0,0.019999999999999574,1.6500000000000004,6.891537625846434
0.4,Good,D,SI1,63.6,57.0,0.03000000000000025,1.69,6.769799123947477
1.09,Ideal,G,VS1,61.7,54.0,-0.04999999999999982,2.58,8.957753029360141
0.56,Ideal,D,IF,61.9,57.0,-0.02999999999999936,2.03,8.165878812286527
0.44,Ideal,G,SI1,62.7,57.0,-0.02999999999999936,1.8199999999999998,6.683493667342877
1.01,Very Good,D,SI1,62.5,61.0,-0.0600000000000005,2.4200000000000004,8.599985744056903
0.81,Ideal,E,SI1,62.4,57.0,-0.04999999999999982,2.26,8.120602550978392
1.23,Premium,G,SI1,61.2,59.0,0.07000000000000028,2.619999999999999,8.830010144121621
0.53,Premium,E,VS2,59.8,58.0,-0.009999999999999787,2.1199999999999997,7.453418134948065
0.42,Ideal,E,VS2,62.4,55.0,0.009999999999999787,1.7999999999999998,6.965707016918205
0.23,Very Good,F,VVS2,60.0,57.0,-0.040000000000000036,1.63,6.1440676254634035
1.51,Ideal,H,SI1,61.3,57.0,0.07000000000000028,2.8200000000000003,9.23121464895063
1.02,Premium,J,SI2,62.3,58.0,0.04999999999999982,2.39,8.166201858647131
0.28,Very Good,E,VVS2,59.1,59.0,-0.0600000000000005,1.79,6.30966574301841
0.39,Premium,G,VS2,62.4,56.0,0.040000000000000036,1.7299999999999995,6.830556774595841
0.32,Ideal,G,VS1,62.0,56.0,0.040000000000000036,1.6399999999999997,6.63745596716803
1.2,Very Good,I,VS2,61.7,59.0,-0.04999999999999982,2.6499999999999995,8.718827078997984
1.05,Premium,F,VS1,62.3,55.0,0.08000000000000007,2.42,8.941624647561284
1.01,Fair,G,VS2,65.1,56.0,0.04999999999999982,2.130000000000001,8.534012790809852
0.64,Ideal,F,VS2,62.5,56.0,0.019999999999999574,2.0700000000000003,7.705626245392075
0.39,Ideal,D,VS1,60.3,56.0,0.05999999999999961,1.85,7.006763332976233
0.43,Ideal,H,SI1,62.4,56.0,-0.020000000000000462,1.8200000000000003,6.5858058213689
1.06,Ideal,D,VVS2,62.0,56.0,-0.040000000000000036,2.5100000000000007,9.30534360127814
0.5,Good,G,VVS2,63.8,56.0,-0.02999999999999936,1.8399999999999994,7.285585100885158
0.48,Very Good,E,SI1,62.7,58.5,-0.019999999999999574,1.8699999999999997,6.899211736100031
0.39,Premium,H,VVS1,61.5,56.0,0.03000000000000025,1.8000000000000003,6.9622263535208
0.7,Very Good,F,SI1,59.8,59.0,-0.05999999999999961,2.3499999999999996,7.850447131567648
0.36,Ideal,G,VVS2,61.8,54.0,-0.020000000000000462,1.7700000000000005,6.711521653378334
0.43,Very Good,G,VVS2,62.2,55.0,-0.03000000000000025,1.8399999999999999,6.945426090212353
0.65,Very Good,D,VVS2,59.9,58.0,-0.0600000000000005,2.3000000000000003,8.135971608311932
0.92,Good,D,SI2,63.9,55.0,0.04999999999999982,2.1799999999999997,8.094721066148164
0.35,Ideal,G,IF,61.4,55.0,0.03000000000000025,1.7499999999999996,6.947070136312403
0.32,Ideal,H,VVS1,61.3,56.0,-0.019999999999999574,1.7199999999999998,6.588717694015726
0.35,Premium,G,VS1,62.6,56.0,0.02999999999999936,1.6700000000000004,6.6980566507038315
0.33,Ideal,E,VVS2,61.2,56.0,-0.040000000000000036,1.7500000000000004,6.728860091268725
1.36,Premium,H,VS2,61.9,58.0,-0.0600000000000005,2.74,8.964844046886855
1.01,Premium,E,SI1,59.6,59.0,0.07000000000000028,2.59,8.56087194120107
0.43,Ideal,G,VS1,61.3,57.0,-0.03000000000000025,1.9,6.859858505190616
1.21,Ideal,H,VS1,62.7,56.0,-0.04999999999999982,2.5700000000000003,8.917779466821871
0.32,Ideal,E,VVS1,61.6,56.0,0.05999999999999961,1.6600000000000001,6.96287208428855
0.3,Very Good,D,VS2,62.0,59.0,-0.04999999999999982,1.6399999999999997,6.333496557651663
0.58,Ideal,I,VVS1,63.0,57.0,0.04999999999999982,1.94,7.478966922281208
1.52,Very Good,J,SI1,62.3,57.0,-0.05999999999999961,2.8,8.988205844321227
0.57,Ideal,G,VS2,61.8,56.0,0.04999999999999982,2.01,7.448921193130506
1.16,Very Good,I,SI1,61.5,60.4,-0.04999999999999982,2.62,8.502592481433481
0.31,Premium,F,IF,61.6,58.0,0.040000000000000036,1.65,6.911680379367861
0.26,Good,F,VS1,62.5,56.0,-0.040000000000000036,1.5499999999999998,6.172529849111209
0.41,Very Good,G,VVS2,59.1,60.0,-0.03000000000000025,2.0,6.922512117743943
1.2,Ideal,H,SI2,61.0,57.0,0.0600000000000005,2.6499999999999995,8.569547018259
0.32,Very Good,H,VS1,62.8,55.0,-0.0600000000000005,1.6600000000000001,6.306328314990389
0.3,Premium,H,VVS2,60.8,60.0,-0.040000000000000036,1.71,6.327973049293587
0.42,Very Good,F,VS2,60.1,61.0,-0.040000000000000036,1.96,6.748969532656354
1.03,Ideal,G,VS1,62.1,57.0,-0.02999999999999936,2.46,8.856687772725518
0.51,Premium,F,VS2,60.1,59.0,0.020000000000000462,2.0599999999999996,7.375829943796945
0.71,Very Good,E,VS1,63.7,58.0,-0.04999999999999982,2.0799999999999996,8.005544473373751
0.3,Ideal,H,VVS2,61.5,56.0,0.019999999999999574,1.6600000000000001,6.501162723513882
0.71,Premium,F,VS1,61.8,59.0,-0.040000000000000036,2.2000000000000006,8.058889848443624
3.05,Premium,E,I1,60.9,58.0,0.009999999999999787,3.59,9.22335951998689
1.59,Premium,I,VS2,62.9,56.0,0.05000000000000071,2.7399999999999993,9.175328629950496
0.81,Ideal,F,SI1,61.9,57.0,-0.02999999999999936,2.3,8.086360222793585
1.0,Good,F,SI2,60.6,62.0,-0.08999999999999986,2.5700000000000003,8.35149297646687
0.31,Ideal,D,VS2,61.5,56.0,-0.010000000000000675,1.6800000000000002,6.533355049953212
1.54,Ideal,G,SI2,61.9,55.0,0.08000000000000007,2.79,9.102740661631655
0.74,Premium,G,SI2,60.1,58.0,0.02999999999999936,2.3300000000000005,7.735873080359107
0.57,Premium,E,VS2,61.9,60.0,0.040000000000000036,2.01,7.543355846006002
0.26,Very Good,E,VVS2,60.9,58.0,-0.020000000000000462,1.6300000000000003,6.277286251641271
1.01,Very Good,F,VS2,61.4,54.0,-0.0699999999999994,2.5199999999999996,8.785972028043034
0.25,Very Good,E,VS2,63.3,56.0,-0.040000000000000036,1.5,6.075351046342636
0.93,Very Good,F,SI1,58.8,60.0,-0.1200000000000001,2.7100000000000004,8.29445052067058
0.7,Fair,D,SI1,66.5,55.0,0.040000000000000036,1.8199999999999998,7.698735892931155
0.4,Very Good,G,VS1,60.0,56.0,-0.040000000000000036,1.9499999999999997,6.72769305149123
0.41,Ideal,D,SI1,62.6,57.0,-0.040000000000000036,1.8000000000000003,6.716773976732425
0.31,Ideal,G,IF,61.6,55.0,-0.04999999999999982,1.6999999999999997,6.7414354065122755
0.71,Premium,J,VS2,60.1,61.0,0.05000000000000071,2.2899999999999996,7.613969008665051
0.52,Ideal,F,VVS2,62.5,57.0,-0.040000000000000036,1.9600000000000004,7.601895619909374
1.12,Premium,I,SI2,61.2,58.0,0.040000000000000036,2.58,8.340380063837841
0.32,Very Good,G,VVS2,64.0,55.0,-0.040000000000000036,1.5799999999999996,6.532371745431462
0.3,Ideal,E,VVS2,61.4,55.0,-0.019999999999999574,1.6799999999999997,6.486770258327669
1.07,Premium,D,SI2,62.4,61.0,0.02999999999999936,2.4300000000000006,8.440251820813488
1.02,Premium,H,VS2,61.2,58.0,-0.03000000000000025,2.53,8.581055950493052
0.56,Ideal,H,SI1,61.6,56.0,-0.040000000000000036,2.06,7.140439081740978
1.04,Ideal,G,VS1,61.9,57.0,-0.040000000000000036,2.51,8.856687772725518
0.76,Ideal,E,VS2,61.5,56.0,-0.03000000000000025,2.29,8.139511713314391
0.3,Good,J,VS1,63.5,58.0,-0.02999999999999936,1.5699999999999994,6.0007540786973985
1.03,Ideal,J,SI1,62.6,57.0,0.020000000000000462,2.3999999999999995,8.274725321310978
1.0,Premium,F,SI1,62.8,61.0,0.1200000000000001,2.29,8.469773112874226
1.51,Very Good,F,SI2,63.4,57.0,0.040000000000000036,2.6399999999999997,9.063541286985823
1.2,Premium,G,SI1,63.0,58.0,0.040000000000000036,2.46,8.76512033602737
1.23,Ideal,G,VVS2,61.3,56.0,-0.020000000000000462,2.6799999999999997,9.255835316447682
0.25,Ideal,G,VS1,62.7,54.0,-0.03000000000000025,1.5300000000000002,6.174222452540846
0.31,Ideal,H,VVS1,61.8,57.0,0.02999999999999936,1.6400000000000001,6.697588966646325
0.7,Ideal,G,SI2,62.4,55.0,-0.05999999999999961,2.17,7.641684665234458
0.7,Ideal,I,SI1,61.3,57.0,-0.03000000000000025,2.23,7.621522140231286
1.0,Very Good,D,VS2,61.2,61.0,-0.040000000000000036,2.4899999999999998,8.812797786929673
1.0,Premium,G,VS1,59.7,59.0,0.07000000000000028,2.6,8.774997816264369
0.41,Premium,H,SI2,60.9,60.0,0.03000000000000025,1.8699999999999997,6.510883134418944
1.09,Premium,G,VVS2,59.5,61.0,0.040000000000000036,2.7,9.005194423595292
0.7,Premium,F,SI1,60.8,58.0,0.040000000000000036,2.24,7.8422973840931505
0.5,Ideal,H,VVS1,61.9,54.0,-0.009999999999999787,1.9599999999999995,7.337531542950297
1.28,Premium,H,SI2,62.4,56.0,0.08000000000000007,2.55,8.624896476488681
1.12,Very Good,I,SI1,60.6,60.0,-0.03999999999999915,2.6799999999999997,8.471751353613142
1.22,Ideal,I,SI1,62.3,58.0,-0.020000000000000462,2.58,8.66683454101451
0.44,Ideal,G,VS1,61.9,54.0,-0.040000000000000036,1.8899999999999997,6.854572407319422
0.71,Ideal,F,VS1,61.1,56.0,-0.03000000000000025,2.24,8.09998737359449
0.35,Ideal,J,VS2,61.8,55.0,-0.019999999999999574,1.7499999999999996,6.151007374771946
0.32,Ideal,I,VS1,62.4,54.0,-0.020000000000000462,1.6600000000000001,6.2332340691356825
1.01,Very Good,G,VS1,59.3,57.0,-0.04999999999999982,2.6999999999999997,8.810345633954677
0.73,Good,E,SI1,57.9,55.0,0.040000000000000036,2.5,7.925812968892657
1.21,Very Good,E,SI1,62.2,60.0,0.020000000000000462,2.55,8.830124931538503
0.3,Premium,F,IF,61.6,58.0,-0.040000000000000036,1.6799999999999997,6.58762606386515
1.01,Very Good,H,VS2,63.3,57.0,0.05000000000000071,2.2799999999999994,8.504588539731309
0.36,Premium,D,VS2,60.3,58.0,-0.03000000000000025,1.8600000000000003,6.672651074862952
0.55,Very Good,H,VS2,60.2,59.0,0.1200000000000001,2.0500000000000003,7.258158363333418
1.2,Ideal,G,VS2,61.9,56.0,0.05000000000000071,2.579999999999999,9.027688001697761
0.4,Ideal,D,SI1,60.8,57.0,-0.040000000000000036,1.8999999999999995,6.702855190163497
1.11,Premium,G,SI2,61.5,58.0,0.07000000000000028,2.5199999999999996,8.395892652287955
1.55,Ideal,J,VS2,61.7,55.0,-0.04999999999999982,2.8499999999999996,9.09193264733286
0.3,Very Good,G,IF,62.8,57.0,-0.03000000000000025,1.6099999999999999,6.522440280109233
0.76,Very Good,G,VS2,59.8,58.0,-0.040000000000000036,2.41,7.99211196617634
0.31,Good,I,VS1,63.9,56.0,-0.019999999999999574,1.5599999999999996,6.176268044190444
0.31,Ideal,E,VS2,62.0,55.0,0.019999999999999574,1.6400000000000001,6.694107331504969
0.71,Ideal,F,VVS2,61.6,56.0,-0.019999999999999574,2.22,8.196842007754864
0.71,Very Good,G,SI1,62.9,56.0,-0.05000000000000071,2.1400000000000006,7.802851774367248
0.31,Good,D,SI1,63.3,59.0,-0.04999999999999982,1.5899999999999999,6.303035197114444
0.6,Fair,F,SI1,55.3,63.0,0.05999999999999961,2.49,7.406031538802916
1.21,Very Good,F,SI2,61.5,61.0,-0.05000000000000071,2.6400000000000006,8.622007829792082
0.41,Ideal,G,VS2,62.2,57.0,-0.03000000000000025,1.8000000000000003,6.717470702049227
0.9,Fair,F,VS2,59.5,67.0,0.04999999999999982,2.5100000000000002,8.391506378623925
0.4,Ideal,F,VVS2,62.0,56.0,0.02999999999999936,1.7900000000000005,7.0627707804043345
0.37,Ideal,F,VVS1,62.0,55.0,-0.03000000000000025,1.77,6.8722900970490715
0.33,Very Good,D,VS1,61.6,53.0,-0.03000000000000025,1.7300000000000004,6.59402161135843
0.9,Ideal,E,SI2,62.7,54.0,-0.08000000000000007,2.34,8.239784682474108
0.91,Ideal,E,SI1,61.2,58.0,-0.05999999999999961,2.46,8.403242549375781
0.3,Ideal,H,VVS2,61.7,54.2,-0.02999999999999936,1.6799999999999997,6.336051652426748
0.38,Ideal,E,IF,62.2,54.1,-0.03000000000000025,1.7799999999999998,7.024490195559799
1.31,Ideal,F,VS1,61.9,54.0,-0.02999999999999936,2.71,9.284197266425506
1.51,Very Good,G,VS2,58.9,60.0,-0.08000000000000007,3.13,9.462135521076009
1.21,Ideal,D,VS1,61.0,57.0,0.03000000000000025,2.6599999999999993,9.269269572777409
0.35,Premium,E,VS2,62.1,59.0,0.03000000000000025,1.6800000000000002,6.7547432601636315
1.0,Fair,F,VS2,64.9,56.0,-0.04999999999999982,2.2299999999999995,8.63272142192764
0.64,Very Good,H,VVS2,60.0,59.0,-0.0600000000000005,2.2800000000000002,7.765609503844112
0.31,Ideal,E,VS2,61.5,55.0,-0.040000000000000036,1.71,6.492952746049459
0.33,Ideal,D,SI2,61.1,57.0,0.03000000000000025,1.7299999999999995,6.4195924361752885
1.51,Premium,G,VS2,62.7,58.0,0.10999999999999943,2.6500000000000004,9.430554628118696
0.32,Good,E,SI1,63.4,56.0,-0.03000000000000025,1.5999999999999996,6.289344356788174
1.04,Very Good,E,VS1,63.0,55.0,-0.04999999999999982,2.42,8.954316901649257
0.31,Very Good,G,VS2,62.6,56.0,-0.040000000000000036,1.65,6.332210841990313
0.4,Ideal,E,VVS1,62.6,56.0,0.03000000000000025,1.75,7.193320175289603
0.9,Fair,D,SI2,65.9,59.0,0.04999999999999982,2.0100000000000002,8.013568986665357
0.3,Very Good,G,VS2,62.6,62.0,-0.040000000000000036,1.6,6.212739633930064
0.72,Ideal,G,SI1,61.8,56.0,-0.05999999999999961,2.21,7.890822992231756
1.03,Ideal,D,SI2,61.2,57.0,0.08000000000000007,2.5,8.46954046008255
0.9,Very Good,F,SI1,63.0,61.0,-0.04999999999999982,2.2899999999999996,8.270962719873271
0.31,Good,F,VVS2,63.6,55.0,0.040000000000000036,1.5499999999999998,6.649565410077265
0.34,Premium,F,VS2,62.6,59.0,-0.040000000000000036,1.6900000000000004,6.5341126692431075
1.07,Very Good,F,SI1,61.6,58.0,-0.05999999999999961,2.55,8.64077453332546
1.0,Premium,F,SI1,62.6,60.0,-0.020000000000000462,2.37,8.514494751191052
0.42,Premium,H,VVS1,60.9,62.0,0.0600000000000005,1.8599999999999999,6.997931562417289
0.4,Very Good,F,VS1,62.0,56.0,-0.020000000000000462,1.8100000000000005,6.780682650010986
0.31,Ideal,G,VS1,61.9,56.0,-0.040000000000000036,1.6799999999999997,6.435565561553522
0.4,Ideal,E,VS1,62.6,56.0,0.04999999999999982,1.73,6.996180157470746
0.36,Very Good,F,SI1,61.9,59.0,-0.03000000000000025,1.7400000000000002,6.415871501912827
0.42,Ideal,F,SI1,60.9,55.0,-0.040000000000000036,1.92,6.698573245446378
1.23,Ideal,H,SI1,62.4,54.0,-0.05999999999999961,2.6099999999999994,8.786855125535933
0.73,Ideal,E,VS2,62.7,56.0,-0.04999999999999982,2.1799999999999997,8.021613412493966
0.29,Very Good,E,VS1,61.9,55.0,-0.04999999999999982,1.67,6.2596073191909
1.0,Ideal,F,SI1,61.9,56.0,0.04999999999999982,2.41,8.5392970101207
2.0,Fair,H,SI2,65.2,55.0,0.05000000000000071,2.7199999999999998,9.45930201596944
0.32,Premium,I,SI1,61.1,59.0,-0.040000000000000036,1.73,6.060993139571502
0.59,Ideal,D,VS1,62.0,56.0,-0.040000000000000036,2.0599999999999996,7.724851746359276
0.51,Ideal,E,SI2,62.7,53.0,0.03000000000000025,1.8899999999999997,7.002290694359648
1.05,Good,I,VS2,63.1,58.0,-0.04999999999999982,2.3999999999999995,8.511235415303275
1.52,Very Good,G,VS2,61.6,56.0,-0.05999999999999961,2.87,9.51716209414537
1.2,Ideal,H,SI2,61.6,57.0,0.04999999999999982,2.59,8.569547018259
1.01,Premium,H,VS2,61.9,57.0,0.07000000000000028,2.3999999999999995,8.53274727935312
1.5,Premium,E,SI2,61.0,58.0,0.04999999999999982,2.83,9.130616095048246
1.0,Premium,G,VS2,60.1,57.0,0.07000000000000028,2.51,8.669278253915172
1.01,Very Good,F,VS2,63.6,59.0,-0.040000000000000036,2.3200000000000003,8.73410620267982
0.76,Ideal,D,VS2,61.2,57.0,-0.020000000000000462,2.3000000000000003,8.185914683079819
0.3,Very Good,G,VS2,63.1,57.0,0.040000000000000036,1.5500000000000003,6.3774313294611815
0.35,Good,F,VS2,57.9,60.0,-0.02999999999999936,1.9799999999999995,6.482592838526344
1.22,Ideal,G,VS1,62.6,54.4,-0.0600000000000005,2.5700000000000003,9.125492477692195
0.33,Very Good,I,VS1,63.2,57.0,0.03000000000000025,1.6,6.351048217886878
0.3,Good,E,SI1,63.2,57.0,-0.04999999999999982,1.5999999999999996,6.156452824133476
0.3,Ideal,E,IF,61.1,57.0,-0.020000000000000462,1.69,6.6497340569557695
0.7,Very Good,D,SI1,62.8,60.0,-0.019999999999999574,2.1199999999999997,7.819122169861968
0.82,Ideal,G,SI2,61.0,55.0,0.04999999999999982,2.3200000000000003,7.9067350828177565
0.33,Ideal,E,VVS1,60.7,57.0,-0.040000000000000036,1.7799999999999998,6.850357110727557
0.39,Premium,J,VVS1,62.8,58.0,0.04999999999999982,1.7000000000000002,6.7493658428485235
0.38,Ideal,E,VS1,61.4,56.0,-0.03000000000000025,1.8200000000000003,6.751392973323674
0.32,Ideal,G,VVS2,62.4,54.0,-0.009999999999999787,1.65,6.572739855473286
1.0,Very Good,G,VS2,61.8,59.0,-0.08000000000000007,2.46,8.688215691818368
0.31,Premium,G,SI1,58.8,62.0,0.03000000000000025,1.7999999999999998,6.384850964343034
0.5,Good,F,VS2,63.3,58.0,-0.04999999999999982,1.8600000000000003,7.061775857646975
0.38,Ideal,G,SI1,61.6,54.0,-0.03000000000000025,1.8199999999999998,6.435754463863142
0.3,Very Good,G,VS2,60.6,61.0,-0.03000000000000025,1.7100000000000004,6.2164307600058635
0.42,Ideal,F,VS1,61.9,57.0,-0.019999999999999574,1.8399999999999994,6.888915371029641
0.32,Ideal,E,VS2,61.9,56.0,0.05000000000000071,1.6399999999999997,6.714424394975231
0.43,Premium,G,SI1,62.6,59.0,-0.020000000000000462,1.8100000000000005,6.6611332316404654
0.42,Good,G,SI1,63.2,57.0,-0.020000000000000462,1.77,6.582583031448205
1.22,Ideal,F,VS1,62.6,55.0,0.040000000000000036,2.54,9.200041492447346
1.05,Good,H,IF,64.3,58.0,0.15000000000000036,2.2199999999999998,8.79043646469322
0.38,Ideal,D,VS2,60.7,56.0,-0.04999999999999982,1.8800000000000003,6.715908018670986
2.06,Good,I,VS2,60.2,64.0,0.1999999999999993,3.170000000000001,9.63531910715225
1.11,Premium,H,SI1,62.5,58.0,0.02999999999999936,2.4700000000000006,8.523611828796446
1.51,Fair,H,VS2,65.6,56.0,2.38,0.7000000000000002,8.949520873300376
0.52,Very Good,G,SI2,63.3,58.0,0.05000000000000071,1.8399999999999994,6.948167167406312
1.25,Ideal,J,SI1,62.1,58.0,-0.02999999999999936,2.62,8.586800705963206
1.27,Very Good,H,SI1,63.2,56.0,0.040000000000000036,2.5199999999999996,8.783686973590983
0.35,Ideal,F,VS2,60.5,57.0,0.08000000000000007,1.7599999999999998,6.706535207313963
0.81,Premium,G,VS2,62.0,58.0,0.03000000000000025,2.2399999999999998,8.07968073346431
1.22,Ideal,D,SI2,61.8,58.0,-0.08000000000000007,2.67,8.74865207495105
0.24,Very Good,F,VVS2,60.5,59.0,-0.06999999999999984,1.6199999999999997,6.232013958087051
0.3,Very Good,E,VS1,60.2,57.0,0.07000000000000028,1.69,6.499648215372589
0.5,Good,F,VS2,65.3,57.0,-0.040000000000000036,1.7399999999999998,7.057760774497146
2.01,Ideal,E,SI2,62.1,57.0,0.1200000000000001,2.95,9.595018076589684
1.21,Premium,H,IF,62.2,58.0,0.03000000000000025,2.5599999999999996,9.067823955947686
2.05,Premium,E,SI2,58.6,59.0,0.07000000000000028,3.4399999999999995,9.585688888828955
0.34,Premium,H,VVS1,61.1,59.0,-0.03999999999999915,1.7699999999999996,6.6580516392252775
0.4,Ideal,E,VVS2,62.3,54.0,-0.019999999999999574,1.7999999999999998,6.9923042326732014
0.52,Ideal,G,VVS2,61.6,54.0,-0.04999999999999982,2.0199999999999996,7.572960900305753
0.4,Good,G,VS2,63.8,59.0,0.0699999999999994,1.6300000000000003,6.783769046115221
0.52,Ideal,D,SI2,61.9,55.0,-0.019999999999999574,1.9799999999999995,7.1173918087259
1.51,Premium,G,VS1,61.1,58.0,0.019999999999999574,2.8600000000000003,9.536536019472992
1.02,Very Good,I,VS2,61.5,57.0,-0.040000000000000036,2.49,8.504571697718875
0.38,Ideal,E,VS1,61.9,55.2,-0.03000000000000025,1.7800000000000002,6.751392973323674
0.34,Ideal,I,VS1,62.6,56.0,-0.02999999999999936,1.6799999999999997,6.3214401256449175
1.17,Premium,I,SI1,62.6,58.0,0.07000000000000028,2.46,8.486418261617116
1.2,Premium,H,VS2,61.4,59.0,0.040000000000000036,2.59,8.820322199721918
0.58,Ideal,D,VVS1,61.6,60.0,-0.009999999999999787,2.0599999999999996,7.9698788800615565
1.01,Premium,I,SI2,59.6,62.0,0.05999999999999961,2.61,8.226727336138183
0.27,Ideal,D,VVS2,61.5,56.0,0.02999999999999936,1.5900000000000003,6.580097934693954
0.32,Ideal,H,VS2,62.0,54.0,-0.019999999999999574,1.6899999999999995,6.294008834620664
1.2,Ideal,G,SI1,61.5,54.0,-0.020000000000000462,2.6500000000000004,8.82958410738289
2.05,Ideal,J,VS2,61.7,54.9,-0.08000000000000007,3.1900000000000004,9.561686591965936
0.9,Ideal,J,VS2,62.5,57.0,-0.09999999999999964,2.38,8.082352819895279
0.34,Premium,E,SI2,62.5,59.0,0.03000000000000025,1.65,6.425041341611593
0.8,Good,E,VS2,63.4,56.0,-0.040000000000000036,2.1799999999999997,8.124122486985797
0.32,Very Good,G,VS1,63.0,55.0,-0.03000000000000025,1.63,6.419087634124864
1.72,Fair,J,I1,68.5,59.0,0.0699999999999994,2.26,8.393098923178094
0.3,Ideal,F,VVS1,62.1,55.0,0.010000000000000675,1.6299999999999994,6.660913303165557
1.59,Very Good,J,VS2,62.9,58.1,-0.0600000000000005,2.79,9.067973915321932
0.27,Very Good,E,VVS1,61.3,57.0,-0.02999999999999936,1.63,6.382647439085843
1.26,Ideal,H,VS1,60.9,57.0,-0.020000000000000462,2.74,8.980681216200736
0.72,Fair,I,SI1,64.8,54.0,0.020000000000000462,1.9899999999999998,7.598821681290299
0.52,Very Good,E,SI2,62.9,56.0,-0.040000000000000036,1.9100000000000001,7.001240534609401
1.51,Very Good,E,VVS2,60.2,61.0,-0.0600000000000005,2.96,9.706309544382622
0.36,Premium,E,SI1,60.9,60.0,-0.05000000000000071,1.8200000000000003,6.488212733282924
0.31,Very Good,G,VS1,62.2,56.0,-0.040000000000000036,1.6600000000000001,6.395197451511698
0.41,Premium,F,VVS1,61.8,59.0,0.02999999999999936,1.8000000000000003,7.13561874512885
0.41,Ideal,E,VVS2,62.0,55.0,-0.05999999999999961,1.8399999999999999,7.022077388437834
1.22,Very Good,G,IF,62.0,59.0,-0.04999999999999982,2.619999999999999,9.306291080753914
1.55,Ideal,I,VVS1,62.1,56.0,-0.0699999999999994,2.84,9.277788508667772
0.27,Ideal,G,VS1,62.3,53.0,-0.03000000000000025,1.5900000000000003,6.217195062006241
0.4,Very Good,J,VVS1,61.2,55.0,-0.04999999999999982,1.88,6.651401496442905
0.32,Premium,E,VS2,61.3,59.0,-0.040000000000000036,1.7099999999999995,6.5033363512500335
0.73,Ideal,G,VVS2,62.1,56.0,-0.02999999999999936,2.2199999999999998,8.102432050707032
2.2,Premium,H,SI2,62.7,58.0,0.0600000000000005,3.0699999999999994,9.57370219377797
1.52,Good,J,VS2,63.3,56.0,-0.0600000000000005,2.71,8.990430738280242
1.22,Premium,H,VS1,62.7,56.0,0.08000000000000007,2.49,8.898002816124697
0.39,Premium,H,SI2,61.2,58.0,-1.5099999999999998,1.5799999999999992,6.346283978743811
1.0,Premium,E,SI1,59.7,57.0,0.07999999999999918,2.5900000000000003,8.555404053153762
0.9,Good,F,SI1,64.3,57.0,0.07000000000000028,2.1199999999999997,8.140227585760899
0.33,Ideal,G,VS2,61.2,55.0,-0.03000000000000025,1.75,6.416441061644651
0.72,Very Good,E,SI2,59.7,59.0,-0.05000000000000071,2.3600000000000003,7.80876034836861
0.28,Very Good,E,VVS2,60.2,58.0,-0.02999999999999936,1.7099999999999995,6.339860406621083
0.9,Good,F,SI1,61.8,63.0,0.03000000000000025,2.3499999999999996,8.265204025098521
1.5,Very Good,E,VS2,62.9,56.0,0.08999999999999986,2.6499999999999995,9.52183556630251
1.07,Very Good,I,SI1,59.1,59.0,-0.03000000000000025,2.75,8.462088448280541
1.03,Very Good,G,SI1,63.1,57.0,0.040000000000000036,2.3500000000000005,8.51234318664249
0.32,Very Good,E,SI1,63.5,56.0,0.040000000000000036,1.5699999999999998,6.469229235225271
0.32,Ideal,G,VS1,62.3,54.0,0.019999999999999574,1.6400000000000001,6.63745596716803
2.03,Ideal,G,SI2,62.6,56.0,0.05000000000000071,3.0199999999999996,9.587898069195019
0.41,Premium,G,VS2,60.9,58.0,-0.03000000000000025,1.9,6.725498887679201
0.71,Ideal,F,SI1,61.2,55.0,-0.040000000000000036,2.26,7.962718272349493
0.58,Good,G,VS2,58.4,59.0,-0.05999999999999961,2.29,7.459471154516706
1.39,Premium,I,SI2,61.9,59.0,0.040000000000000036,2.7,8.762478916370023
1.02,Premium,H,SI1,61.9,61.0,0.08000000000000007,2.3899999999999997,8.44269799698866
0.41,Premium,E,SI1,61.8,60.0,0.040000000000000036,1.8000000000000003,6.8122874757715035
0.3,Good,F,VS1,63.7,56.0,-0.020000000000000462,1.56,6.27923124872941
1.01,Very Good,I,SI1,61.4,62.0,-0.0600000000000005,2.5100000000000002,8.34765102266524
1.51,Premium,H,VS2,60.6,58.0,0.05999999999999961,2.88,9.29871319264241
0.93,Premium,G,SI2,60.8,59.0,0.0699999999999994,2.4400000000000004,8.12337833177613
0.52,Ideal,G,SI1,62.2,54.0,-0.020000000000000462,1.9700000000000002,7.114173811191722
1.01,Ideal,G,SI1,62.6,56.0,-0.03000000000000025,2.420000000000001,8.538775551789454
0.72,Premium,F,VS2,61.6,58.0,0.02999999999999936,2.1900000000000004,7.962781984061403
0.5,Very Good,G,VS2,60.3,58.0,-0.040000000000000036,2.0700000000000003,7.145768089747303
1.51,Premium,G,VVS2,62.9,60.0,0.08999999999999986,2.6500000000000004,9.52475703494686
1.23,Ideal,I,SI1,61.8,58.0,-0.040000000000000036,2.6500000000000004,8.668777425429347
1.19,Very Good,D,SI2,63.5,57.0,-0.08000000000000007,2.49,8.636208321179307
0.31,Premium,E,SI2,61.2,61.0,0.009999999999999787,1.6900000000000004,6.368393761203997
0.41,Premium,F,IF,62.6,58.0,-0.02999999999999936,1.7899999999999996,7.131885355064342
1.21,Very Good,E,SI1,62.9,58.0,-0.009999999999999787,2.5200000000000005,8.840757830367469
0.41,Premium,G,VS2,62.6,59.0,0.02999999999999936,1.7600000000000002,6.8403009807333115
0.32,Very Good,G,VS1,61.3,62.0,-0.03000000000000025,1.7199999999999998,6.411450316055426
2.0,Fair,H,SI2,68.7,55.0,0.23000000000000043,2.3200000000000003,9.402267036323648
1.26,Premium,F,SI1,62.3,58.0,0.04999999999999982,2.5599999999999996,8.8965028708254
0.92,Good,I,VS2,59.6,61.0,-0.05999999999999961,2.58,8.200375303952962
0.76,Good,I,SI1,64.3,60.0,0.05000000000000071,1.9999999999999996,7.643053811090996
1.24,Ideal,G,VS1,61.9,54.0,-0.03000000000000025,2.6500000000000004,9.144408449993236
0.41,Very Good,D,SI1,63.1,59.0,0.009999999999999787,1.73,6.805505835608316
0.33,Premium,G,VS1,60.3,59.0,-0.07999999999999918,1.8199999999999994,6.48062956724364
1.16,Ideal,G,SI2,61.9,56.0,-0.03999999999999915,2.59,8.54329097712412
0.33,Ideal,I,IF,62.1,55.0,-0.03000000000000025,1.6900000000000004,6.563269273087685
1.02,Ideal,F,SI2,61.8,57.0,-0.0600000000000005,2.5,8.438619934141812
0.54,Premium,G,VS2,62.7,58.0,-0.040000000000000036,1.9700000000000002,7.293481931765648
1.09,Very Good,G,VS1,59.9,56.0,-0.0699999999999994,2.75,8.932951906564577
1.53,Premium,J,VVS1,61.6,58.0,-0.03000000000000025,2.8500000000000005,9.103858878525276
0.3,Premium,G,VVS2,62.0,60.0,-0.08000000000000007,1.67,6.389708957849371
1.25,Ideal,F,VVS1,62.2,56.0,-0.040000000000000036,2.63,9.479784275375033
1.25,Good,G,VS1,63.4,55.0,-0.04999999999999982,2.55,9.098766860766501
0.31,Ideal,G,VS2,59.1,57.0,0.03000000000000025,1.81,6.553279830840431
0.31,Ideal,F,VVS1,60.4,59.0,-0.08000000000000007,1.7799999999999998,6.716369071022234
0.44,Ideal,H,SI1,61.6,56.0,-0.05999999999999961,1.9099999999999997,6.616570126508012
0.53,Very Good,F,VS2,63.4,56.0,0.03000000000000025,1.87,7.372263295372948
1.09,Good,F,SI2,60.3,61.0,-0.05000000000000071,2.670000000000001,8.41049067493482
1.35,Ideal,J,SI1,61.9,56.0,0.019999999999999574,2.6900000000000004,8.65533115271252
0.32,Ideal,E,SI2,62.7,55.0,-0.03000000000000025,1.6600000000000001,6.2250175553030225
0.73,Ideal,H,SI1,62.0,55.0,-0.08999999999999986,2.2499999999999996,7.838301725297744
1.2,Very Good,G,VVS1,63.3,59.0,0.08000000000000007,2.4099999999999993,9.199450679924428
0.31,Premium,G,VS1,59.6,61.0,0.03000000000000025,1.7499999999999996,6.571721640152431
1.07,Ideal,F,SI1,62.7,56.0,-0.0600000000000005,2.45,8.648132336769118
0.9,Very Good,J,VS1,62.4,58.0,-0.040000000000000036,2.3400000000000003,8.13180187994753
1.32,Premium,H,VVS2,61.3,58.0,0.040000000000000036,2.7,9.068717328191289
0.3,Very Good,I,SI1,62.6,57.0,-0.03000000000000025,1.6100000000000003,5.967722667016443
1.15,Ideal,G,VS2,61.4,57.0,0.040000000000000036,2.59,8.92294074078954
1.21,Good,E,SI1,64.2,58.0,0.0600000000000005,2.34,8.755957902725159
0.4,Premium,E,VS1,61.8,56.0,0.02999999999999936,1.8000000000000003,6.990079138567328
0.43,Ideal,F,SI1,61.4,55.0,-0.040000000000000036,1.9100000000000001,6.732440296387606
0.3,Ideal,E,VVS1,60.1,57.0,-0.03000000000000025,1.77,6.565729385200328
1.03,Premium,D,SI1,63.0,59.0,0.05000000000000071,2.3499999999999996,8.62103625163419
0.74,Premium,I,SI2,60.6,60.0,0.08999999999999986,2.26,7.608046573177983
1.13,Very Good,F,SI1,63.2,56.0,-0.03000000000000025,2.4700000000000006,8.704607856977237
1.5,Premium,H,VS2,61.6,55.0,0.05999999999999961,2.8100000000000005,9.29057155782924
1.5,Good,J,VS1,63.3,57.0,-0.040000000000000036,2.67,9.033966129093773
0.51,Ideal,F,VS2,62.3,56.0,0.040000000000000036,1.9,7.335854078171198
0.23,Premium,I,VVS1,60.5,61.0,0.029999999999999805,1.5500000000000003,6.261957526018274
0.41,Ideal,F,VS1,62.5,57.0,-0.009999999999999787,1.7899999999999996,6.860156163829322
1.09,Ideal,E,VS2,60.6,57.0,-0.009999999999999787,2.63,8.959494060036164
0.37,Premium,G,VS1,59.2,61.0,0.07000000000000028,1.87,6.713514242597666
0.81,Ideal,E,VS2,62.0,57.0,-0.020000000000000462,2.2800000000000002,8.24527679828309
0.5,Ideal,E,VS2,62.9,55.0,0.040000000000000036,1.87,7.270983287089977
0.33,Ideal,G,VVS2,61.5,56.0,0.040000000000000036,1.7000000000000002,6.744912804691927
1.56,Very Good,H,VS2,63.1,60.0,0.08999999999999986,2.6799999999999997,9.253975716276107
1.12,Good,I,SI2,64.3,60.0,0.03000000000000025,2.329999999999999,8.271780367817806
0.84,Very Good,F,SI1,63.8,57.0,-0.04999999999999982,2.19,8.007189344604146
0.26,Very Good,G,VVS1,61.8,57.0,-0.040000000000000036,1.5799999999999996,6.324966159642565
0.9,Very Good,F,SI1,63.0,60.0,-0.040000000000000036,2.28,8.278248193537307
0.43,Ideal,G,SI1,61.5,57.0,-0.03000000000000025,1.8900000000000001,6.669200550926877
0.7,Very Good,G,SI2,61.7,60.0,-0.03000000000000025,2.1900000000000004,7.61686224306301
1.01,Very Good,I,SI2,61.5,62.0,-0.040000000000000036,2.48,8.268276638363453
0.39,Ideal,E,VVS2,60.5,57.0,-0.020000000000000462,1.8800000000000003,6.964230728405451
1.22,Ideal,H,VVS2,62.2,56.0,-0.040000000000000036,2.6100000000000003,9.054636777059665
1.15,Ideal,G,SI1,61.7,56.0,-0.040000000000000036,2.5999999999999996,8.725766208276394
1.29,Premium,G,SI2,61.1,59.0,0.08000000000000007,2.6800000000000006,8.698998993106551
0.71,Very Good,G,VS2,62.1,62.0,-0.05999999999999961,2.18,7.840120916450069
1.51,Very Good,E,SI2,62.8,59.0,-0.0699999999999994,2.7399999999999993,9.132100159792557
0.81,Very Good,H,SI2,62.1,56.0,-0.040000000000000036,2.2800000000000002,7.848456632717084
0.53,Premium,D,SI1,60.0,58.0,-0.04999999999999982,2.13,7.3290688555953984
0.43,Good,G,VS2,61.8,60.7,-0.040000000000000036,1.8499999999999996,6.720019082389533
0.31,Premium,H,VVS2,62.6,60.0,-0.040000000000000036,1.63,6.434639240353537
0.42,Ideal,G,VVS1,61.4,56.0,-0.020000000000000462,1.87,7.037946276854154
0.87,Very Good,I,SI1,63.6,55.8,-0.02999999999999936,2.2299999999999995,7.857214928734344
0.7,Ideal,E,VS2,61.9,58.0,-0.03000000000000025,2.1900000000000004,7.933176932620677
1.0,Premium,F,SI2,61.5,58.0,-0.03000000000000025,2.48,8.376119406092931
0.42,Ideal,G,VS1,61.2,54.0,0.040000000000000036,1.8600000000000003,6.923097691816271
0.7,Ideal,F,SI1,60.7,57.0,-0.040000000000000036,2.3000000000000003,7.894993567044438
0.5,Premium,I,SI1,61.7,58.0,0.0600000000000005,1.9299999999999997,6.811120831458304
0.4,Very Good,E,VS2,59.1,60.0,-0.03000000000000025,1.9899999999999998,6.78944317938713
0.92,Premium,G,VS2,61.6,62.0,0.05999999999999961,2.3800000000000003,8.437939875852306
1.06,Ideal,E,VVS2,61.0,57.0,0.08999999999999986,2.5200000000000005,9.232079904936734
1.1,Premium,G,SI1,62.3,58.0,0.0600000000000005,2.45,8.580138901652079
0.5,Premium,E,VS2,60.3,58.0,0.020000000000000462,2.03,7.293941669737718
0.31,Ideal,F,IF,62.3,53.0,-0.03000000000000025,1.6599999999999997,6.797621542771598
0.3,Ideal,D,SI1,61.7,57.0,-0.02999999999999936,1.6599999999999997,6.255633201364373
1.01,Premium,F,VS2,62.0,59.0,0.07000000000000028,2.4,8.743497655334874
0.59,Ideal,G,SI1,62.3,55.0,-0.019999999999999574,2.0399999999999996,7.27897150839626
0.52,Premium,G,VS2,60.9,58.0,-0.02999999999999936,2.05,7.3532398090534725
0.33,Premium,F,SI2,63.0,58.0,0.019999999999999574,1.6200000000000006,6.345994436546152
0.32,Ideal,E,VVS2,62.0,55.0,0.020000000000000462,1.6599999999999997,6.853842954548546
1.52,Good,H,SI1,63.6,57.0,-0.04999999999999982,2.67,9.174941052292343
0.9,Fair,H,I1,66.9,63.0,0.1299999999999999,1.9100000000000001,7.483802072251136
0.3,Ideal,E,VVS1,61.0,56.0,-0.040000000000000036,1.7199999999999998,6.572963685755683
0.81,Ideal,F,VS2,61.8,55.0,0.040000000000000036,2.25,8.178049653528474
0.41,Ideal,E,SI2,61.2,56.0,-0.03000000000000025,1.8899999999999997,6.555353707929969
1.01,Good,H,SI1,59.4,60.0,-0.04999999999999982,2.67,8.443125303548916
0.92,Very Good,D,SI2,60.2,61.0,-0.05000000000000071,2.5300000000000002,8.24966245718533
1.51,Very Good,E,SI2,62.3,62.0,-0.10999999999999943,2.7699999999999996,9.138215865863675
0.71,Good,I,VVS2,63.6,57.0,0.03000000000000025,2.0500000000000003,7.7622168429990515
0.34,Ideal,H,SI1,61.4,55.0,-0.040000000000000036,1.77,6.254739120672843
2.01,Good,I,VS1,62.5,56.0,-0.040000000000000036,3.01,9.649118730030166
0.7,Premium,G,VVS1,62.8,58.0,0.05999999999999961,2.0700000000000003,7.960316633371311
1.43,Very Good,D,SI1,63.5,56.0,0.15000000000000036,2.54,9.153137827595097
0.88,Very Good,I,SI1,62.5,56.0,-0.13000000000000078,2.3600000000000003,7.958120231324135
1.0,Premium,F,SI1,61.6,60.0,0.10000000000000053,2.4099999999999997,8.510044477287439
0.52,Premium,F,SI1,61.1,59.0,0.040000000000000036,2.0,7.28196193651113
0.47,Very Good,D,SI2,61.5,55.0,-0.040000000000000036,1.9500000000000002,6.795546764352005
1.04,Good,G,VS2,61.4,65.0,0.0600000000000005,2.4799999999999995,8.701497461216368
0.31,Ideal,F,IF,62.2,54.0,-0.040000000000000036,1.6800000000000002,6.797621542771598
1.12,Premium,G,I1,60.3,60.0,0.05999999999999961,2.6400000000000006,8.098774512982112
0.41,Premium,G,SI1,61.4,60.0,0.07000000000000028,1.81,6.731597197310261
0.72,Very Good,G,SI2,60.6,57.0,-0.07000000000000028,2.3300000000000005,7.753460906510357
0.39,Good,G,VVS1,61.6,61.0,-0.03000000000000025,1.83,6.8985707629757265
1.01,Ideal,G,VS2,61.6,57.0,-0.03000000000000025,2.4800000000000004,8.747786998446175
0.33,Premium,G,VVS2,61.5,62.0,0.040000000000000036,1.6799999999999997,6.722772483574703
0.31,Ideal,E,VS2,60.9,57.0,0.020000000000000462,1.69,6.688942466622758
1.2,Premium,E,VVS2,62.1,58.0,0.05999999999999961,2.5200000000000005,9.381635524558035
1.5,Premium,H,VS1,62.1,59.0,-0.040000000000000036,2.7799999999999994,9.315775034804922
0.8,Ideal,D,SI2,61.9,54.0,0.04999999999999982,2.25,7.996034340951264
0.33,Ideal,H,IF,61.9,55.0,0.020000000000000462,1.6799999999999997,6.814324862101598
0.32,Premium,G,VS2,62.5,60.0,0.05999999999999961,1.6,6.580700476512511
1.24,Premium,E,I1,61.1,62.0,0.04999999999999982,2.6500000000000004,8.383295894937918
1.0,Fair,F,SI1,66.7,57.0,0.08000000000000007,1.9700000000000006,8.329514142715125
0.31,Ideal,H,VS2,61.4,56.0,-0.040000000000000036,1.7199999999999998,6.262552958783967
2.01,Fair,G,VS2,67.5,55.0,-0.08999999999999986,2.5599999999999996,9.660572300599705
0.8,Premium,F,VS2,62.1,60.0,0.05999999999999961,2.2,8.148797120695212
1.76,Very Good,H,SI1,62.6,58.0,0.040000000000000036,2.8500000000000005,9.409548934877767
0.55,Good,F,SI1,57.0,62.0,-0.020000000000000462,2.3400000000000003,7.293913138660632
0.74,Very Good,G,VS1,60.9,59.0,0.040000000000000036,2.2800000000000002,8.028757543066465
0.55,Premium,E,VS2,61.4,57.0,0.020000000000000462,2.0299999999999994,7.515105915364363
0.51,Premium,D,VS2,60.5,60.0,0.03000000000000025,2.0300000000000002,7.465273468111118
0.32,Ideal,F,VS2,62.4,56.0,-0.020000000000000462,1.65,6.464411705922473
1.5,Ideal,I,SI1,59.4,60.0,0.040000000000000036,3.0300000000000002,9.107198300093907
0.43,Ideal,H,VS1,62.3,57.0,-0.03000000000000025,1.8399999999999999,6.742177488144924
2.27,Premium,J,VS1,62.4,58.0,0.05000000000000071,3.129999999999999,9.584693062677918
0.57,Ideal,E,VS1,62.9,57.0,0.020000000000000462,1.9499999999999997,7.603067848639716
0.3,Very Good,G,VS1,63.3,56.0,0.040000000000000036,1.5499999999999998,6.405995637939546
0.73,Ideal,G,SI1,61.4,58.0,-0.020000000000000462,2.24,7.892220679525733
0.31,Premium,D,SI1,61.2,60.0,0.0600000000000005,1.6699999999999995,6.56393288363138
1.58,Premium,J,VVS2,61.0,58.0,0.0699999999999994,2.9000000000000004,9.121788696508622
0.5,Good,D,SI1,63.8,60.0,0.03000000000000025,1.7999999999999998,7.032142358751809
0.5,Ideal,H,VS1,61.7,59.0,-0.0699999999999994,1.9899999999999998,7.0924569028711275
0.57,Premium,E,VS2,62.9,57.0,0.04999999999999982,1.9300000000000002,7.492077384971719
0.32,Ideal,E,VS2,61.8,55.0,0.02999999999999936,1.6700000000000004,6.714424394975231
1.44,Ideal,G,VS1,62.6,57.0,0.019999999999999574,2.6800000000000006,9.352135759796024
1.13,Very Good,G,SI2,60.0,61.0,-0.07000000000000028,2.7300000000000004,8.471355944823685
0.59,Ideal,D,SI2,59.1,57.0,0.03999999999999915,2.2300000000000004,7.334266449345522
0.31,Premium,E,VVS2,62.2,56.0,0.02999999999999936,1.6100000000000003,6.814738261651625
0.32,Ideal,E,VS2,62.1,55.0,0.040000000000000036,1.6400000000000001,6.714424394975231
0.37,Ideal,H,IF,61.7,53.0,-0.019999999999999574,1.7999999999999998,6.784529936843962
0.7,Premium,F,VS2,62.0,56.0,0.04999999999999982,2.14,7.822324468710112
1.25,Premium,H,VS2,61.9,58.0,0.0600000000000005,2.59,8.858559349229875
0.32,Ideal,G,VS1,61.6,57.0,-0.040000000000000036,1.71,6.459820144126666
2.03,Very Good,I,SI1,62.9,57.0,-0.040000000000000924,3.000000000000001,9.644689984654857
1.53,Premium,G,SI2,58.5,59.0,0.02999999999999936,3.1000000000000005,9.047158588613682
1.2,Premium,I,SI2,61.5,58.0,0.05000000000000071,2.59,8.46871785729809
0.34,Ideal,G,VVS1,61.7,56.0,-0.04999999999999982,1.7599999999999998,6.757260460712737
0.71,Ideal,F,SI2,59.3,57.0,0.05000000000000071,2.3499999999999996,7.788169946117615
1.56,Ideal,H,VS2,60.7,57.0,-0.040000000000000036,2.9700000000000006,9.338278693014678
1.11,Premium,F,VS2,63.0,56.0,0.1299999999999999,2.34,8.836899271377959
1.21,Premium,E,SI1,62.6,58.0,-0.03000000000000025,2.5600000000000005,8.839985327834658
0.43,Ideal,I,VS2,61.9,54.0,-0.009999999999999787,1.8599999999999999,6.583006171018104
0.3,Ideal,D,VS1,61.8,57.0,-0.03000000000000025,1.65,6.4199662507086455
1.51,Very Good,G,VS2,59.3,58.0,-0.16999999999999993,3.1000000000000005,9.462135521076009
0.84,Very Good,F,VVS2,60.4,62.0,-0.05000000000000071,2.45,8.441702324224234
0.9,Fair,H,SI2,66.0,63.0,0.09999999999999964,1.9300000000000002,7.881815768956679
1.18,Ideal,G,VS2,62.7,55.0,0.02999999999999936,2.51,8.957865275382034
1.01,Ideal,H,SI2,61.7,56.0,0.040000000000000036,2.4499999999999997,8.326933565071911
1.01,Premium,G,SI1,61.3,59.0,0.040000000000000036,2.4800000000000004,8.518398652736987
1.0,Very Good,E,VS2,64.0,59.0,-0.08999999999999986,2.3,8.725598668238032
0.41,Ideal,G,IF,61.0,57.0,-0.019999999999999574,1.8799999999999994,7.089479209259116
1.04,Premium,H,VS2,58.7,62.0,0.019999999999999574,2.74,8.562818528174315
0.46,Ideal,G,SI1,61.5,55.0,-0.02999999999999936,1.94,6.77328332353767
0.53,Premium,D,VS2,60.4,58.0,0.02999999999999936,2.0600000000000005,7.556961937166703
1.56,Fair,G,SI2,64.8,59.0,0.1899999999999995,2.4700000000000006,9.030240651709411
0.35,Ideal,F,VVS2,60.8,55.0,-0.03000000000000025,1.8200000000000003,6.729055996131856
1.05,Good,H,VS1,63.3,57.0,-0.04999999999999982,2.38,8.673469528079199
0.33,Premium,F,SI2,62.3,58.0,0.02999999999999936,1.6500000000000004,6.345994436546152
1.5,Good,I,SI1,64.3,55.0,0.04999999999999982,2.5500000000000007,9.029764459797413
1.21,Premium,E,VS1,60.8,59.0,0.040000000000000036,2.66,9.212471361167015
1.01,Very Good,F,VS1,62.9,58.0,-0.019999999999999574,2.3499999999999996,8.876569376706946
0.77,Ideal,G,SI2,61.2,57.0,-0.040000000000000036,2.3300000000000005,7.853003121003837
2.02,Premium,H,SI1,62.2,59.0,0.03999999999999915,3.030000000000001,9.64997630781681
1.2,Ideal,H,VS2,62.8,57.0,-0.040000000000000036,2.54,8.838129531545805
1.2,Very Good,I,SI1,62.2,55.0,-0.16999999999999993,2.67,8.612393536125596
0.53,Ideal,I,VVS1,62.2,53.0,-0.040000000000000036,1.98,7.396893922879138
1.24,Premium,E,SI2,60.8,57.0,0.040000000000000036,2.71,8.682132691109995
0.5,Premium,G,SI1,62.2,60.0,0.040000000000000036,1.8900000000000001,6.979040184381553
0.9,Good,I,SI2,62.2,59.0,-0.040000000000000036,2.3200000000000003,8.0030082906046
0.3,Premium,D,VS2,61.0,60.0,-0.040000000000000036,1.7000000000000002,6.379969470934221
1.0,Premium,H,SI2,61.3,57.0,0.04999999999999982,2.4600000000000004,8.297247171385624
0.92,Very Good,F,SI1,62.2,55.0,-0.0699999999999994,2.3899999999999997,8.324875652629075
0.94,Premium,H,VS2,62.5,58.0,0.08000000000000007,2.2899999999999996,8.286016360913502
0.33,Premium,I,VVS1,61.9,60.0,-0.03000000000000025,1.7000000000000002,6.4828031828846635
0.25,Very Good,D,VS1,60.0,63.0,-0.03000000000000025,1.6400000000000001,6.109576784361534
1.19,Ideal,E,SI2,60.2,57.0,0.03000000000000025,2.71,8.623420708677129
0.32,Ideal,G,VVS1,62.1,54.0,-0.02999999999999936,1.6899999999999995,6.680223596176751
0.44,Good,D,VVS1,59.2,57.0,-0.040000000000000036,2.05,7.310593694497478
0.71,Ideal,F,VS1,61.5,57.0,0.03000000000000025,2.19,8.062058231002963
1.2,Ideal,I,SI1,62.1,55.0,0.040000000000000036,2.5599999999999996,8.599521056359361
0.38,Very Good,E,IF,62.5,59.0,-0.02999999999999936,1.7499999999999996,6.968874751234446
0.43,Good,G,SI1,63.6,55.0,-0.040000000000000036,1.77,6.613944938117172
1.2,Premium,G,VS1,62.4,58.0,0.020000000000000462,2.55,9.071422128091731
0.31,Ideal,G,SI1,61.2,56.0,-0.019999999999999574,1.7099999999999995,6.240048504153512
0.7,Premium,D,VS2,62.4,56.0,0.05999999999999961,2.1100000000000003,7.905236251442259
0.86,Premium,H,VS2,61.3,59.0,0.07000000000000028,2.34,8.080002732039379
0.5,Very Good,D,VS2,63.2,60.0,0.020000000000000462,1.8399999999999994,7.2680940031029415
0.76,Ideal,D,SI1,62.3,55.0,-0.03000000000000025,2.21,8.07133121781547
1.74,Premium,J,VS1,62.5,58.0,0.019999999999999574,2.8600000000000003,9.272710932995128
0.27,Ideal,I,VS1,61.9,55.0,-0.019999999999999574,1.5999999999999996,6.056500407626165
1.04,Very Good,F,VS1,61.6,60.0,-0.04999999999999982,2.5300000000000002,8.933968304864964
1.09,Ideal,E,VS2,62.4,55.0,-0.04999999999999982,2.5,8.945397389489822
0.43,Ideal,F,IF,61.5,56.0,0.02999999999999936,1.8600000000000003,7.2343777368921485
1.07,Ideal,G,VVS2,61.5,56.0,-0.019999999999999574,2.55,9.059211652710905
1.03,Premium,H,VS1,62.5,59.0,-0.040000000000000036,2.4399999999999995,8.628513774984668
1.3,Premium,I,VS1,62.2,59.0,0.05999999999999961,2.59,8.84780754988201
1.51,Premium,F,VS1,61.7,59.0,0.040000000000000036,2.7800000000000002,9.603661728203729
0.41,Good,E,VS2,63.1,64.0,-0.03000000000000025,1.73,6.736698455587574
1.03,Premium,G,VVS2,60.4,59.0,0.020000000000000462,2.5899999999999994,8.949401519356776
1.05,Ideal,G,VS2,61.6,56.0,-0.040000000000000036,2.5299999999999994,8.809112754600239
0.9,Very Good,F,SI1,62.8,56.0,-0.040000000000000036,2.3000000000000003,8.300318694926695
0.79,Premium,G,VS2,62.3,58.0,0.03000000000000025,2.2099999999999995,7.99366777906897
1.19,Good,D,VS1,63.8,55.0,0.040000000000000036,2.3899999999999997,9.135912384115267
0.4,Very Good,D,VS2,62.3,58.0,-0.02999999999999936,1.7899999999999996,6.789936434687028
1.01,Good,F,VVS2,63.6,60.0,-0.05000000000000071,2.33,9.015950534823839
0.5,Ideal,G,VVS1,62.7,57.0,0.02999999999999936,1.8800000000000003,7.463335202400277
0.32,Premium,F,VS2,61.4,60.0,-0.040000000000000036,1.7199999999999998,6.456708786596039
0.4,Ideal,E,SI1,62.7,57.0,0.02999999999999936,1.7400000000000002,6.812249536025741
1.52,Ideal,D,VS2,61.6,57.0,0.07000000000000028,2.8,9.599579529780865
0.53,Very Good,E,VVS2,63.1,60.0,0.040000000000000036,1.8599999999999999,7.618504307162931
1.24,Ideal,G,VS1,60.1,58.0,0.0600000000000005,2.76,9.13116486212108
2.34,Good,J,VS2,63.9,62.0,0.0600000000000005,2.99,9.565103906999875
1.01,Premium,H,SI1,60.4,60.0,0.08000000000000007,2.5399999999999996,8.441384941972839
0.53,Ideal,H,VS2,62.5,56.0,0.040000000000000036,1.9200000000000004,7.257728834963577
0.53,Ideal,D,SI1,62.2,56.0,0.040000000000000036,1.9500000000000002,7.31594483472816
0.31,Premium,D,VS2,61.7,58.0,-0.04999999999999982,1.69,6.527183828604923
0.43,Premium,F,VVS1,60.3,58.0,0.03000000000000025,1.9299999999999997,7.174883064054618
0.81,Very Good,E,SI1,60.3,60.0,-0.02999999999999936,2.4299999999999997,8.104786880363111
0.9,Premium,G,SI2,58.3,60.0,0.05999999999999961,2.62,8.10707393690266
1.01,Premium,E,SI1,59.0,59.0,0.040000000000000036,2.6799999999999997,8.562814825615908
1.22,Premium,E,SI1,62.6,58.0,-0.019999999999999574,2.55,8.885959163627867
1.25,Ideal,G,SI2,61.6,57.0,0.07000000000000028,2.63,8.69492090194344
0.51,Very Good,D,VS1,62.2,59.0,-0.03000000000000025,1.9499999999999997,7.43666257823578
1.11,Very Good,H,SI2,61.5,59.0,-0.05000000000000071,2.5600000000000005,8.404605362649653
0.56,Ideal,E,VS2,61.9,56.0,0.05000000000000071,1.9899999999999998,7.531581402109883
0.39,Premium,H,VVS2,62.1,58.0,0.020000000000000462,1.75,6.876707672904688
1.3,Premium,F,VS1,61.0,59.0,-0.03000000000000025,2.7700000000000005,9.252575677049483
0.48,Very Good,E,VS1,62.2,62.0,-0.040000000000000036,1.9000000000000004,7.178769742971274
2.23,Premium,J,VS2,61.0,58.0,0.030000000000001137,3.249999999999999,9.559987907526104
0.38,Very Good,F,VVS1,63.8,58.0,-0.03000000000000025,1.6800000000000002,6.845524650956079
1.24,Premium,I,VS2,62.1,55.0,0.040000000000000036,2.59,8.727916123520407
0.55,Very Good,D,SI1,60.7,58.0,-0.05999999999999961,2.0999999999999996,7.34210143552138
0.77,Very Good,H,VS1,63.3,57.0,-0.040000000000000036,2.15,7.931032997268882
1.1,Premium,F,SI2,62.0,59.0,0.020000000000000462,2.5,8.419553512156485
0.52,Ideal,G,VS1,62.3,55.0,-0.020000000000000462,1.9500000000000002,7.377590317176651
1.18,Premium,F,VS1,60.7,55.0,0.07000000000000028,2.6499999999999995,9.12616809099162
0.32,Ideal,H,VS2,61.5,56.0,0.020000000000000462,1.6799999999999997,6.495163420076174
0.41,Premium,G,VS2,60.7,59.0,-0.04999999999999982,1.9199999999999995,6.725498887679201
0.31,Ideal,F,IF,62.2,56.0,-0.03000000000000025,1.65,6.797621542771598
0.3,Ideal,F,VVS1,58.0,60.0,-0.03000000000000025,1.73,6.476049445938488
0.76,Good,J,VS1,62.6,61.9,-0.04999999999999982,2.17,7.645883366478059
1.2,Very Good,I,VVS2,59.9,55.0,-0.0600000000000005,2.8000000000000007,8.904988599246924
0.71,Good,D,SI1,64.0,56.0,-0.040000000000000036,2.04,7.850651808617802
2.1,Ideal,I,SI1,61.7,55.0,0.08000000000000007,3.0900000000000007,9.65109856014676
1.11,Very Good,J,VS2,63.2,59.0,0.08999999999999986,2.3499999999999996,8.41980579332261
0.72,Ideal,E,VS1,62.1,54.0,-0.019999999999999574,2.19,8.110248063319538
1.17,Very Good,F,VS2,62.4,56.0,-0.04999999999999982,2.5599999999999996,8.971159804299047
0.78,Premium,I,SI1,61.9,58.0,0.05999999999999961,2.22,7.701078157740252
1.15,Premium,I,VS2,62.6,56.0,0.07000000000000028,2.4699999999999998,8.604628556376602
0.9,Very Good,E,SI2,58.7,63.0,0.03000000000000025,2.5500000000000003,8.12660647666516
0.7,Good,H,SI1,64.2,58.0,-0.03000000000000025,2.02,7.603353735196594
0.83,Premium,E,SI2,62.0,61.0,0.0699999999999994,2.2500000000000004,7.948287434221201
0.34,Ideal,E,VS1,61.0,57.0,0.02999999999999936,1.7400000000000002,6.817891954772345
0.31,Ideal,E,IF,63.0,55.0,-0.03000000000000025,1.6400000000000001,6.851662216575806
0.53,Ideal,E,VS2,62.8,57.0,0.03000000000000025,1.9100000000000001,7.459338685016133
0.83,Premium,E,SI1,62.2,59.0,0.08000000000000007,2.2299999999999995,8.07735244859217
0.31,Premium,G,IF,61.6,55.0,0.040000000000000036,1.67,6.857603975493977
0.82,Very Good,E,SI1,62.0,60.0,-0.040000000000000036,2.29,8.09415439253948
1.5,Ideal,G,VS2,62.5,55.0,0.02999999999999936,2.7,9.459807160951957
1.13,Premium,E,SI2,59.4,62.0,0.04999999999999982,2.74,8.460657602620742
0.3,Very Good,E,VS1,61.5,57.0,-0.02999999999999936,1.6699999999999995,6.334688532866469
0.51,Ideal,D,VS2,61.9,57.0,-0.0600000000000005,1.9800000000000004,7.388643918231001
0.82,Premium,H,VS1,62.5,59.0,0.019999999999999574,2.22,8.074268870750993
0.31,Ideal,G,VVS1,62.0,56.0,-0.020000000000000462,1.6800000000000002,6.652390964727712
0.76,Ideal,F,SI1,62.6,56.0,-0.05999999999999961,2.2199999999999998,8.002599412846635
0.7,Premium,I,VS1,61.7,61.0,0.0600000000000005,2.1399999999999997,7.634782699306389
1.5,Premium,I,SI1,62.3,57.0,0.0600000000000005,2.7,9.071374709260251
2.01,Good,E,SI2,63.1,58.0,-0.1200000000000001,2.99,9.588083419453008
0.51,Ideal,E,VS2,61.7,54.0,-0.04999999999999982,1.9999999999999996,7.367123381296221
1.2,Premium,H,VS1,58.5,61.0,0.05000000000000071,2.8599999999999994,8.868723654135005
0.4,Good,D,SI2,63.1,57.0,-0.03000000000000025,1.7599999999999998,6.476595635266563
0.32,Premium,D,VS2,58.8,59.0,0.02999999999999936,1.8400000000000003,6.694469199132999
1.69,Ideal,H,I1,62.0,56.0,-0.04999999999999982,2.9299999999999997,8.855494658708114
0.7,Very Good,I,VS1,62.7,58.0,-0.040000000000000036,2.1200000000000006,7.659150013004939
1.57,Premium,J,VS1,61.3,59.0,0.02999999999999936,2.87,9.107982525401036
1.14,Good,G,SI2,63.7,60.0,0.09000000000000075,2.3599999999999994,8.395127794465521
1.59,Premium,H,VS2,62.1,58.0,0.0600000000000005,2.79,9.310393575030002
0.8,Ideal,D,SI2,61.9,54.0,-0.04999999999999982,2.3,8.045439645520842
0.72,Premium,E,SI2,62.9,58.0,0.0600000000000005,2.09,7.713294994900368
1.0,Very Good,F,SI2,60.2,59.0,-0.07000000000000028,2.6000000000000005,8.384495945512551
0.32,Very Good,G,VVS2,62.0,55.0,-0.03000000000000025,1.69,6.532371745431462
0.7,Good,E,VS1,65.5,57.0,-0.08000000000000007,1.94,7.813000587751285
0.36,Ideal,F,VS2,61.0,57.0,-0.020000000000000462,1.81,6.596949429242768
0.3,Premium,F,SI1,60.9,60.0,-0.040000000000000036,1.7200000000000002,6.188781661790455
1.11,Ideal,D,SI2,61.3,56.0,0.0600000000000005,2.5599999999999996,8.520529983705075
0.31,Premium,E,VVS2,61.3,60.0,0.019999999999999574,1.67,6.80525861716639
0.54,Ideal,E,SI1,60.5,57.0,0.019999999999999574,2.08,7.327932434139411
0.39,Ideal,F,VS2,60.0,57.0,-0.05999999999999961,1.92,6.733564134469911
0.97,Fair,F,SI2,67.2,61.0,0.08999999999999986,1.9400000000000004,7.932993695768342
2.02,Ideal,I,VS1,62.3,59.0,-0.040000000000000924,3.0500000000000007,9.69518542417786
1.29,Very Good,H,SI2,63.8,57.0,-0.07000000000000028,2.51,8.688641265262566
1.21,Premium,I,SI2,62.1,59.0,0.0600000000000005,2.5599999999999996,8.451744769411887
1.51,Premium,H,VS1,59.8,61.0,0.0600000000000005,2.9399999999999995,9.290477219349736
0.31,Ideal,H,VVS2,62.6,56.0,0.04999999999999982,1.6,6.607453230767105
0.41,Good,F,VS1,64.4,57.0,-0.040000000000000036,1.69,6.789172583612739
0.91,Very Good,I,VVS2,63.5,59.0,0.040000000000000036,2.1999999999999997,8.273217472712728
1.0,Premium,F,VS1,59.2,60.0,0.04999999999999982,2.9000000000000004,8.850765243518717
0.4,Ideal,E,VS1,62.3,56.0,-0.020000000000000462,1.7900000000000005,6.8662459809125265
1.26,Ideal,I,SI2,59.6,57.0,-0.03000000000000025,2.8499999999999996,8.627813114478434
0.38,Ideal,F,IF,61.0,56.0,-0.020000000000000462,1.8400000000000003,6.97044952175559
1.21,Premium,G,VVS2,58.5,58.0,0.10999999999999943,2.8500000000000005,9.182871728660738
0.32,Ideal,G,VVS1,61.1,53.0,-0.040000000000000036,1.7400000000000002,6.680223596176751
0.92,Fair,H,SI2,66.1,57.0,0.21999999999999975,1.9500000000000002,7.920166969698871
1.12,Ideal,G,VS2,62.0,56.0,-0.05000000000000071,2.5600000000000005,8.874345408354813
1.03,Very Good,F,SI1,58.0,60.0,-0.0600000000000005,2.85,8.579669621217093
0.71,Ideal,F,VVS2,61.2,55.0,-0.10999999999999943,2.3,8.278175884314908
0.46,Very Good,I,VS2,62.3,57.0,-0.04999999999999982,1.87,6.654930912597298
1.12,Premium,F,VS1,61.8,59.0,0.09999999999999964,2.5100000000000007,9.006142753023068
0.31,Ideal,E,SI2,59.5,61.0,-0.03000000000000025,1.81,6.161071827152346
0.66,Ideal,D,VVS2,61.6,57.0,0.0699999999999994,2.12,8.023150834561589
0.36,Ideal,D,SI1,61.2,57.0,0.040000000000000036,1.77,6.698762620009019
0.32,Ideal,G,VVS2,61.9,57.0,-0.03000000000000025,1.69,6.573104255433264
2.0,Very Good,G,SI1,63.5,56.0,-0.0699999999999994,2.9299999999999997,9.715679256273644
0.5,Ideal,G,VVS2,62.7,54.0,-0.040000000000000036,1.9099999999999997,7.340830928372577
0.65,Premium,E,SI1,60.5,59.0,0.1200000000000001,2.1300000000000003,7.568016816847255
1.38,Ideal,G,VVS1,61.8,56.0,0.03000000000000025,2.71,9.483588025127728
0.97,Good,J,VS2,60.0,56.0,-0.05999999999999961,2.6,8.086267148871155
1.21,Ideal,I,I1,61.3,57.0,0.05000000000000071,2.6499999999999995,8.235449110137766
0.62,Ideal,G,VS1,62.4,57.0,-0.019999999999999574,2.06,7.631602495216804
0.5,Very Good,D,SI1,60.3,59.0,-0.02999999999999936,2.05,7.09217807772538
1.19,Very Good,E,SI1,58.0,63.0,-0.0699999999999994,2.95,8.789232712936297
0.32,Premium,I,SI1,61.1,59.0,0.040000000000000036,1.69,6.256996895190441
0.3,Very Good,J,VS2,62.2,57.0,-0.019999999999999574,1.63,5.962133233114319
0.9,Very Good,I,SI1,60.6,56.0,-0.04999999999999982,2.49,8.128755454628557
0.3,Ideal,G,VVS2,62.2,55.0,0.040000000000000036,1.6099999999999999,6.556741960460044
0.61,Very Good,D,VS1,62.4,57.0,-0.019999999999999574,2.06,7.766576157104406
0.42,Premium,D,SI2,60.8,59.0,0.0600000000000005,1.8499999999999996,6.688139895412632
0.46,Premium,E,VS1,61.9,58.0,0.03000000000000025,1.8600000000000003,7.119031682188419
0.78,Ideal,E,VS2,61.1,55.0,0.03000000000000025,2.31,8.151209387791509
0.5,Very Good,G,VS1,63.2,59.0,-0.040000000000000036,1.8800000000000003,7.146009532913924
1.01,Premium,F,SI1,59.1,59.0,0.05999999999999961,2.64,8.537066118537297
1.06,Premium,D,SI2,60.9,60.0,0.03000000000000025,2.5399999999999996,8.459670945114134
0.3,Premium,H,VVS1,62.7,59.0,0.03000000000000025,1.5899999999999999,6.54872395547804
0.35,Ideal,D,SI1,60.8,55.0,0.03000000000000025,1.7799999999999998,6.6535872212689835
1.0,Premium,F,VS1,62.6,58.0,0.03000000000000025,2.37,8.836169051190234
1.1,Very Good,G,IF,60.5,55.0,0.05999999999999961,2.63,9.138284323795235
0.73,Fair,D,SI2,65.5,60.0,0.09999999999999964,1.88,7.589602511798969
1.0,Very Good,D,SI2,62.3,56.0,-0.05999999999999961,2.4299999999999997,8.442754714227219
1.2,Premium,G,VS1,62.0,58.0,0.02999999999999936,2.5500000000000007,9.071422128091731
0.49,Premium,F,SI1,58.7,60.0,0.04999999999999982,2.1100000000000003,7.026154060257879
1.32,Ideal,I,SI2,61.7,55.0,0.040000000000000036,2.6800000000000006,8.624293108690464
1.19,Ideal,E,SI1,61.3,57.0,-0.020000000000000462,2.6500000000000004,8.863693428802819
0.32,Ideal,I,VS2,62.2,57.0,0.03000000000000025,1.6499999999999995,6.3782324498558856
0.5,Fair,D,SI1,65.7,56.0,0.040000000000000036,1.69,7.037791031828264
0.42,Very Good,G,SI1,60.6,62.0,-0.02999999999999936,1.9199999999999995,6.615827054461801
2.04,Very Good,I,SI1,63.6,60.0,0.10999999999999943,2.83,9.618484945458539
0.55,Ideal,E,VS1,62.2,55.0,-0.040000000000000036,2.0,7.578848818994243
0.54,Very Good,H,SI2,60.7,55.0,-0.03000000000000025,2.11,6.9687164612131856
0.35,Ideal,E,VS2,61.7,55.0,-0.03000000000000025,1.7600000000000002,6.59067369216679
1.01,Very Good,F,VVS2,60.7,59.0,-0.05999999999999961,2.56,9.080911414444772
1.0,Very Good,G,VS2,63.5,59.0,0.09999999999999964,2.24,8.616613818252683
1.0,Premium,F,SI1,61.2,58.0,0.040000000000000036,2.47,8.53521537728945
0.75,Ideal,E,SI2,61.7,55.0,0.040000000000000036,2.2300000000000004,7.843326860533994
0.3,Very Good,F,VS2,62.8,55.0,-0.0600000000000005,1.63,6.249500358609273
2.11,Fair,G,SI2,65.0,56.0,0.05000000000000071,2.79,9.515132139082583
0.5,Fair,H,VS2,62.4,69.0,0.08000000000000007,1.85,6.993764451531455
0.7,Premium,D,VS1,61.6,60.0,0.03000000000000025,2.1399999999999997,7.989835174787423
0.71,Ideal,F,VVS1,61.4,56.0,-0.03000000000000025,2.24,8.251125654088538
0.24,Very Good,F,VVS2,62.3,58.0,-0.029999999999999805,1.5099999999999998,6.2396126586023835
0.92,Ideal,G,SI2,61.9,57.0,-0.019999999999999574,2.39,8.182217677286236
1.01,Very Good,J,SI2,61.9,59.0,-0.040000000000000036,2.44,8.172598795634542
0.4,Ideal,G,VS2,61.1,56.0,-0.040000000000000036,1.87,6.700545160397285
1.21,Very Good,J,SI1,62.7,57.0,-0.04999999999999982,2.539999999999999,8.473827247126966
0.38,Premium,G,VS1,61.0,58.0,0.040000000000000036,1.81,6.776489632768651
1.2,Ideal,I,VS1,59.3,57.0,-0.08999999999999986,2.8899999999999997,8.811572464282357
0.33,Ideal,I,VVS2,62.4,56.0,0.019999999999999574,1.6500000000000004,6.5407995826133245
0.78,Premium,G,SI2,60.6,58.0,0.02999999999999936,2.35,7.813499494552829
0.9,Very Good,F,SI1,61.6,56.0,-0.0600000000000005,2.4000000000000004,8.323162789531965
1.01,Very Good,E,SI1,62.8,57.0,-0.040000000000000036,2.3899999999999997,8.58150469802828
0.32,Very Good,G,VS2,63.1,57.0,0.04999999999999982,1.5699999999999998,6.5095822829222545
0.54,Ideal,E,SI1,61.3,56.0,-0.03000000000000025,2.04,7.28023447770263
1.01,Very Good,E,VVS1,62.3,56.0,-0.05999999999999961,2.46,9.214601643280925
1.0,Ideal,E,VS2,61.3,58.0,-0.03000000000000025,2.5000000000000004,8.801338425139113
0.32,Very Good,F,SI1,60.7,62.0,-0.02999999999999936,1.7499999999999996,6.265763572071867
0.58,Ideal,G,VVS2,61.6,56.0,-0.03000000000000025,2.0900000000000003,7.642316571292727
0.41,Ideal,F,VS2,61.5,56.0,-0.040000000000000036,1.87,6.764239258786845
0.23,Ideal,H,VS1,61.2,55.0,-0.03000000000000025,1.5500000000000003,5.9979664613405355
0.56,Ideal,F,VS2,61.6,55.0,0.03000000000000025,2.02,7.479944013902681
1.15,Very Good,E,IF,59.2,57.0,-0.08000000000000007,2.8200000000000003,9.387394372477173
1.27,Premium,H,SI1,60.2,58.0,0.04999999999999982,2.7700000000000005,8.813597141800233
0.3,Very Good,H,VVS2,62.0,59.0,-0.07000000000000028,1.67,6.296836420987311
0.91,Very Good,H,VS1,59.4,63.0,0.040000000000000036,2.54,8.36386347242602
0.54,Premium,H,VVS2,60.6,60.0,0.019999999999999574,2.08,7.498492984510862
0.71,Ideal,D,VS2,60.4,53.0,-0.040000000000000036,2.3299999999999996,8.134291519186498
0.61,Ideal,E,VS1,61.3,54.0,0.03000000000000025,2.12,7.7532037465994454
1.51,Premium,G,SI1,61.3,61.0,0.07000000000000028,2.8200000000000003,9.286251706310061
0.73,Ideal,D,VS2,62.7,53.0,-0.03000000000000025,2.17,8.06489579689792
0.6,Ideal,D,SI1,61.4,55.0,-0.019999999999999574,2.1199999999999997,7.499054595010067
0.4,Premium,F,VS1,60.5,60.0,-0.040000000000000036,1.9099999999999997,6.815775388372179
0.41,Very Good,H,VS2,60.0,57.0,0.040000000000000036,1.94,6.709039454428009
0.39,Very Good,G,VS2,62.4,56.0,-0.040000000000000036,1.7699999999999996,6.647084784201043
0.41,Ideal,H,SI1,61.5,55.0,-0.02999999999999936,1.8599999999999994,6.5248758137858065
0.31,Very Good,E,SI1,62.9,58.0,-0.040000000000000036,1.62,6.286815144346312
0.31,Good,G,SI1,63.2,54.0,-0.020000000000000462,1.6,6.184429881462554
0.32,Ideal,J,IF,62.2,56.0,0.040000000000000036,1.6400000000000001,6.561284445394348
0.31,Very Good,G,SI1,62.8,55.0,-0.05999999999999961,1.65,6.199680394111687
0.3,Premium,H,VVS2,60.6,58.0,0.019999999999999574,1.7000000000000002,6.487436915261757
0.36,Ideal,G,VS2,60.6,56.0,-0.04999999999999982,1.8599999999999999,6.531669147711804
0.7,Ideal,E,VS1,60.5,56.0,-0.04999999999999982,2.3,8.085135398858194
1.01,Very Good,D,SI2,61.5,56.0,-0.07000000000000028,2.51,8.480638872092504
0.92,Very Good,D,SI1,60.8,58.0,-0.02999999999999936,2.4699999999999998,8.414795304993058
0.83,Premium,G,SI2,61.6,57.0,0.040000000000000036,2.2999999999999994,7.877448795721216
0.39,Very Good,E,VS2,62.7,59.0,-0.040000000000000036,1.7599999999999998,6.729146696347124
1.01,Ideal,E,VS2,60.4,58.0,-0.02999999999999936,2.5899999999999994,8.838789076766151
0.4,Ideal,E,VS1,61.2,55.0,0.03000000000000025,1.8399999999999999,6.996180157470746
1.16,Very Good,F,SI1,63.4,55.0,0.08000000000000007,2.41,8.674127670109495
0.32,Very Good,G,VS1,62.9,57.0,-0.03000000000000025,1.6400000000000006,6.419452034084841
0.5,Ideal,H,IF,61.8,56.0,-0.03000000000000025,1.9699999999999998,7.395549069479977
0.35,Very Good,I,VVS2,61.3,56.0,-0.020000000000000462,1.7600000000000002,6.4337346505314335
1.01,Premium,D,VS1,61.6,58.0,0.020000000000000462,2.46,8.976890433400571
2.0,Premium,H,SI2,60.7,60.0,-0.03999999999999915,3.1999999999999993,9.581056563410536
0.7,Very Good,E,VS1,62.5,56.0,-0.040000000000000036,2.1399999999999997,7.9564453504685
0.92,Good,F,SI2,64.2,58.0,-0.02999999999999936,2.2099999999999995,8.106519902331462
1.5,Premium,I,VS1,62.7,59.0,0.04999999999999982,2.6900000000000004,9.192177585377218
1.2,Ideal,E,SI2,62.5,55.0,-0.07000000000000028,2.59,8.699777153184936
0.4,Very Good,G,VS1,60.4,57.0,-0.009999999999999787,1.8899999999999997,6.725647420620322
0.72,Ideal,F,VVS1,61.8,57.0,-0.02999999999999936,2.21,8.2441044433061
2.18,Good,H,SI2,60.4,64.0,-0.08999999999999986,3.380000000000001,9.598896003532783
1.1,Ideal,I,VS2,61.8,55.4,-0.03000000000000025,2.5500000000000007,8.59494884598093
0.72,Ideal,H,VVS1,62.0,55.0,-0.02999999999999936,2.1999999999999997,8.051760794307508
2.06,Ideal,F,SI2,62.7,57.0,0.09999999999999964,2.99,9.60324367894062
1.22,Premium,I,VS1,61.1,58.0,0.07000000000000028,2.6399999999999997,8.803108124842659
1.0,Premium,E,VS2,62.7,59.0,-0.07000000000000028,2.4,8.746998705231716
0.52,Ideal,H,IF,59.2,58.0,-0.07999999999999918,2.1899999999999995,7.6594599752846095
1.5,Premium,E,VS1,62.5,58.0,-0.07000000000000028,2.75,9.61428419578628
0.91,Premium,G,SI2,60.1,62.0,0.040000000000000036,2.47,8.1075403674533
0.31,Ideal,D,VS2,60.7,57.0,-0.03000000000000025,1.7400000000000002,6.532023199354735
1.5,Very Good,G,VS2,63.5,54.0,0.040000000000000036,2.62,9.430142396709794
0.32,Premium,D,SI1,62.3,55.0,0.040000000000000036,1.6399999999999997,6.597045161268367
0.38,Ideal,F,VS2,62.2,54.0,-0.020000000000000462,1.77,6.632825109506028
0.3,Ideal,G,VS1,61.5,57.0,0.03000000000000025,1.6499999999999995,6.483526727327687
0.53,Premium,G,SI2,60.8,58.0,0.019999999999999574,2.0300000000000002,7.0558434301293795
0.71,Fair,F,SI1,57.0,62.0,-0.03000000000000025,2.5300000000000002,7.846166509054923
0.73,Ideal,G,SI1,61.7,60.0,-0.03000000000000025,2.23,7.892220679525733
1.03,Very Good,H,SI1,60.8,60.0,-0.03000000000000025,2.56,8.486059021900957
2.04,Very Good,I,SI1,62.9,54.0,0.08000000000000007,2.9800000000000004,9.628089923729938
1.03,Ideal,D,SI1,62.4,57.0,0.02999999999999936,2.41,8.649200409954236
0.57,Ideal,G,VVS2,61.7,56.0,0.03000000000000025,2.02,7.65196079936959
0.92,Very Good,J,VS2,60.9,62.0,-0.04999999999999982,2.4799999999999995,8.097845886661245
1.53,Premium,D,SI1,61.6,58.0,-0.07000000000000028,2.87,9.390546392560411
0.9,Good,E,SI1,60.4,58.0,-0.1200000000000001,2.5100000000000002,8.338571349026713
1.2,Very Good,J,SI2,61.8,56.0,-0.040000000000000036,2.63,8.416042916579523
0.41,Premium,J,VS1,62.1,58.0,-0.040000000000000036,1.83,6.4866652120576385
0.31,Ideal,E,VVS2,61.5,59.0,-0.02999999999999936,1.6999999999999997,6.660431536929937
1.0,Good,J,SI2,57.8,61.0,-0.040000000000000036,2.79,8.14370045461207
0.8,Ideal,F,VS1,62.4,55.0,0.040000000000000036,2.1999999999999997,8.288923441599946
2.41,Good,I,SI2,57.7,61.0,0.03999999999999915,3.7199999999999998,9.605891513364746
0.9,Ideal,G,VVS1,61.5,56.0,-0.020000000000000462,2.41,8.714407862819444
0.31,Good,F,VS1,63.9,55.0,0.03000000000000025,1.5299999999999994,6.5549514384877705
0.37,Ideal,G,VS2,62.2,57.0,0.04999999999999982,1.7199999999999998,6.700404770372356
2.01,Premium,J,VS1,60.1,59.0,0.07000000000000028,3.2399999999999993,9.50810298668465
0.43,Premium,G,VS1,61.8,59.0,0.04999999999999982,1.83,6.922280050136904
1.12,Premium,I,VS1,62.2,59.0,0.07000000000000028,2.4699999999999998,8.640126755606365
0.4,Very Good,G,SI2,63.2,56.0,0.03000000000000025,1.7200000000000002,6.527727024166662
1.2,Very Good,G,SI2,61.8,60.0,-0.0699999999999994,2.6399999999999997,8.603893683031753
0.51,Premium,I,VVS2,59.4,60.0,0.04999999999999982,2.1,7.31669654511243
1.0,Very Good,H,VVS2,62.6,56.0,-0.02999999999999936,2.3999999999999995,8.702210575404944
0.52,Ideal,H,VVS1,60.4,57.0,-0.03000000000000025,2.0800000000000005,7.527659277705835
0.34,Ideal,H,VS1,62.2,55.0,-0.020000000000000462,1.7000000000000002,6.434902481541449
0.54,Premium,F,SI1,61.8,60.0,0.019999999999999574,1.98,7.259174484932132
0.41,Premium,E,VS1,61.8,58.0,0.019999999999999574,1.8000000000000003,6.993828913923799
0.3,Very Good,J,VS1,63.3,60.0,0.03000000000000025,1.5399999999999996,6.141002828212275
1.12,Very Good,I,VS1,59.6,58.0,0.05000000000000071,2.7199999999999998,8.63527256376234
0.36,Premium,F,VS2,59.4,56.0,0.019999999999999574,1.9000000000000004,6.724391256923772
1.04,Premium,F,SI1,59.5,60.0,0.03000000000000025,2.6599999999999997,8.570387383380996
1.0,Fair,G,SI2,67.8,61.0,0.05999999999999961,1.8800000000000008,8.070687774878472
0.94,Premium,H,VS2,60.1,59.0,-0.02999999999999936,2.5399999999999996,8.325429865367914
0.4,Good,E,SI1,63.7,57.0,-0.03000000000000025,1.7100000000000004,6.594740660305531
0.32,Ideal,F,VVS1,61.7,55.0,-0.040000000000000036,1.7199999999999998,6.759761015764555
0.38,Ideal,J,VVS2,61.7,54.6,-0.040000000000000036,1.8000000000000003,6.435903039470905
0.72,Premium,E,VS1,61.5,60.0,0.040000000000000036,2.2,8.095641461333589
0.32,Ideal,H,VVS1,61.3,56.0,-0.03000000000000025,1.73,6.588717694015726
1.07,Premium,H,SI1,60.4,59.0,0.03000000000000025,2.6100000000000003,8.521983885578623
0.41,Ideal,D,VVS2,62.3,57.0,0.019999999999999574,1.7800000000000002,7.147911297020717
0.35,Premium,G,IF,62.2,58.0,0.0699999999999994,1.6600000000000001,6.938859385023547
0.29,Ideal,E,VVS2,62.0,55.0,-0.019999999999999574,1.6299999999999994,6.45409738212663
1.02,Ideal,G,SI2,62.4,54.0,-0.08000000000000007,2.45,8.396865182802841
0.91,Very Good,F,SI2,63.3,54.0,0.08000000000000007,2.2299999999999995,8.09941167623946
0.52,Ideal,G,VS1,62.3,54.0,-0.02999999999999936,1.9599999999999995,7.377590317176651
0.77,Very Good,I,VS2,63.4,58.0,0.0699999999999994,2.08,7.714458174245252
0.31,Ideal,E,VVS2,61.6,56.0,0.040000000000000036,1.6599999999999997,6.820839280555043
0.3,Premium,H,VS2,61.1,61.0,0.020000000000000462,1.6699999999999995,6.364210878532452
1.01,Ideal,H,SI2,61.3,59.0,0.040000000000000036,2.4899999999999998,8.348931565057446
0.51,Ideal,E,VVS1,61.9,54.0,-0.05999999999999961,1.9899999999999998,7.724065267283388
0.7,Premium,G,SI1,62.8,58.0,0.040000000000000036,2.08,7.694087372513637
0.31,Ideal,G,SI2,60.5,57.0,0.040000000000000036,1.7100000000000004,6.2734670591932895
0.61,Ideal,J,SI1,62.0,55.0,-0.03000000000000025,2.0900000000000003,7.095178032503898
0.42,Very Good,E,VVS1,60.5,55.0,-0.05000000000000071,1.9500000000000002,7.121996916764675
1.33,Ideal,J,SI1,62.4,54.0,-0.03000000000000025,2.67,8.63064620744332
0.29,Ideal,E,VVS2,61.9,56.0,-0.020000000000000462,1.62,6.45409738212663
0.3,Ideal,F,VVS1,61.7,57.0,-0.02999999999999936,1.6599999999999997,6.5157473601586
0.4,Ideal,D,VVS2,61.3,56.0,-0.03000000000000025,1.8600000000000003,7.0268864546616525
0.55,Ideal,E,VS2,60.3,57.0,-0.019999999999999574,2.11,7.500682337608914
1.73,Good,J,SI1,63.8,60.0,0.07000000000000028,2.7,9.097637456617035
0.67,Premium,G,VVS2,60.1,60.0,0.08000000000000007,2.2,7.8551940504855
0.54,Ideal,H,IF,60.9,57.0,-0.04999999999999982,2.0899999999999994,7.610571764105547
1.02,Very Good,F,SI2,61.1,62.0,-0.04999999999999982,2.56,8.404435291181239
0.68,Good,F,VS1,60.0,60.8,-0.040000000000000036,2.3,7.872520689353065
1.2,Very Good,F,VS2,62.4,58.0,-0.040000000000000036,2.5699999999999994,9.04308136096255
1.5,Good,E,VS2,63.7,56.0,0.019999999999999574,2.59,9.489480449353534
0.52,Ideal,E,VS2,61.3,54.0,0.009999999999999787,2.0100000000000002,7.5158321626112965
0.55,Ideal,I,VVS1,61.7,56.0,0.04999999999999982,1.9900000000000002,7.440176971330864
0.9,Premium,F,SI1,62.0,55.0,0.040000000000000036,2.33,8.290185420101428
2.0,Fair,G,SI2,66.5,56.0,0.04999999999999982,2.5600000000000005,9.41737390336013
0.83,Premium,F,VS2,60.2,60.0,-0.04999999999999982,2.44,8.184304906345021
0.41,Premium,G,VS2,61.3,57.0,0.040000000000000036,1.8299999999999996,6.844081471951535
0.31,Good,D,SI1,63.5,55.0,-0.03000000000000025,1.5799999999999996,6.3069839333829725
0.7,Good,J,VVS2,64.3,56.0,-0.05999999999999961,2.03,7.59918024295057
0.7,Very Good,F,SI1,63.1,60.0,-0.009999999999999787,2.08,7.750580518192556
1.5,Premium,D,VS2,62.5,61.0,0.07000000000000028,2.7,9.545333292385516
1.3,Premium,I,IF,61.8,58.0,-0.04999999999999982,2.6900000000000004,8.986849525771543
0.55,Ideal,D,VS2,61.4,57.0,0.040000000000000036,2.0199999999999996,7.569415150745937
1.53,Premium,J,VS1,62.8,59.0,0.03000000000000025,2.71,9.040765460083394
0.76,Ideal,H,VS1,61.6,56.0,-0.05000000000000071,2.2800000000000002,8.036366501835126
0.3,Premium,D,SI1,62.6,59.0,0.03999999999999915,1.5700000000000003,6.441785765993556
0.91,Fair,I,SI2,65.0,58.0,0.03000000000000025,2.0999999999999996,7.862407436678011
1.52,Very Good,H,SI2,62.7,57.0,-0.040000000000000036,2.7600000000000007,9.074199367792142
0.42,Ideal,G,IF,62.4,57.0,-0.03000000000000025,1.8200000000000003,7.108649357305783
0.3,Ideal,D,VS2,62.2,55.0,-0.040000000000000036,1.65,6.389456261964
0.41,Ideal,G,VVS2,62.2,54.0,-0.04999999999999982,1.8299999999999996,6.915130535194836
0.62,Very Good,D,VS1,63.4,55.0,0.03000000000000025,1.9799999999999995,7.727820056587908
0.63,Very Good,D,SI1,63.1,58.0,0.04999999999999982,1.9900000000000002,7.595569320406463
0.33,Premium,D,VS2,61.1,56.0,0.040000000000000036,1.7400000000000002,6.754528608969201
1.04,Ideal,E,VVS2,62.0,58.0,0.08000000000000007,2.4299999999999997,9.161942704749224
0.34,Ideal,D,VS2,62.3,55.0,0.03000000000000025,1.6700000000000004,6.810726227456036
0.61,Ideal,E,VS1,62.2,54.0,-0.020000000000000462,2.0700000000000003,7.755024698909378
1.27,Premium,G,VS2,61.0,60.0,-0.040000000000000036,2.7299999999999995,9.064282476121367
1.51,Premium,I,VS2,61.8,59.0,-0.040000000000000036,2.8400000000000007,9.183667227173624
0.9,Very Good,D,SI1,62.3,53.0,-0.019999999999999574,2.3499999999999996,8.403767036641126
0.41,Ideal,J,VS1,61.3,57.0,-0.03000000000000025,1.88,6.49473253134405
0.37,Ideal,F,IF,62.0,57.0,-0.03000000000000025,1.77,6.944194462426461
1.21,Good,G,SI1,63.8,58.0,0.11000000000000032,2.37,8.713109396392689
1.07,Premium,G,VS2,59.8,58.0,0.040000000000000036,2.65,8.81132761196807
1.31,Good,H,SI1,57.9,62.0,-0.07000000000000028,3.0700000000000003,8.812786962102022
0.54,Ideal,D,VS1,61.3,56.0,0.03000000000000025,2.0299999999999994,7.669076333030723
0.59,Very Good,D,SI1,62.8,57.0,-0.05999999999999961,2.02,7.396571954183244
0.35,Ideal,G,VS1,61.9,55.0,-0.020000000000000462,1.7300000000000004,6.5476618006759235
1.0,Good,F,VS2,63.7,59.0,-0.05000000000000071,2.3100000000000005,8.665350645275842
1.5,Good,F,SI2,61.2,63.0,-0.08000000000000007,2.9000000000000004,9.117108317368208
1.21,Ideal,D,VVS2,61.3,56.0,-0.040000000000000036,2.6800000000000006,9.490871763572372
0.41,Ideal,F,VS1,62.6,55.0,-0.019999999999999574,1.7899999999999996,6.859791763869344
1.01,Good,E,VS2,63.4,60.0,-0.0600000000000005,2.3500000000000005,8.762592291201681
1.26,Very Good,J,SI1,61.8,58.0,-0.03000000000000025,2.6500000000000004,8.564461947207183
1.34,Premium,J,VS2,62.6,58.0,0.07000000000000028,2.5999999999999996,8.645687026557285
0.3,Ideal,G,VS1,62.2,55.0,0.02999999999999936,1.6100000000000003,6.486995341651444
0.9,Premium,I,VS2,62.4,60.0,0.10000000000000053,2.2499999999999996,8.103864257579392
0.42,Ideal,E,VS2,61.8,57.0,-0.040000000000000036,1.8499999999999996,6.842220969544391
2.24,Premium,H,SI2,61.4,57.0,0.08000000000000007,3.1999999999999993,9.569079115259632
0.74,Very Good,F,VS2,61.3,61.0,-0.040000000000000036,2.27,8.019088159381441
1.5,Premium,G,SI1,62.9,56.0,0.1200000000000001,2.6399999999999997,9.269098767978084
1.2,Very Good,H,VS1,62.0,57.0,-0.040000000000000036,2.5999999999999996,8.905392585169613
1.01,Very Good,F,VVS1,62.8,60.0,0.0600000000000005,2.34,9.084718123649422
0.46,Ideal,H,IF,62.2,55.0,-0.04999999999999982,1.9000000000000004,7.146906716759607
1.23,Ideal,I,SI2,62.1,56.0,0.040000000000000036,2.58,8.54394422592456
0.34,Ideal,E,SI2,62.0,56.0,0.03000000000000025,1.6800000000000002,6.440622005000245
1.17,Very Good,H,VS2,59.6,59.0,-0.040000000000000036,2.79,8.76147326161263
2.02,Good,I,SI1,64.3,56.0,-0.14000000000000057,2.9000000000000004,9.63923928740819
2.01,Fair,G,I1,70.2,57.0,0.03000000000000025,2.2300000000000004,8.761317343206109
0.42,Premium,H,SI1,62.1,59.0,0.02999999999999936,1.8000000000000003,6.673058316298888
0.55,Premium,H,SI2,59.8,59.0,0.03000000000000025,2.1199999999999997,6.990207811613405
1.71,Very Good,J,VS1,61.2,59.0,-0.0699999999999994,3.0199999999999996,9.267502625498004
0.9,Premium,I,VS2,58.4,62.0,0.05999999999999961,2.6,8.160311103801977
0.7,Ideal,F,VS2,60.8,59.0,-0.09999999999999964,2.3,7.931699664085735
1.01,Very Good,I,SI2,61.8,60.0,-0.03000000000000025,2.44,8.254792429971198
0.42,Ideal,F,VS1,61.6,55.0,-0.03000000000000025,1.88,6.888550971069663
1.51,Ideal,H,VS2,62.5,55.0,0.04999999999999982,2.7199999999999998,9.281693891809375
0.3,Ideal,G,SI1,62.0,58.0,-0.020000000000000462,1.6400000000000001,6.151119163116476
0.32,Good,D,SI1,63.6,56.0,0.03000000000000025,1.5699999999999998,6.476800338185918
0.73,Very Good,F,SI1,60.4,57.0,-0.02999999999999936,2.34,7.9385048626867
0.31,Ideal,I,SI1,62.1,53.0,-0.020000000000000462,1.6600000000000001,6.055958483368123
0.72,Ideal,H,VVS1,60.8,58.0,-0.03000000000000025,2.28,8.070106122782672
1.5,Premium,I,SI1,62.0,62.0,0.04999999999999982,2.76,9.081428962877792
0.96,Fair,F,I1,62.9,66.0,0.21999999999999975,2.16,7.625774174877611
0.55,Ideal,G,VVS2,62.0,57.0,0.040000000000000036,1.9699999999999998,7.570930064274365
0.3,Ideal,E,VS1,62.5,54.0,-0.05000000000000071,1.6300000000000003,6.393783383499799
1.69,Premium,J,I1,60.2,61.0,0.08999999999999986,3.04,8.595763178361274
0.31,Premium,F,VS2,62.0,60.0,0.040000000000000036,1.6199999999999997,6.631899103462322
0.82,Good,G,SI2,63.8,60.0,0.04999999999999982,2.0999999999999996,7.745296891412552
0.51,Ideal,D,VS2,61.6,56.0,0.019999999999999574,1.9700000000000002,7.463157809939011
0.56,Premium,G,VS2,60.9,58.0,0.020000000000000462,2.08,7.415338774786308
0.7,Very Good,E,VS1,61.1,55.0,-0.04999999999999982,2.26,8.05696248595693
0.53,Ideal,D,VS1,61.3,56.0,-0.020000000000000462,2.0300000000000002,7.6162307617419955
0.33,Ideal,F,VS2,62.3,55.0,-0.04999999999999982,1.6999999999999997,6.487956752064724
1.19,Premium,J,VS2,62.8,57.0,0.08000000000000007,2.4699999999999998,8.548480171500989
0.5,Good,F,VS2,64.0,57.0,0.040000000000000036,1.81,7.139293858709173
0.75,Very Good,F,SI1,62.3,58.0,-0.0600000000000005,2.2300000000000004,7.9431938615871625
0.32,Ideal,D,VVS1,61.8,56.0,-0.03000000000000025,1.6900000000000004,6.867592001461371
0.9,Premium,F,SI1,61.4,55.0,0.019999999999999574,2.37,8.30495164021715
1.15,Premium,E,SI2,61.8,56.0,0.04999999999999982,2.55,8.51917791735561
0.52,Very Good,H,VS2,63.5,58.0,-0.009999999999999787,1.8599999999999999,7.137250035942752
0.35,Premium,F,VS2,62.1,60.0,0.05999999999999961,1.6700000000000004,6.708115695509637
1.64,Ideal,G,VS2,61.5,56.0,-0.03000000000000025,2.9400000000000004,9.596064555012815
0.6,Ideal,I,SI1,60.7,58.0,-0.020000000000000462,2.1500000000000004,7.185940468835198
0.78,Ideal,D,SI2,61.4,57.0,-0.03000000000000025,2.3000000000000003,7.975601909526413
1.29,Very Good,I,VS1,61.1,58.0,-0.04999999999999982,2.75,8.857722153781333
0.91,Good,F,VVS2,62.6,61.0,-0.07000000000000028,2.3400000000000003,8.741403432920023
1.0,Premium,F,VS1,62.6,58.0,-0.03000000000000025,2.4000000000000004,8.833414272164829
1.24,Premium,I,VS2,60.2,58.0,0.05000000000000071,2.7399999999999993,8.729375219739476
1.01,Very Good,G,SI1,62.4,58.0,-0.05000000000000071,2.4400000000000004,8.50450808778795
0.42,Ideal,E,VS2,60.9,57.0,-0.020000000000000462,1.9100000000000001,6.856995907709049
1.2,Very Good,J,SI1,62.5,58.0,-0.04999999999999982,2.5599999999999996,8.468919752663924
0.32,Ideal,D,VS2,62.0,55.0,0.040000000000000036,1.65,6.754826698878984
0.31,Very Good,E,SI1,63.3,55.0,0.040000000000000036,1.5699999999999994,6.448912171755008
0.37,Ideal,D,VVS1,61.3,56.0,-0.03000000000000025,1.7999999999999998,7.0189369121341985
0.92,Very Good,F,SI1,63.5,58.0,0.040000000000000036,2.22,8.254691930768422
0.4,Premium,F,VVS2,60.8,59.0,0.040000000000000036,1.8399999999999999,7.047724405400483
0.41,Ideal,E,VVS2,61.9,56.0,0.03000000000000025,1.7999999999999998,7.116797689356023
0.96,Premium,E,SI2,62.8,60.0,0.05999999999999961,2.3000000000000003,8.169300839091996
0.59,Very Good,D,VVS1,61.8,57.0,-0.040000000000000036,2.08,8.001166585741823
1.03,Good,D,SI2,57.6,58.0,-0.07000000000000028,2.85,8.411262927083989
1.02,Ideal,H,SI2,61.4,58.0,-0.04999999999999982,2.5299999999999994,8.379261306569695
0.55,Premium,F,SI1,61.9,59.0,0.04999999999999982,1.9800000000000004,7.26653252759797
0.32,Ideal,I,VVS2,62.2,54.5,-0.040000000000000036,1.6799999999999997,6.362845645591789
0.55,Ideal,H,SI1,61.5,54.0,-0.03000000000000025,2.06,7.125620424055047
1.5,Good,E,SI2,63.0,59.0,-0.0600000000000005,2.7,9.104995015190557
1.07,Very Good,G,VS1,58.6,60.0,-0.10999999999999943,2.8299999999999996,8.900759603156468
1.01,Premium,F,SI2,61.6,58.0,0.04999999999999982,2.4400000000000004,8.352132165347724
0.9,Premium,I,VS2,61.6,58.0,0.0600000000000005,2.32,8.163231246602114
0.4,Ideal,E,VVS1,61.5,56.0,-0.03000000000000025,1.85,7.095855878765791
0.24,Ideal,H,VVS1,61.5,55.0,-0.02999999999999936,1.5599999999999996,6.305329258713992
0.35,Ideal,G,IF,61.2,57.0,-0.03000000000000025,1.7800000000000002,6.851808675613819
0.52,Ideal,F,VS2,62.3,57.0,0.04999999999999982,1.92,7.406215953494529
0.39,Ideal,F,SI1,61.3,56.0,-0.02999999999999936,1.8399999999999999,6.604278064919041
2.01,Good,F,SI2,64.1,57.0,-0.040000000000000036,2.8200000000000003,9.563837534405678
1.23,Very Good,H,VVS1,62.5,58.0,-0.05000000000000071,2.5700000000000003,9.046476649499567
0.59,Very Good,J,VS2,60.8,56.6,-0.04999999999999982,2.1599999999999997,7.141961153332395
1.01,Premium,E,VS2,62.7,57.0,0.05000000000000071,2.3399999999999994,8.76746993878073
0.58,Ideal,F,VS1,62.1,56.0,0.05999999999999961,2.0000000000000004,7.627598581351419
1.2,Ideal,J,VS2,61.6,54.0,0.05999999999999961,2.6000000000000005,8.604785613647957
1.02,Premium,H,VS2,61.0,60.0,0.040000000000000036,2.51,8.58035184515139
1.08,Good,J,SI2,63.2,59.0,-0.16999999999999993,2.4700000000000006,8.261026439629532
0.34,Premium,E,SI2,61.7,58.0,-0.040000000000000036,1.75,6.2762073170964365
0.3,Very Good,E,VVS2,61.1,62.0,-0.04999999999999982,1.7000000000000002,6.418669076647006
0.3,Very Good,J,VS1,59.5,60.0,-0.0600000000000005,1.8200000000000003,5.995999715722326
1.0,Very Good,D,SI2,59.5,62.0,-0.02999999999999936,2.6499999999999995,8.410178440981575
0.9,Good,E,SI1,58.3,61.0,-0.04999999999999982,2.64,8.293782432270403
0.7,Very Good,E,SI1,63.1,58.0,-0.02999999999999936,2.09,7.784137839956203
1.78,Premium,E,SI2,60.5,59.0,0.08999999999999986,3.05,9.326660909038296
1.01,Good,G,VS1,63.8,57.0,0.03000000000000025,2.29,8.730296909818469
0.28,Ideal,F,IF,62.4,55.0,-0.03000000000000025,1.5900000000000003,6.530274858470005
0.34,Ideal,G,VS2,61.3,55.0,0.019999999999999574,1.7300000000000004,6.649950129534962
0.3,Good,G,VS1,63.6,55.0,-0.040000000000000036,1.5799999999999996,6.253376495959145
0.52,Ideal,E,VS2,61.7,55.0,-0.04999999999999982,2.01,7.440953870943309
0.71,Premium,G,VVS2,62.1,57.0,0.09999999999999964,2.1100000000000003,7.960334715223384
1.06,Ideal,D,SI2,62.3,55.0,0.040000000000000036,2.4400000000000004,8.467567108270378
0.8,Ideal,I,VS1,60.7,59.0,-0.03999999999999915,2.3799999999999994,8.046010296879649
1.05,Ideal,F,VVS1,61.6,55.0,0.040000000000000036,2.49,9.233791760034913
1.0,Very Good,D,SI2,63.7,55.0,-0.04999999999999982,2.33,8.427529314406447
2.0,Good,D,SI2,64.1,57.0,0.08999999999999986,2.7800000000000002,9.539897618534392
0.36,Ideal,D,VVS2,61.0,56.0,-0.040000000000000036,1.8100000000000005,6.860901398501993
2.48,Ideal,I,SI2,62.3,57.0,0.0600000000000005,3.2199999999999998,9.667363708292257
0.34,Ideal,D,VS2,62.9,56.0,0.05999999999999961,1.6300000000000003,6.810726227456036
0.34,Premium,H,VS2,59.0,59.0,-0.0600000000000005,1.9100000000000001,6.364292619313699
1.32,Premium,F,SI1,59.7,60.0,-0.04999999999999982,2.9000000000000004,8.966112854091687
0.7,Ideal,I,SI1,61.6,53.0,-0.02999999999999936,2.2199999999999998,7.628543351013725
0.77,Ideal,F,SI1,61.9,57.0,-0.03000000000000025,2.2600000000000002,8.013401901437689
0.33,Ideal,G,VS1,62.1,55.0,-0.03000000000000025,1.7000000000000002,6.493802964171106
0.71,Very Good,E,SI2,62.1,57.0,-0.04999999999999982,2.1999999999999997,7.816748185543364
0.34,Ideal,E,SI1,62.9,55.0,0.03000000000000025,1.65,6.625219608065704
0.5,Premium,G,VS1,62.2,59.0,0.04999999999999982,1.8900000000000001,7.2385818664367765
0.8,Ideal,H,VS1,62.2,56.0,-0.03000000000000025,2.2600000000000002,8.138073301650055
0.53,Ideal,F,VVS1,61.4,56.0,-0.040000000000000036,2.04,7.7575944909167625
0.71,Very Good,F,SI1,62.4,59.0,-0.0600000000000005,2.16,7.849920882758309
0.39,Premium,F,VVS1,59.7,58.0,-0.019999999999999574,1.92,7.008646808754943
0.91,Ideal,F,SI2,62.2,56.0,0.03000000000000025,2.3099999999999996,8.160193577596274
0.42,Very Good,F,SI1,60.6,61.0,-0.040000000000000036,1.9300000000000002,6.652854766482299
0.34,Good,E,VS2,63.8,56.0,-0.04999999999999982,1.6400000000000001,6.512348930204216
0.51,Good,F,VS2,63.7,56.0,0.019999999999999574,1.8200000000000003,7.269373695937903
0.38,Very Good,G,SI1,61.4,61.0,-0.040000000000000036,1.81,6.401939138133987
2.09,Ideal,H,SI2,60.6,57.0,0.10000000000000142,3.1999999999999993,9.592250458579432
0.33,Ideal,E,VS1,60.2,57.0,0.03999999999999915,1.7700000000000005,6.752571119950213
1.03,Ideal,G,SI1,61.7,56.0,0.03000000000000025,2.4699999999999998,8.570051097103226
1.01,Ideal,I,SI2,61.9,55.0,0.07000000000000028,2.4099999999999997,8.252827554320145
0.62,Fair,F,VVS2,57.1,60.0,-0.04999999999999982,2.46,7.928003567824691
0.34,Very Good,E,SI1,59.0,60.0,-0.0600000000000005,1.9100000000000001,6.370567176397475
0.75,Fair,J,SI1,55.0,66.0,0.16000000000000014,2.67,7.533226949596653
1.32,Very Good,H,SI1,62.4,58.0,-0.07000000000000028,2.6899999999999995,8.84641064235724
0.38,Premium,G,SI1,60.0,60.0,0.0699999999999994,1.8400000000000003,6.582927860455309
0.91,Premium,F,SI2,61.4,60.0,0.020000000000000462,2.39,8.146166444583784
0.5,Good,F,VS1,61.4,61.0,-0.009999999999999787,1.9500000000000002,7.195451063228969
0.5,Good,D,SI1,64.1,56.0,0.04999999999999982,1.7700000000000005,7.041266474657286
0.54,Very Good,J,VS2,63.0,57.0,-0.040000000000000036,1.94,6.980438530479205
0.9,Very Good,G,SI1,62.6,60.0,-0.04999999999999982,2.3099999999999996,8.231254131758295
0.7,Ideal,F,SI1,61.7,54.0,-0.03000000000000025,2.21,7.882831164790589
0.9,Ideal,F,VS2,62.3,56.0,-0.020000000000000462,2.3400000000000003,8.488433880659937
1.3,Ideal,I,VS2,61.7,56.0,0.05000000000000071,2.67,8.828294569099208
1.01,Good,E,SI1,59.3,64.0,0.020000000000000462,2.63,8.517670954282401
1.04,Ideal,G,VVS2,62.5,55.0,0.0600000000000005,2.41,8.947879581450714
0.36,Ideal,I,VS2,61.8,55.0,-0.03000000000000025,1.7700000000000005,6.312584049713962
0.3,Very Good,I,VS2,62.7,56.0,-0.010000000000000675,1.6,6.057457016531275
1.02,Premium,G,VS2,61.5,59.0,-0.04999999999999982,2.5,8.736110595610725
0.43,Premium,F,VS2,59.8,58.0,0.05000000000000071,1.9499999999999997,6.889073366409861
0.32,Ideal,F,IF,60.7,56.0,-0.03000000000000025,1.7599999999999998,6.83287141504252
0.29,Ideal,G,VVS1,62.4,56.0,-0.020000000000000462,1.6,6.45922428894388
1.03,Ideal,G,VS1,61.7,54.0,-0.02999999999999936,2.51,8.863708983507957
0.32,Very Good,G,VS2,62.3,55.0,-0.03000000000000025,1.6800000000000002,6.352527905460575
1.01,Premium,F,SI2,61.1,57.0,0.040000000000000036,2.49,8.376934903023262
0.7,Good,I,SI1,63.6,61.0,-0.040000000000000036,2.06,7.529076342188944
0.64,Ideal,E,VS2,62.0,55.0,-0.03000000000000025,2.1199999999999997,7.757213470364459
0.4,Premium,F,SI1,61.5,60.0,0.0699999999999994,1.79,6.766580165197198
0.4,Premium,E,VS2,62.0,58.0,0.040000000000000036,1.7700000000000005,6.934044096315864
1.01,Ideal,D,VVS2,62.3,53.0,-0.0699999999999994,2.45,9.205175157614601
0.32,Ideal,G,VVS1,62.4,55.0,0.009999999999999787,1.6400000000000001,6.825753939143686
1.57,Premium,H,VVS2,62.1,56.0,0.040000000000000036,2.8,9.373788754062309
0.33,Very Good,E,VS1,61.6,56.0,-0.03000000000000025,1.7199999999999998,6.551546613066652
1.01,Fair,H,SI1,65.3,57.0,0.09999999999999964,2.130000000000001,8.291004186185761
1.24,Good,G,VS1,60.2,63.0,-0.03000000000000025,2.79,9.092968999636362
0.31,Premium,J,VS1,61.8,59.0,-0.020000000000000462,1.6600000000000001,6.113532271759598
0.56,Ideal,D,VS1,61.1,56.0,-0.03000000000000025,2.08,7.670916716528091
0.53,Ideal,E,VS2,62.0,56.0,0.08999999999999986,1.9500000000000002,7.46280729933989
0.3,Premium,G,VS1,61.8,59.0,-0.03000000000000025,1.6800000000000002,6.301292199323669
1.59,Premium,H,VVS2,63.0,58.0,0.05000000000000071,2.7299999999999995,9.368715727444744
0.3,Ideal,G,VS1,61.4,57.0,0.04999999999999982,1.6400000000000001,6.483526727327687
1.1,Ideal,F,VS1,61.5,55.0,0.05000000000000071,2.54,9.024503354599062
1.4,Ideal,H,SI1,62.4,56.0,-0.0699999999999994,2.7199999999999998,9.048116446871564
1.24,Good,E,SI1,63.5,55.0,-0.040000000000000036,2.5100000000000007,8.868248138872021
1.57,Premium,I,VS2,62.2,59.0,0.020000000000000462,2.8,9.194636322738027
1.52,Very Good,H,VS2,63.3,57.0,0.009999999999999787,2.6800000000000006,9.261267967498968
0.3,Ideal,J,VS2,61.6,56.0,-0.020000000000000462,1.67,5.990697565345059
0.55,Premium,F,SI1,60.1,58.0,0.040000000000000036,2.0999999999999996,7.289621105976708
0.4,Premium,G,SI1,62.0,59.0,0.03000000000000025,1.7799999999999998,6.719447208499603
1.03,Premium,H,SI2,62.0,60.0,0.05999999999999961,2.41,8.30086864739054
0.4,Ideal,D,VVS2,61.2,56.0,-0.020000000000000462,1.8600000000000003,7.0268864546616525
0.41,Premium,E,SI1,61.2,59.0,0.040000000000000036,1.8400000000000003,6.8122874757715035
0.32,Ideal,G,VS1,61.7,55.0,0.040000000000000036,1.6699999999999995,6.63745596716803
0.62,Premium,F,VS2,62.3,60.0,0.07000000000000028,2.01,7.565697487337251
0.72,Premium,F,SI2,59.3,57.0,0.040000000000000036,2.3699999999999997,7.761755905237638
0.61,Fair,I,VS2,57.4,60.9,-0.05000000000000071,2.4200000000000004,7.3356423739843475
1.06,Ideal,I,SI1,62.8,56.0,0.04999999999999982,2.3899999999999997,8.43115225087295
0.96,Fair,H,I1,60.1,62.0,0.20999999999999996,2.32,7.64672913760536
0.3,Very Good,G,VVS1,62.8,55.0,-0.02999999999999936,1.6099999999999994,6.427892065208151
0.7,Premium,F,VVS1,62.4,56.0,0.0600000000000005,2.1,8.07490967341576
0.61,Very Good,D,SI1,62.4,59.0,-0.03000000000000025,2.06,7.473852897597128
0.33,Premium,G,VS2,60.8,58.0,0.019999999999999574,1.7400000000000002,6.58236548477802
1.0,Good,D,SI2,64.0,54.0,0.04999999999999982,2.2300000000000004,8.329254267707842
1.24,Very Good,G,VS1,62.0,55.0,-0.0600000000000005,2.66,9.122069691237213
1.01,Very Good,E,SI1,60.0,60.0,-0.040000000000000036,2.6100000000000003,8.600549557983333
1.01,Very Good,G,SI2,63.2,58.0,0.07000000000000028,2.3099999999999996,8.309716571982177
0.52,Very Good,G,SI2,63.1,56.0,0.040000000000000036,1.8599999999999999,6.955416272948292
0.27,Very Good,J,VVS2,60.8,57.0,-0.040000000000000036,1.6600000000000001,6.061692452940078
0.51,Ideal,G,VS1,61.8,57.0,0.019999999999999574,1.9500000000000002,7.383756275268439
1.0,Ideal,E,VS2,61.9,56.0,0.04999999999999982,2.4200000000000004,8.77777767166657
0.4,Premium,D,SI2,62.2,58.0,0.040000000000000036,1.77,6.645255390999735
0.4,Very Good,G,VS2,61.9,59.0,-0.03000000000000025,1.8000000000000003,6.665213568713844
0.28,Ideal,D,VS2,62.4,57.0,0.040000000000000036,1.5500000000000003,6.482882539192131
1.02,Ideal,D,VVS2,62.0,56.0,0.05000000000000071,2.4299999999999997,9.21848485585538
0.55,Ideal,E,SI2,62.0,56.0,0.04999999999999982,1.9699999999999998,7.134936539418301
0.31,Ideal,G,SI2,60.5,57.0,-0.040000000000000036,1.7500000000000004,6.109871091987017
1.21,Ideal,G,VS1,61.8,55.0,-0.0600000000000005,2.6399999999999997,9.128680846518233
1.11,Ideal,F,VVS1,61.9,57.0,0.040000000000000036,2.51,9.262213279974139
0.55,Ideal,E,VS2,61.8,57.0,0.07000000000000028,1.9899999999999998,7.523986218877734
0.33,Ideal,H,VS2,60.7,57.0,0.040000000000000036,1.7399999999999998,6.493359814017925
1.14,Ideal,F,VS1,61.1,55.0,-0.040000000000000036,2.6500000000000004,9.10303607940101
1.02,Premium,F,SI2,62.5,58.0,-0.0699999999999994,2.45,8.379707127834568
0.5,Good,D,VS2,64.0,56.0,-0.020000000000000462,1.8199999999999998,7.161910977162072
0.44,Ideal,F,VVS2,60.9,55.0,-0.040000000000000036,1.9500000000000002,7.072073499528208
0.9,Good,G,SI1,63.7,60.0,-0.040000000000000036,2.2300000000000004,8.191068246019604
0.9,Fair,E,SI2,64.5,55.0,0.08999999999999986,2.1100000000000003,8.01919593044822
0.54,Ideal,D,VVS2,61.4,52.0,-0.040000000000000036,2.08,7.8272997456490145
2.5,Ideal,J,SI2,63.8,53.0,0.0600000000000005,3.05,9.630554051359887
0.6,Ideal,H,VS1,61.6,56.0,-0.019999999999999574,2.09,7.542339973982381
1.02,Very Good,J,VS2,59.3,58.0,-0.0600000000000005,2.71,8.354621691316868
0.34,Ideal,E,VVS1,62.3,56.0,0.03000000000000025,1.6700000000000004,7.01840459475452
0.82,Ideal,F,SI2,62.3,56.0,0.040000000000000036,2.23,7.936857753555483
0.32,Ideal,E,VS1,61.5,55.0,-0.020000000000000462,1.7200000000000002,6.576658643655541
0.4,Ideal,E,VVS1,61.7,55.0,0.019999999999999574,1.81,7.193320175289603
0.9,Ideal,H,VS1,60.4,57.0,-0.020000000000000462,2.5,8.407424388665822
0.31,Premium,E,SI1,62.7,58.0,0.020000000000000462,1.5999999999999996,6.533422352629737
1.51,Premium,G,VVS2,60.9,58.0,0.040000000000000036,2.87,9.54778200470428
0.33,Ideal,E,SI1,62.5,55.0,0.03000000000000025,1.65,6.571360771560887
1.21,Premium,H,SI2,60.0,60.0,0.04999999999999982,2.75,8.551237029061276
0.59,Very Good,H,VVS2,61.1,57.0,-0.09000000000000075,2.1600000000000006,7.609664206285063
0.91,Ideal,E,SI2,62.2,57.0,-0.040000000000000036,2.37,8.248174693427886
1.01,Very Good,E,VS2,63.5,58.0,0.020000000000000462,2.3099999999999996,8.759863031708212
0.31,Premium,H,VS1,61.1,59.0,0.010000000000000675,1.6899999999999995,6.476317528608557
0.4,Premium,H,SI1,62.7,58.0,-0.040000000000000036,1.7600000000000002,6.488479169725787
0.73,Ideal,E,SI1,61.4,58.0,-0.040000000000000036,2.25,7.986935213956279
1.02,Good,H,SI2,63.7,58.0,0.040000000000000036,2.25,8.242206638468895
0.38,Premium,F,VS2,60.5,59.0,-0.04999999999999982,1.88,6.613660191862279
1.1,Premium,I,SI2,59.7,62.0,0.16000000000000014,2.63,8.29475039569347
0.43,Ideal,E,VVS2,62.0,57.0,-0.03000000000000025,1.8600000000000003,7.089221813701157
1.31,Premium,G,VS2,60.3,59.0,0.040000000000000036,2.8,9.112628365536652
1.5,Good,H,SI1,64.9,57.0,-0.07000000000000028,2.5300000000000002,9.148013394821707
0.34,Ideal,D,I1,61.4,55.0,0.019999999999999574,1.73,6.420463824334783
0.5,Premium,E,SI1,59.3,59.0,-0.04999999999999982,2.1500000000000004,7.070062964755268
0.7,Premium,F,VS2,62.3,58.0,0.08000000000000007,2.0999999999999996,7.804415257759561
0.5,Ideal,G,VVS1,62.2,56.0,-0.03000000000000025,1.9400000000000004,7.429037445111323
0.4,Very Good,E,SI2,62.1,60.0,-0.040000000000000036,1.7900000000000005,6.464991477506235
0.32,Ideal,D,VS2,61.1,56.0,0.020000000000000462,1.6999999999999997,6.754826698878984
1.12,Ideal,H,SI1,60.7,56.0,0.040000000000000036,2.62,8.582296581381291
0.33,Ideal,D,VS2,61.8,56.0,0.040000000000000036,1.6700000000000004,6.756867390951219
0.51,Ideal,F,VS1,60.4,56.0,-0.03000000000000025,2.07,7.468646785769106
0.87,Fair,I,VS2,57.3,59.0,-0.15000000000000036,2.7900000000000005,7.96802285517933
0.31,Premium,G,VVS1,62.1,59.0,0.04999999999999982,1.63,6.784571183249249
0.59,Ideal,F,SI1,62.3,54.0,-0.040000000000000036,2.0500000000000003,7.368924452896746
1.26,Premium,E,VVS1,59.8,59.0,-0.08999999999999986,2.87,9.473160390760565
1.24,Good,H,VS2,58.3,58.0,-0.0600000000000005,3.0,8.83344726019622
1.11,Ideal,H,SI2,62.6,56.0,-0.07000000000000028,2.5100000000000007,8.438872826651156
1.21,Ideal,H,VVS1,62.8,55.0,-0.040000000000000036,2.5500000000000007,9.065016510026068
1.06,Ideal,G,VS2,61.1,57.0,-0.03000000000000025,2.5700000000000003,8.826871133624728
0.37,Premium,G,VS2,61.3,60.0,-0.03000000000000025,1.7999999999999998,6.524341912192097
0.33,Premium,H,VVS1,61.4,59.0,0.020000000000000462,1.6999999999999997,6.739521766274559
0.7,Very Good,I,VVS2,63.1,57.0,-0.04999999999999982,2.11,7.728711627442975
0.77,Ideal,I,VS1,60.9,57.0,-0.020000000000000462,2.3300000000000005,7.948604325452188
1.0,Premium,E,SI1,60.5,59.0,0.04999999999999982,2.5100000000000002,8.560203592503129
1.0,Premium,E,SI1,60.3,62.0,0.08999999999999986,2.5199999999999996,8.546757590109376
1.09,Good,F,SI1,61.0,64.0,-0.04999999999999982,2.5999999999999996,8.62624862043886
0.96,Very Good,H,SI1,63.1,58.0,-0.04999999999999982,2.32,8.20932947249388
0.37,Premium,F,VS1,62.7,51.0,0.08000000000000007,1.6800000000000002,6.825979939890208
1.01,Good,E,VVS2,64.2,57.0,-0.040000000000000036,2.2800000000000002,9.012777843592309
0.71,Premium,G,VS1,60.9,58.0,0.03999999999999915,2.2300000000000004,7.981095323559982
1.03,Ideal,D,SI2,61.2,57.0,-0.08000000000000007,2.58,8.518898503202225
0.31,Ideal,D,SI1,62.5,53.0,-0.03000000000000025,1.65,6.377415919042219
0.31,Ideal,G,IF,62.7,57.0,0.03000000000000025,1.5999999999999996,6.86537575323018
0.33,Premium,F,VS2,62.1,59.0,-0.05000000000000071,1.7000000000000002,6.48025383273829
0.72,Fair,H,VVS2,56.5,68.0,0.14000000000000057,2.5199999999999996,7.937263406825738
0.38,Premium,E,VS1,61.5,58.0,0.05000000000000071,1.7699999999999996,6.884486500658436
0.46,Ideal,H,IF,62.3,54.0,-0.040000000000000036,1.8900000000000006,7.136085201143844
0.6,Premium,H,SI1,60.1,61.0,0.040000000000000036,2.1399999999999997,7.28460080707211
1.01,Premium,I,SI1,60.8,61.0,0.040000000000000036,2.51,8.340061813688067
0.41,Good,G,VS1,63.3,62.0,-0.040000000000000036,1.7399999999999998,6.7315583625709925
1.0,Good,H,SI1,63.7,60.0,0.03000000000000025,2.2800000000000002,8.354882198825395
1.51,Premium,G,VS1,62.2,58.0,0.05999999999999961,2.74,9.513889805905904
0.4,Very Good,D,SI1,61.4,56.0,-0.11000000000000032,1.9,6.669931846288133
1.05,Ideal,G,VS2,61.9,56.0,0.040000000000000036,2.4699999999999998,8.796563656940972
0.54,Very Good,H,SI1,61.7,54.0,-0.03999999999999915,2.0299999999999994,7.0562314561861434
2.06,Ideal,H,SI2,61.5,56.0,0.05000000000000071,3.1399999999999997,9.598365402356173
0.36,Ideal,G,IF,62.2,53.0,-0.020000000000000462,1.7500000000000004,6.880366554326095
0.63,Premium,F,VS2,61.0,61.0,0.10999999999999943,2.1100000000000003,7.676722421701921
0.54,Ideal,H,SI1,62.0,54.0,-0.04999999999999982,2.0200000000000005,7.075061038177344
0.31,Very Good,G,VS1,63.2,57.0,0.04999999999999982,1.56,6.529097466519209
0.5,Very Good,H,VS2,62.3,58.0,-0.07000000000000028,1.9500000000000002,6.970687401530648
0.31,Ideal,E,VS2,62.9,56.0,0.040000000000000036,1.58,6.694107331504969
0.32,Ideal,G,VVS2,61.3,56.0,-0.010000000000000675,1.7200000000000002,6.572739855473286
0.58,Ideal,E,VS2,61.7,57.0,-0.07000000000000028,2.1,7.543626012119392
0.9,Very Good,G,VVS2,62.1,57.0,-0.0600000000000005,2.3600000000000003,8.619996843304184
0.34,Very Good,H,VS2,63.3,56.0,0.0600000000000005,1.5899999999999999,6.470063244941328
1.0,Premium,E,VS2,62.8,60.0,0.040000000000000036,2.3400000000000003,8.731528379774332
0.3,Very Good,E,VVS2,61.4,60.0,-0.03000000000000025,1.6600000000000001,6.426233347393495
1.07,Ideal,G,VS1,61.8,57.0,0.0600000000000005,2.4699999999999998,8.928817481965178
0.44,Good,J,VS1,63.2,57.0,-0.040000000000000036,1.8000000000000003,6.51617911224968
0.38,Very Good,G,SI1,59.5,62.0,-0.040000000000000036,1.92,6.395038333355094
0.58,Ideal,H,IF,61.6,57.0,-0.03000000000000025,2.0700000000000003,7.6615179428592715
0.42,Premium,D,SI1,60.2,57.0,0.040000000000000036,1.9199999999999995,6.871542424531162
0.65,Ideal,J,SI1,62.1,54.0,-0.03000000000000025,2.13,7.225788464955468
1.0,Very Good,E,SI1,63.3,57.0,-0.040000000000000036,2.33,8.55369081198609
0.8,Ideal,H,SI1,61.0,57.0,0.07000000000000028,2.32,7.958441991461571
0.9,Good,F,SI1,63.9,59.0,-0.03000000000000025,2.21,8.24468827561101
0.3,Ideal,G,VS1,61.7,57.0,-0.020000000000000462,1.6600000000000001,6.30935951861008
1.01,Fair,F,VS1,64.7,54.0,0.04999999999999982,2.2,8.770024213912691
1.13,Premium,E,SI2,62.5,57.0,0.04999999999999982,2.4699999999999998,8.501100371493749
0.42,Ideal,D,VS1,61.4,56.0,0.040000000000000036,1.85,7.060056650745553
1.5,Good,J,VVS2,63.3,57.0,-0.03000000000000025,2.6800000000000006,9.04532652623081
1.18,Very Good,E,I1,62.5,58.0,-0.1299999999999999,2.5700000000000003,8.274428546381317
0.2,Premium,E,VS2,59.7,62.0,0.040000000000000036,1.52,6.103232194449445
0.56,Ideal,D,SI1,61.9,57.0,-0.03000000000000025,2.03,7.3443588769512544
1.43,Fair,I,VS1,50.8,60.0,0.4800000000000004,3.32,8.942366827421528
0.53,Ideal,E,SI1,61.9,55.0,-0.040000000000000036,2.0100000000000002,7.267958263251205
0.46,Ideal,F,IF,62.0,55.0,-0.020000000000000462,1.9000000000000004,7.308105109173079
1.5,Very Good,E,SI1,59.4,59.0,-0.07000000000000028,3.0600000000000005,9.336168427005235
0.73,Ideal,E,VVS2,61.6,55.0,-0.03000000000000025,2.25,8.256422195001425
1.24,Very Good,H,SI2,64.0,56.0,-0.040000000000000036,2.4699999999999998,8.612086988771683
0.4,Premium,E,SI2,60.5,59.0,0.040000000000000036,1.8600000000000003,6.609340816989427
0.31,Ideal,G,SI1,62.8,55.0,0.05999999999999961,1.5900000000000003,6.441699464891415
0.32,Ideal,E,SI2,62.0,55.0,0.04999999999999982,1.6400000000000001,6.401003139007159
1.01,Ideal,G,VS2,61.7,57.0,0.03000000000000025,2.46,8.739386865352785
1.52,Ideal,G,SI2,61.9,57.0,0.04999999999999982,2.8,9.099868415415093
0.43,Premium,E,SI2,61.0,60.0,-0.07000000000000028,1.9500000000000002,6.644076739467893
0.3,Ideal,D,SI1,62.1,54.0,0.040000000000000036,1.6199999999999997,6.456919762142299
2.0,Very Good,J,SI1,60.8,58.0,-0.08000000000000007,3.1900000000000004,9.489795269545535
0.73,Ideal,F,VS1,61.2,56.0,0.08000000000000007,2.2299999999999995,8.10967985843887
1.13,Ideal,E,SI1,62.2,55.0,-0.03000000000000025,2.54,8.761301206490236
0.7,Fair,E,VS2,60.6,64.0,0.14999999999999947,2.17,7.8129747877243485
0.3,Ideal,H,SI1,62.9,53.0,-0.02999999999999936,1.6099999999999994,6.086207878068138
1.0,Premium,E,SI2,62.7,58.0,0.07000000000000028,2.34,8.356580794635258
0.36,Premium,I,VS1,60.9,61.0,0.03000000000000025,1.7800000000000002,6.506298809669668
0.53,Ideal,H,SI2,61.6,54.0,-0.040000000000000036,2.03,6.9720326887879525
1.0,Ideal,D,SI1,62.7,57.0,-0.040000000000000036,2.3899999999999997,8.625899134150131
0.34,Ideal,F,VS1,62.1,57.0,0.040000000000000036,1.6900000000000004,6.78166458196453
0.3,Premium,I,VS1,60.5,60.0,-0.03000000000000025,1.7200000000000002,6.126190120865155
1.04,Premium,H,VVS1,60.4,58.0,0.04999999999999982,2.5700000000000003,8.806336402964101
1.23,Premium,H,SI2,61.2,57.0,0.02999999999999936,2.6500000000000004,8.58910681317223
0.33,Ideal,D,VS2,61.1,56.0,-0.040000000000000036,1.7800000000000002,6.577217159565725
0.74,Ideal,G,SI1,61.3,55.0,-0.010000000000000675,2.2700000000000005,7.916367979426769
1.21,Premium,H,VS2,60.5,60.0,0.04999999999999982,2.71,8.811474265735239
1.22,Ideal,H,SI1,61.8,57.0,0.019999999999999574,2.5999999999999996,8.765744728683316
1.09,Ideal,F,SI1,62.0,56.0,-0.020000000000000462,2.5200000000000005,8.67330323677113
1.11,Good,E,VS2,58.5,58.0,-0.07000000000000028,2.86,8.889497161999317
0.3,Ideal,G,VS1,62.6,57.0,0.020000000000000462,1.5899999999999994,6.483526727327687
1.0,Very Good,E,SI2,58.7,59.0,-0.08000000000000007,2.74,8.372277959574786
0.51,Ideal,D,VS2,62.3,57.0,0.03000000000000025,1.9099999999999997,7.429451783922846
0.51,Premium,F,SI1,59.4,61.0,0.04999999999999982,2.1,7.170708872022081
0.33,Ideal,G,IF,61.9,54.0,0.040000000000000036,1.67,6.904380491780835
0.32,Premium,H,SI1,60.9,60.0,0.02999999999999936,1.7100000000000004,6.365260390511553
0.24,Very Good,E,VVS2,63.9,53.0,-0.029999999999999805,1.44,6.220020366773095
1.72,Premium,G,VS1,59.4,60.0,0.040000000000000036,3.16,9.631249342553218
0.38,Premium,E,SI2,61.6,57.0,0.040000000000000036,1.7600000000000002,6.509795691801126
0.31,Very Good,G,IF,60.8,56.0,-0.03000000000000025,1.7500000000000004,6.700691612663724
1.01,Premium,I,SI2,61.9,58.0,0.040000000000000036,2.43,8.223575021486884
0.3,Ideal,E,VS2,62.0,56.0,0.03000000000000025,1.6299999999999994,6.558972298255339
1.54,Good,I,VS1,63.6,60.0,0.03000000000000025,2.6499999999999995,9.173144754438415
0.73,Premium,I,VVS2,61.5,58.0,-0.04999999999999982,2.24,7.8077628784973125
0.52,Very Good,J,SI1,62.5,59.0,-0.020000000000000462,1.94,6.832604433536251
0.5,Very Good,H,SI1,60.0,55.0,-0.03000000000000025,2.1000000000000005,6.863908759740756
1.05,Very Good,I,SI2,62.3,59.0,-0.040000000000000036,2.45,8.310403002142348
0.42,Very Good,F,SI1,62.3,56.0,-0.02999999999999936,1.8199999999999994,6.634462349187995
2.0,Ideal,F,SI2,61.6,57.0,0.0600000000000005,3.09,9.581154561812633
0.72,Very Good,E,VS2,59.8,57.0,-0.04999999999999982,2.38,8.041005647853801
0.96,Good,G,SI1,57.6,59.0,-0.02999999999999936,2.7899999999999996,8.266553525437807
0.44,Ideal,G,VVS1,61.3,56.0,-0.019999999999999574,1.92,7.08093859285269
1.72,Premium,H,VS2,61.3,59.0,0.02999999999999936,2.9700000000000006,9.46176222395284
0.25,Very Good,G,VS2,63.0,54.0,-0.019999999999999574,1.5099999999999998,6.062897980557692
2.26,Very Good,H,SI2,63.3,59.0,0.08999999999999986,3.01,9.577107598241128
0.31,Ideal,D,VS2,62.1,54.0,0.040000000000000036,1.6400000000000001,6.734509635408721
1.2,Very Good,F,VVS1,59.8,63.0,0.020000000000000462,2.7299999999999995,9.361596508889944
0.76,Very Good,I,SI1,62.0,58.0,-0.0600000000000005,2.2600000000000002,7.739703768115726
1.01,Ideal,G,VS2,60.8,59.0,0.019999999999999574,2.54,8.73904493580934
0.71,Ideal,E,VS1,62.2,55.0,0.040000000000000036,2.14,8.057257115149037
0.59,Premium,H,VVS1,62.0,58.0,-0.019999999999999574,2.05,7.641622852299214
1.5,Very Good,F,SI1,63.4,60.0,-0.0699999999999994,2.6799999999999997,9.310899406066145
1.03,Fair,H,SI2,67.0,61.0,0.08000000000000007,2.01,8.117353929880391
1.31,Premium,J,SI1,59.4,60.0,0.0600000000000005,2.8499999999999996,8.601022229886281
0.31,Ideal,D,VS2,61.3,57.0,-0.04999999999999982,1.7200000000000002,6.533719449913189
0.71,Very Good,G,SI1,63.4,56.0,-0.040000000000000036,2.09,7.772660449909562
1.01,Premium,G,VS2,61.6,61.0,0.09999999999999964,2.41,8.680550205070038
0.94,Very Good,G,SI2,62.3,59.0,-0.05999999999999961,2.38,8.15497142406717
0.83,Ideal,F,SI2,62.3,55.0,-0.03000000000000025,2.29,7.98688522018502
2.37,Premium,I,VS2,61.6,56.0,0.09999999999999964,3.2699999999999996,9.69570472374218
0.3,Ideal,G,VS2,62.0,56.0,-0.019999999999999574,1.6399999999999997,6.260745062041327
0.8,Fair,H,VS2,65.3,58.0,0.04999999999999982,1.9700000000000006,7.873520499182853
0.57,Very Good,G,SI1,61.1,57.0,-0.02999999999999936,2.09,7.262762553051617
0.41,Ideal,F,VS2,60.9,57.0,0.040000000000000036,1.8400000000000003,6.895619196994094
0.72,Very Good,F,SI2,58.5,60.0,-0.0699999999999994,2.4799999999999995,7.777507369210464
0.34,Very Good,F,VVS1,61.3,57.0,-0.02999999999999936,1.7599999999999998,6.767361830619908
1.5,Premium,I,SI1,58.6,62.0,0.03000000000000025,3.0699999999999994,9.054218002897274
1.47,Premium,J,VS2,61.5,58.0,0.019999999999999574,2.8,8.86091938194615
0.5,Premium,G,SI1,62.8,61.0,0.019999999999999574,1.85,6.9743167975922535
0.27,Premium,E,VS1,60.2,59.0,-0.040000000000000036,1.7000000000000002,6.2466688105261055
0.42,Very Good,G,VS2,60.1,61.0,-0.07000000000000028,1.9600000000000004,6.7168603217418905
0.62,Very Good,I,VVS1,63.1,58.0,-0.040000000000000036,2.0200000000000005,7.565734230290003
0.42,Ideal,G,VVS1,62.0,56.0,0.03000000000000025,1.8199999999999994,7.10617248169937
1.24,Premium,F,VS1,60.1,59.0,-0.02999999999999936,2.8099999999999996,9.194664116922443
0.76,Ideal,E,SI1,61.2,56.0,-0.03000000000000025,2.3000000000000003,8.059267137148275
1.05,Premium,E,IF,59.8,59.0,0.03000000000000025,2.65,9.310097256039017
1.2,Ideal,H,VS2,62.2,55.0,-0.08999999999999986,2.619999999999999,8.864066714629285
0.57,Very Good,E,SI1,60.3,57.0,-0.0600000000000005,2.16,7.374197776728619
0.37,Ideal,E,VS2,60.1,59.0,-0.040000000000000036,1.88,6.632903474221858
1.13,Premium,H,VS2,62.4,58.0,0.04999999999999982,2.4700000000000006,8.697171801867471
1.0,Good,D,SI2,63.9,56.0,0.05000000000000071,2.25,8.33248087221526
1.22,Ideal,H,VVS2,61.7,56.0,-0.040000000000000036,2.6399999999999997,9.054636777059665
0.57,Ideal,H,SI1,62.1,57.0,0.020000000000000462,2.0,7.200452033068112
0.73,Fair,F,VS1,58.6,66.0,0.040000000000000036,2.42,8.01887946903891
1.55,Ideal,H,IF,61.4,57.0,-0.04999999999999982,2.8999999999999995,9.455931091861554
0.53,Ideal,G,VS1,61.2,55.0,-0.02999999999999936,2.05,7.471064029547464
1.58,Premium,G,VS1,60.8,58.0,0.0600000000000005,2.9299999999999997,9.544818782173275
1.0,Premium,F,VVS2,61.9,61.0,0.1299999999999999,2.37,9.005852806234273
0.7,Ideal,I,VVS1,61.5,57.0,-0.03000000000000025,2.23,7.827059887954531
0.7,Good,F,SI1,63.1,56.0,-0.03000000000000025,2.1,7.739437344556583
1.11,Very Good,J,SI1,63.3,61.0,0.0699999999999994,2.3600000000000003,8.292361625803947
1.21,Very Good,H,SI1,62.8,56.0,-0.03000000000000025,2.55,8.69962655868566
0.28,Ideal,E,VVS2,62.1,56.0,-0.019999999999999574,1.6,6.420272104445897
0.63,Premium,F,VS2,61.5,59.0,0.03000000000000025,2.11,7.681445808491221
1.51,Good,G,SI2,63.7,57.0,0.07000000000000028,2.59,9.014552350290971
0.5,Very Good,F,SI2,63.1,60.0,-0.040000000000000036,1.87,6.7665425843855225
1.51,Good,H,VS2,63.6,61.0,0.04999999999999982,2.54,9.199399873378367
0.32,Ideal,E,VS2,61.4,56.0,0.040000000000000036,1.69,6.714424394975231
1.07,Ideal,H,SI2,61.8,56.0,-0.04999999999999982,2.55,8.430473071586942
1.58,Premium,H,SI1,61.5,59.0,0.019999999999999574,2.8600000000000003,9.271264364189884
0.36,Premium,H,VS2,60.0,62.0,0.040000000000000036,1.8200000000000003,6.567724830502216
0.55,Ideal,D,VVS2,60.8,56.0,-0.03000000000000025,2.0900000000000003,7.825858290263711
0.28,Premium,E,VVS1,61.3,60.0,0.03000000000000025,1.6099999999999999,6.619631975005116
0.54,Very Good,D,SI1,60.3,61.0,-0.03000000000000025,2.11,7.3036522902198495
0.5,Very Good,E,VVS2,62.0,55.0,-0.03000000000000025,1.9500000000000002,7.430985021656181
0.32,Good,E,SI1,63.2,56.0,-0.03000000000000025,1.62,6.289344356788174
0.91,Very Good,G,SI2,63.3,57.0,0.040000000000000036,2.22,8.069355579941485
0.9,Very Good,H,VVS2,60.3,61.0,-0.03000000000000025,2.49,8.471786751471944
0.72,Very Good,F,VS1,62.2,57.0,-0.040000000000000036,2.18,7.9915258529695
2.23,Premium,I,VS2,61.2,58.0,0.07000000000000028,3.2199999999999998,9.67704650869594
1.21,Ideal,F,VVS1,59.8,60.0,0.0600000000000005,2.75,9.412089079895448
1.0,Ideal,H,SI1,60.3,56.0,-0.020000000000000462,2.6,8.478669230384957
0.31,Premium,D,SI2,61.5,60.0,0.03000000000000025,1.6499999999999995,6.393446381535221
2.3,Ideal,J,VS2,62.4,56.0,-0.05000000000000071,3.21,9.614218992803861
0.42,Ideal,D,VS1,61.5,54.0,-0.04999999999999982,1.88,6.959360565865929
0.92,Good,E,SI1,63.3,57.0,-0.04999999999999982,2.3,8.316572621094618
0.61,Ideal,F,VS1,62.3,55.0,-0.03000000000000025,2.08,7.718797326101563
1.51,Very Good,E,SI1,61.4,60.0,-0.08000000000000007,2.87,9.375899402995326
0.42,Ideal,D,VS1,62.1,56.0,0.040000000000000036,1.8000000000000003,7.060056650745553
1.01,Premium,G,SI1,59.9,56.0,0.14999999999999947,2.54,8.507355960461048
0.33,Ideal,H,IF,62.1,54.0,-0.040000000000000036,1.7100000000000004,6.7077786404836
0.7,Good,I,SI1,63.8,57.0,0.03000000000000025,2.03,7.5396213008651065
0.3,Premium,G,VVS1,62.6,58.0,0.020000000000000462,1.5899999999999994,6.600440393771512
0.33,Premium,E,SI1,61.1,58.0,-0.040000000000000036,1.7499999999999996,6.381280706623311
0.9,Premium,F,SI1,61.2,59.0,0.03000000000000025,2.3800000000000003,8.302113148263867
0.31,Ideal,E,VS2,61.9,55.0,-0.040000000000000036,1.6799999999999997,6.492952746049459
1.62,Good,J,SI2,64.2,62.0,0.08000000000000007,2.5999999999999996,8.890983898632406
0.53,Ideal,H,VS1,61.9,55.0,-0.03000000000000025,1.9899999999999998,7.30272681635203
0.26,Good,D,VS1,58.4,63.0,-0.04999999999999982,1.7800000000000002,6.112736071351093
0.71,Ideal,D,VS1,61.5,58.0,-0.019999999999999574,2.2299999999999995,8.163999052479813
1.51,Ideal,G,VS1,62.8,56.0,0.04999999999999982,2.6800000000000006,9.529996816580136
2.01,Premium,F,SI2,58.4,59.0,0.019999999999999574,3.42,9.5480480815802
0.32,Premium,H,VS2,61.0,60.0,-0.0600000000000005,1.7400000000000002,6.28630591529423
0.29,Good,E,VVS2,62.7,61.0,-0.019999999999999574,1.5799999999999996,6.358139980412411
1.7,Premium,G,VVS2,59.8,59.0,-0.04999999999999982,3.13,9.631159523277038
0.7,Ideal,F,VS2,61.6,57.0,0.04999999999999982,2.18,7.8458662633735266
1.6,Premium,G,SI1,62.2,58.0,0.05999999999999961,2.79,9.374924706864132
0.33,Very Good,H,SI2,63.5,57.0,0.02999999999999936,1.5800000000000005,6.153859000101191
2.02,Premium,H,SI1,61.1,60.0,0.08000000000000007,3.129999999999999,9.64997630781681
0.42,Ideal,G,SI2,60.7,57.0,0.03000000000000025,1.8899999999999997,6.604912323896273
0.41,Ideal,F,VS2,62.7,57.0,-0.04999999999999982,1.8000000000000003,6.764603658746823
0.73,Ideal,H,VVS2,61.6,56.0,-0.04999999999999982,2.26,8.023382924462556
1.05,Premium,E,SI2,62.3,56.0,0.07000000000000028,2.42,8.405991772955689
0.4,Good,I,VVS1,63.9,56.0,0.040000000000000036,1.6599999999999997,6.8219671155617485
0.33,Ideal,D,SI1,62.8,55.0,0.040000000000000036,1.6300000000000003,6.60142463532262
1.06,Very Good,E,VS1,63.0,58.0,-0.03000000000000025,2.41,8.982927172966043
0.56,Very Good,E,VVS2,62.1,58.0,-0.0600000000000005,2.0300000000000002,7.731486305668655
0.71,Good,I,VS1,64.2,57.0,0.04999999999999982,1.9800000000000004,7.71201596385688
0.37,Premium,E,VS2,61.0,59.0,-0.05000000000000071,1.8300000000000005,6.6355096746103515
0.54,Premium,E,VS2,59.2,58.0,-0.02999999999999936,2.1899999999999995,7.511986757213481
0.31,Premium,H,VVS1,60.6,59.0,0.019999999999999574,1.7100000000000004,6.6873317727179575
0.92,Premium,G,SI1,61.5,60.0,0.0699999999999994,2.3600000000000003,8.261772688279951
0.73,Ideal,D,VS1,61.9,55.0,-0.02999999999999936,2.2199999999999998,8.196940994805129
1.54,Ideal,H,SI2,60.9,56.0,0.020000000000000462,2.8999999999999995,9.084211245492968
0.9,Very Good,J,VVS1,60.4,60.0,-0.04999999999999982,2.5000000000000004,8.28258550887226
0.57,Ideal,F,SI2,62.2,53.0,-0.0600000000000005,2.0600000000000005,7.192880710187147
1.04,Premium,F,VS2,59.6,62.0,0.0600000000000005,2.6299999999999994,8.770258636743334
0.3,Premium,G,VS2,62.2,60.0,0.009999999999999787,1.6,6.4485495230514385
0.51,Ideal,F,VS2,61.0,57.0,0.04999999999999982,1.9800000000000004,7.362622875539849
1.51,Ideal,D,VS2,60.9,57.0,-0.03000000000000025,2.92,9.60483354548597
0.57,Premium,G,VS1,60.2,57.0,0.04999999999999982,2.12,7.536064084872543
1.02,Ideal,D,SI1,62.3,57.0,-0.03000000000000025,2.4400000000000004,8.661346711609577
1.22,Ideal,H,VVS2,61.8,57.0,-0.040000000000000036,2.6399999999999997,9.047615566277226
0.31,Very Good,G,VS1,60.8,61.0,-0.019999999999999574,1.7099999999999995,6.391251259518059
0.56,Ideal,D,VS2,61.2,56.0,-0.07000000000000028,2.11,7.5641147213528
0.58,Ideal,E,SI2,62.8,56.0,-0.07000000000000028,2.02,7.211939995482899
0.71,Very Good,D,VS2,63.0,57.0,-0.03000000000000025,2.12,7.997804232425469
0.33,Ideal,E,VS2,60.3,57.0,-0.03000000000000025,1.81,6.525717257304636
0.5,Fair,E,VS1,56.1,64.0,0.02999999999999936,2.31,7.38135665010883
0.3,Premium,D,SI1,61.6,58.0,0.03000000000000025,1.6400000000000001,6.445101335675046
1.11,Premium,G,VS2,61.0,59.0,0.03000000000000025,2.59,8.83862493449122
0.7,Premium,G,SI2,61.0,58.0,0.03000000000000025,2.2199999999999998,7.64557810591584
1.24,Premium,E,SI2,60.8,57.0,0.040000000000000036,2.71,8.682132691109995
0.33,Ideal,E,SI1,62.0,54.0,0.019999999999999574,1.67,6.571360771560887
1.0,Premium,E,SI2,61.7,58.0,0.04999999999999982,2.4099999999999997,8.37180619445603
0.3,Ideal,F,IF,61.3,55.0,-0.040000000000000036,1.7000000000000002,6.590189610035042
0.35,Premium,H,VS2,59.6,62.0,0.04999999999999982,1.83,6.506248719341014
1.0,Very Good,G,VVS1,60.7,58.0,-0.07000000000000028,2.5900000000000003,8.970466678222845
0.42,Very Good,D,SI2,60.8,59.0,-0.0600000000000005,1.9100000000000001,6.580929767570343
0.61,Ideal,J,VS2,59.7,59.0,0.07000000000000028,2.1799999999999997,7.20317531368073
0.54,Premium,J,VS2,62.6,58.0,0.05999999999999961,1.9100000000000001,7.045266665112452
0.74,Premium,D,SI2,61.8,59.0,0.019999999999999574,2.22,7.842177966550078
0.51,Premium,E,VS1,62.3,56.0,0.009999999999999787,1.9299999999999997,7.483500607629609
0.38,Good,I,SI1,63.7,57.0,0.05999999999999961,1.6400000000000001,6.364417421656772
0.9,Very Good,D,SI1,61.8,61.0,-0.040000000000000036,2.3800000000000003,8.379006749106864
0.5,Good,E,VVS2,64.8,58.0,-0.03000000000000025,1.77,7.375361926420434
0.71,Ideal,F,SI2,60.7,57.0,-0.02999999999999936,2.2899999999999996,7.82241457079832
0.8,Ideal,E,SI2,60.8,56.0,0.009999999999999787,2.3499999999999996,8.01575858149566
1.02,Premium,E,SI2,58.7,59.0,0.040000000000000036,2.7,8.372395733809475
0.4,Premium,E,VS1,62.4,54.0,0.040000000000000036,1.7599999999999998,6.990079138567328
0.39,Ideal,G,VS1,62.0,55.0,-0.04999999999999982,1.81,6.746893338061283
0.45,Premium,J,SI2,60.9,57.0,0.04999999999999982,1.8500000000000005,6.4815988242533
0.71,Premium,F,VS2,59.6,59.0,0.040000000000000036,2.3199999999999994,7.969583246467936
0.51,Ideal,G,VVS2,62.2,53.4,-0.040000000000000036,1.9600000000000004,7.461599254285294
0.5,Premium,D,SI1,62.3,58.0,0.03000000000000025,1.8900000000000001,7.101362476100332
0.3,Premium,D,IF,62.1,59.0,0.020000000000000462,1.6099999999999994,6.953568397869238
1.09,Premium,G,VS2,60.9,56.0,0.03000000000000025,2.5999999999999996,8.831913344267804
0.24,Ideal,F,VS2,61.8,57.0,-0.020000000000000018,1.5300000000000002,6.171529595471996
0.43,Premium,H,SI1,61.5,58.0,0.0600000000000005,1.8299999999999996,6.685590799064919
0.54,Ideal,I,SI1,62.0,55.0,-0.040000000000000036,2.01,6.971465042722107
0.72,Premium,D,VVS2,60.0,57.0,0.08000000000000007,2.31,8.334426145489275
1.33,Premium,G,VS1,60.2,60.0,0.08000000000000007,2.8100000000000005,9.1629063710883
1.0,Premium,G,VS1,62.4,60.0,0.019999999999999574,2.39,8.752919636944169
0.32,Good,E,VS1,59.5,64.0,-0.03000000000000025,1.81,6.445557539397157
0.36,Good,H,VS2,63.7,55.0,0.02999999999999936,1.62,6.548165815051664
0.27,Ideal,I,VS1,61.3,57.0,-0.03000000000000025,1.6300000000000003,6.056864807586142
0.74,Ideal,I,IF,62.1,53.9,-0.019999999999999574,2.2099999999999995,7.942978653674656
0.3,Ideal,G,VVS2,62.6,53.0,-0.040000000000000036,1.6399999999999997,6.397411877175805
2.05,Very Good,H,SI2,63.1,58.0,0.05000000000000071,2.9299999999999997,9.577107598241128
0.65,Ideal,H,IF,61.5,55.0,-0.020000000000000462,2.17,7.862142279694669
0.4,Ideal,F,VVS1,61.4,56.0,-0.040000000000000036,1.8699999999999997,7.038275153208731
0.81,Very Good,G,SI1,62.5,60.0,-0.05000000000000071,2.2500000000000004,7.969117718748869
0.6,Premium,D,SI2,61.4,56.0,0.019999999999999574,2.08,7.2983707126113115
0.31,Very Good,E,SI1,58.3,60.0,-0.02999999999999936,1.8899999999999997,6.2399568699247085
1.18,Premium,G,SI2,60.5,60.0,0.07000000000000028,2.67,8.508457118969023
1.06,Premium,I,SI1,62.9,60.0,0.040000000000000036,2.37,8.401899718039688
0.41,Ideal,F,VS2,60.8,56.0,0.009999999999999787,1.88,6.899087811317851
0.73,Ideal,D,VS2,60.7,57.0,-0.040000000000000036,2.33,8.15500349160239
0.47,Premium,E,SI1,60.2,61.0,0.08999999999999986,1.94,6.978834242054246
0.31,Ideal,H,VS1,62.0,54.0,-0.040000000000000036,1.6799999999999997,6.311667430052613
0.74,Premium,D,VS1,62.7,56.0,0.03000000000000025,2.1399999999999997,8.104771261362005
0.5,Ideal,G,VS1,62.0,55.0,0.0600000000000005,1.9,7.247422828650074
0.32,Ideal,H,VVS2,61.2,56.0,0.02999999999999936,1.7000000000000002,6.642482225746705
0.37,Premium,I,VVS1,61.6,59.0,-0.040000000000000036,1.8000000000000003,6.560849291794273
1.22,Premium,I,SI2,61.7,59.0,0.040000000000000036,2.59,8.514691693091299
0.71,Premium,G,SI1,58.9,62.0,0.08999999999999986,2.37,7.840643837113141
1.11,Premium,E,SI2,61.6,61.0,0.04999999999999982,2.5200000000000005,8.444989733527223
0.33,Ideal,F,VVS1,62.5,54.0,-0.03000000000000025,1.6800000000000002,6.794108235768973
0.35,Ideal,F,VS2,62.6,56.0,0.02999999999999936,1.6700000000000004,6.721465819955035
0.34,Ideal,E,VS2,62.1,54.0,0.019999999999999574,1.7000000000000002,6.770323923552284
0.51,Premium,D,VS2,62.0,60.0,-0.04999999999999982,1.96,7.348555315548837
0.34,Premium,H,SI1,62.1,59.0,-0.040000000000000036,1.7200000000000002,6.247036201346409
0.37,Premium,F,SI1,61.5,59.0,-0.03000000000000025,1.79,6.456351662077731
0.41,Good,F,VVS1,63.9,56.0,-0.03000000000000025,1.7200000000000002,6.989505640463069
0.75,Very Good,J,SI1,61.7,56.0,-0.11000000000000032,2.3,7.642435694493289
1.0,Good,D,SI1,63.8,53.0,-0.05000000000000071,2.33,8.570803207141378
0.41,Very Good,F,SI1,62.3,60.0,-0.04999999999999982,1.8200000000000003,6.6068560205900635
1.52,Good,J,SI1,63.6,60.0,-0.040000000000000036,2.6500000000000004,8.923023786945567
1.02,Very Good,F,SI1,60.9,57.0,-0.040000000000000036,2.5799999999999996,8.616055314750593
0.9,Premium,F,SI1,62.8,59.0,0.03000000000000025,2.27,8.26912725751469
0.38,Ideal,I,VVS2,62.0,55.0,-0.05000000000000071,1.8000000000000003,6.526275030916183
1.05,Good,E,I1,64.1,58.0,0.13999999999999968,2.2300000000000004,7.9520782000444505
0.72,Ideal,E,VVS1,61.6,56.0,-0.019999999999999574,2.2199999999999998,8.308706379645598
1.68,Ideal,E,SI2,60.4,55.0,0.08999999999999986,3.0200000000000005,9.294152998778383
4.01,Premium,I,I1,61.0,61.0,0.040000000000000924,3.9299999999999997,9.39114402424281
0.3,Very Good,D,VS1,60.1,58.0,-0.020000000000000462,1.75,6.363797873347252
1.1,Ideal,J,SI1,62.2,55.0,-0.03000000000000025,2.5200000000000005,8.373616521886657
0.58,Ideal,D,VVS2,62.1,57.0,-0.08000000000000007,2.0800000000000005,7.8628981844539405
0.3,Ideal,E,VS2,61.3,57.0,-0.040000000000000036,1.69,6.358182112759807
1.21,Very Good,G,VVS2,60.4,56.0,0.04999999999999982,2.7199999999999998,9.1905619170368
0.83,Premium,F,VS2,62.0,59.0,0.040000000000000036,2.25,8.157042212975124
1.02,Very Good,F,SI2,59.9,62.0,-0.03000000000000025,2.6300000000000003,8.398411697042805
0.73,Ideal,F,SI2,59.6,56.0,0.040000000000000036,2.3499999999999996,7.804368584873635
0.56,Ideal,F,VS2,62.6,55.0,0.040000000000000036,1.9500000000000002,7.425433807316873
0.93,Ideal,H,SI1,61.7,55.0,-0.03000000000000025,2.42,8.258363156611106
0.71,Ideal,G,SI2,61.3,55.0,-0.03000000000000025,2.25,7.769391430355907
0.58,Ideal,F,SI1,62.3,54.0,-0.02999999999999936,2.0399999999999996,7.313548798516746
0.7,Good,H,VS2,59.1,65.0,-0.09999999999999964,2.4199999999999995,7.7362866160835555
0.45,Premium,G,VVS1,60.8,58.0,0.0600000000000005,1.9100000000000001,7.148133205290417
1.0,Very Good,G,VVS2,60.3,62.0,-0.040000000000000036,2.5700000000000003,8.874556084839124
1.04,Premium,F,VS2,60.1,59.0,0.05000000000000071,2.5999999999999996,8.804602460793507
0.33,Ideal,G,VS2,61.2,55.0,-0.05999999999999961,1.7699999999999996,6.416441061644651
0.72,Good,H,SI2,64.1,58.0,-0.02999999999999936,2.05,7.579866945262398
1.03,Ideal,F,IF,63.1,55.0,-0.009999999999999787,2.3899999999999997,9.221531696108267
0.45,Good,G,VVS1,64.0,57.0,0.040000000000000036,1.7200000000000002,7.09115759148645
0.51,Premium,G,VVS1,60.2,58.0,-0.040000000000000036,2.1,7.5785476716080815
1.01,Premium,H,VS2,61.3,59.0,-0.040000000000000036,2.5100000000000002,8.558656038960075
0.56,Very Good,E,SI1,60.2,57.0,-0.040000000000000036,2.16,7.330985818160111
0.74,Ideal,G,VVS1,62.1,56.0,-0.040000000000000036,2.22,8.159634331338662
1.06,Ideal,D,SI1,61.5,56.0,0.03000000000000025,2.51,8.71089262041953
1.01,Good,F,SI1,63.5,57.0,-0.040000000000000036,2.3200000000000003,8.511721435710479
0.53,Premium,D,VS2,60.2,58.0,0.02999999999999936,2.0700000000000003,7.556961937166703
0.5,Ideal,D,VVS2,61.9,55.1,-0.02999999999999936,1.9499999999999997,7.528893160362124
0.3,Ideal,G,VS2,61.3,56.0,-0.04999999999999982,1.69,6.260745062041327
1.02,Fair,J,SI1,66.8,55.0,0.07000000000000028,2.0299999999999994,8.073237488986306
1.51,Very Good,E,SI2,63.2,56.0,0.0600000000000005,2.6499999999999995,9.104067099338742
1.03,Ideal,D,SI1,59.9,57.0,-0.0699999999999994,2.6999999999999997,8.694048239522504
0.38,Very Good,D,SI1,58.9,61.0,-0.040000000000000036,1.98,6.522518039905511
0.32,Very Good,J,VS1,60.6,59.0,-0.040000000000000036,1.77,6.105382950609373
0.7,Premium,G,VS2,61.7,58.0,-0.05000000000000071,2.2100000000000004,7.822190018477165
2.22,Fair,H,I1,70.1,55.0,0.02999999999999936,2.3,8.86172677825963
1.0,Very Good,G,VVS2,63.1,58.0,0.040000000000000036,2.3200000000000003,8.853334404703231
0.51,Very Good,E,SI1,62.8,56.0,-0.08000000000000007,1.9400000000000004,7.086062002204469
1.11,Good,I,VVS2,60.1,64.0,0.11000000000000032,2.6000000000000005,8.705689136022908
1.21,Premium,H,SI1,61.8,58.0,0.040000000000000036,2.58,8.693390606273407
0.65,Ideal,E,SI1,61.8,55.0,-0.02999999999999936,2.1499999999999995,7.640476628596636
1.0,Premium,F,VS2,61.9,59.0,0.040000000000000036,2.4,8.697563948406357
0.34,Ideal,D,VS2,62.0,54.0,-0.03999999999999915,1.7299999999999995,6.6310759960705425
0.51,Ideal,G,VS2,61.6,56.0,-0.04999999999999982,1.9999999999999996,7.258254131197603
0.5,Very Good,G,VS2,62.0,57.0,-0.08000000000000007,1.9700000000000002,7.086145325658608
0.43,Ideal,F,VVS2,61.8,57.0,0.019999999999999574,1.8399999999999999,7.106978937853217
0.72,Very Good,G,SI2,59.7,56.0,-0.05999999999999961,2.3899999999999997,7.756017392352276
0.75,Good,E,VS2,59.7,65.0,0.04999999999999982,2.32,8.00706666887532
0.7,Very Good,I,VVS1,58.8,61.0,-0.040000000000000036,2.41,7.842318224935004
1.0,Very Good,E,SI1,63.1,57.0,-0.02999999999999936,2.37,8.568457032101811
0.51,Ideal,D,VS2,62.4,55.0,-0.02999999999999936,1.9399999999999995,7.3580421065786155
0.71,Very Good,E,SI2,62.2,58.0,-0.04999999999999982,2.1700000000000004,7.751052427123687
1.02,Ideal,H,I1,62.1,56.0,0.04999999999999982,2.41,8.02271538467264
0.7,Ideal,I,SI1,61.9,58.0,-0.03000000000000025,2.18,7.57867650654229
0.7,Very Good,H,SI1,62.7,56.0,-0.020000000000000462,2.1,7.666610798927027
0.3,Ideal,G,VVS2,61.1,57.0,-0.02999999999999936,1.6999999999999997,6.397776277135782
1.27,Ideal,F,SI2,62.0,55.0,-0.04999999999999982,2.6500000000000004,8.761584507267282
1.34,Ideal,J,SI2,62.5,57.0,-0.08000000000000007,2.6799999999999997,8.55768318311222
0.41,Ideal,E,VS2,62.2,56.0,0.04999999999999982,1.7799999999999998,6.949642165473554
0.43,Ideal,I,VS2,61.8,55.0,-0.040000000000000036,1.88,6.583006171018104
0.38,Very Good,D,VS2,61.0,58.0,-0.04999999999999982,1.87,6.675083427098175
1.53,Very Good,F,VS1,60.3,58.0,-0.02999999999999936,2.99,9.608789781240409
0.7,Ideal,F,VVS1,62.7,54.0,-0.040000000000000036,2.14,8.125484646585209
1.53,Very Good,E,SI2,63.1,59.0,0.16999999999999993,2.5999999999999996,9.106013688047637
0.51,Ideal,G,VVS2,62.4,56.0,-0.03000000000000025,1.94,7.461599254285294
1.01,Fair,I,SI2,66.1,58.0,0.16999999999999993,1.9900000000000002,8.0563828743163
0.79,Very Good,E,VVS1,63.1,60.0,0.040000000000000036,2.1399999999999997,8.308454298726845
2.14,Premium,I,VS2,60.7,59.0,-0.05000000000000071,3.29,9.674507916477424
2.15,Good,G,SI2,63.8,58.0,0.15000000000000036,2.88,9.552894840796556
0.43,Ideal,D,VS2,62.0,55.0,-0.05000000000000071,1.8600000000000003,6.909948426093351
0.75,Premium,E,SI1,61.1,59.0,0.03000000000000025,2.2600000000000002,7.978368314779032
1.21,Ideal,I,VVS2,61.3,56.0,-0.040000000000000036,2.67,8.92449777988461
1.5,Fair,F,VVS2,64.7,53.0,0.0699999999999994,2.5,9.602740842613626
1.59,Ideal,I,VS2,61.1,55.0,0.05999999999999961,2.8900000000000006,9.23811167989792
1.02,Premium,H,SI2,62.6,58.0,0.040000000000000036,2.380000000000001,8.30086864739054
1.11,Ideal,G,VS1,62.6,57.0,0.04999999999999982,2.45,8.912820980333139
0.79,Ideal,H,SI1,61.4,56.0,-0.03000000000000025,2.31,7.9163471015125335
1.01,Good,D,SI2,63.6,57.0,0.040000000000000036,2.3,8.366843243452047
0.44,Ideal,E,VS2,61.9,55.0,0.02999999999999936,1.8400000000000003,6.978239499684236
0.7,Ideal,H,VS2,61.2,56.0,-0.03000000000000025,2.24,7.805767346966133
1.51,Ideal,D,SI1,62.0,56.0,-0.040000000000000036,2.8199999999999994,9.412026084717455
1.01,Premium,F,VS2,63.0,58.0,0.0699999999999994,2.33,8.728731435219153
0.84,Premium,E,VS1,59.7,59.0,0.03000000000000025,2.46,8.343760916531744
0.32,Ideal,G,VS1,61.2,56.0,0.040000000000000036,1.7000000000000002,6.63745596716803
1.2,Ideal,G,SI2,61.1,57.0,-0.03000000000000025,2.6800000000000006,8.631139936250818
0.57,Very Good,H,VVS2,62.2,56.0,-0.02999999999999936,2.0399999999999996,7.518913841654794
0.55,Ideal,G,VS2,61.8,58.0,-0.02999999999999936,2.0199999999999996,7.3634296776933645
1.0,Premium,F,SI2,59.3,62.0,0.0600000000000005,2.5999999999999996,8.310940625920804
1.0,Very Good,F,VS1,62.6,57.0,-0.07000000000000028,2.42,8.842992428746875
0.31,Ideal,G,IF,61.0,56.0,-0.009999999999999787,1.71,6.7414354065122755
0.51,Fair,E,SI1,64.8,58.0,0.05000000000000071,1.7499999999999996,7.101231385367964
1.01,Ideal,G,VVS2,62.4,59.0,-0.07000000000000028,2.43,8.922641177964454
0.76,Ideal,H,VVS1,61.9,54.0,-0.03000000000000025,2.2600000000000002,8.1397058775651
0.31,Ideal,D,SI1,61.8,57.0,-0.040000000000000036,1.6800000000000002,6.377780319002197
1.51,Very Good,H,SI2,60.4,59.0,-0.03000000000000025,2.8999999999999995,9.077632033712392
1.03,Premium,G,I1,60.8,57.0,0.040000000000000036,2.5399999999999996,8.004394520374316
1.14,Premium,H,VS2,60.2,58.0,0.0699999999999994,2.66,8.704718257019621
1.07,Very Good,H,SI2,61.8,63.0,0.10000000000000053,2.4399999999999995,8.32554870025356
0.6,Ideal,I,SI2,62.2,54.0,-0.040000000000000036,2.0700000000000003,7.095781696328089
0.44,Premium,G,SI1,61.9,58.0,0.040000000000000036,1.83,6.770409929892915
1.04,Premium,I,SI1,62.5,62.0,0.0600000000000005,2.38,8.355232555488243
1.51,Premium,D,SI1,61.1,60.0,0.04999999999999982,2.83,9.374660254480785
1.03,Very Good,G,VS2,62.3,57.0,-0.08000000000000007,2.4799999999999995,8.74784815122313
1.06,Very Good,D,VVS1,61.8,57.0,-0.02999999999999936,2.4899999999999993,9.389352098698792
0.9,Good,E,SI2,63.6,59.0,-0.040000000000000036,2.23,8.149347691939237
0.41,Ideal,G,VS1,60.8,56.0,0.03000000000000025,1.87,6.9066571565648935
0.31,Ideal,G,VS1,62.5,57.0,-0.03000000000000025,1.65,6.4359299615135
1.18,Very Good,F,VVS2,60.1,58.0,-0.040000000000000036,2.7699999999999996,9.289216682219005
2.2,Premium,H,SI2,61.5,58.0,0.05999999999999872,3.200000000000001,9.57370219377797
0.51,Premium,D,SI1,60.1,60.0,0.040000000000000036,2.0399999999999996,7.270202787021232
1.01,Ideal,G,VS1,61.8,57.0,0.04999999999999982,2.43,8.804175712464207
2.14,Ideal,E,SI2,62.7,55.0,0.049999999999998934,3.0500000000000007,9.619979439934232
0.31,Very Good,G,VS1,63.0,57.0,-0.040000000000000036,1.6100000000000003,6.395561851471675
0.55,Premium,D,SI1,62.7,59.0,-0.03000000000000025,1.9700000000000002,7.291052823098327
0.33,Ideal,F,VVS1,61.9,56.0,-0.04999999999999982,1.7199999999999998,6.794108235768973
0.91,Premium,D,SI2,61.2,58.0,0.040000000000000036,2.4,8.22289097619144
0.54,Premium,F,IF,61.9,60.0,0.04999999999999982,1.9699999999999998,7.775407048197893
0.32,Ideal,H,VVS2,62.0,55.0,0.03000000000000025,1.6599999999999997,6.642482225746705
0.35,Ideal,E,VS2,62.2,56.0,-0.020000000000000462,1.7200000000000002,6.59067369216679
1.1,Ideal,F,I1,61.3,57.0,0.05999999999999961,2.54,8.152814357742953
0.9,Good,E,SI2,63.4,62.0,-0.019999999999999574,2.2099999999999995,8.13922133431801
1.21,Premium,F,VS2,60.1,55.0,0.09999999999999964,2.7300000000000004,9.061042327538454
1.03,Fair,G,SI1,66.1,56.0,0.05999999999999961,2.08,8.333514175491205
0.41,Very Good,E,SI2,63.5,55.0,0.040000000000000036,1.7000000000000002,6.613803593746457
0.26,Very Good,H,VS1,62.0,56.0,-0.03000000000000025,1.5700000000000003,6.074138879614165
0.57,Ideal,G,VS1,62.1,56.0,-0.03000000000000025,2.04,7.506205716728697
0.9,Very Good,F,VS2,63.2,59.0,0.040000000000000036,2.21,8.412264389690574
1.18,Very Good,E,I1,59.9,63.0,0.04999999999999982,2.71,8.252331539282137
0.54,Premium,E,SI1,62.2,58.0,0.02999999999999936,1.9700000000000006,7.2927318066957785
0.41,Premium,G,VS1,61.9,58.0,0.03000000000000025,1.7999999999999998,6.893682715926222
0.77,Ideal,D,SI2,60.6,56.0,0.04999999999999982,2.3100000000000005,7.951883039643306
0.32,Ideal,G,SI2,62.5,55.0,0.03000000000000025,1.63,6.301097223963204
1.24,Premium,E,SI1,58.5,60.0,0.07000000000000028,2.8999999999999995,8.874969492219243
0.3,Ideal,G,VS1,62.3,56.0,-0.03000000000000025,1.6400000000000001,6.3089951186501025
0.31,Ideal,H,VVS1,61.6,55.0,-0.03000000000000025,1.7000000000000002,6.549746250200252
1.1,Ideal,G,VVS2,61.6,56.0,-0.07000000000000028,2.5900000000000007,9.085359138967082
0.7,Very Good,I,VS1,63.1,54.0,-0.05999999999999961,2.11,7.668998941443607
1.01,Ideal,G,SI1,63.0,57.0,-0.03000000000000025,2.380000000000001,8.531754341007016
2.52,Fair,H,SI2,65.4,59.0,0.07000000000000028,2.8899999999999997,9.594099295667505
0.52,Ideal,D,SI1,62.7,56.0,0.03000000000000025,1.9099999999999997,7.311680206803805
0.41,Premium,G,SI1,59.1,58.0,-0.04999999999999982,2.01,6.641378084080713
0.73,Ideal,F,SI1,59.6,57.0,0.019999999999999574,2.3600000000000003,7.948450153355318
0.31,Good,E,SI1,63.2,59.0,-0.0699999999999994,1.6099999999999994,6.268394126730874
1.03,Fair,G,SI2,65.7,58.0,0.0600000000000005,2.13,8.170568311001979
0.4,Very Good,E,VVS2,63.0,55.0,-0.020000000000000462,1.7600000000000002,6.942968274579476
1.06,Premium,G,VS2,62.5,58.0,0.04999999999999982,2.41,8.766919813912626
0.9,Premium,H,SI1,62.0,55.0,0.040000000000000036,2.33,8.173854957935278
0.72,Ideal,H,SI2,61.3,56.0,-0.019999999999999574,2.2399999999999998,7.711871233694013
1.01,Very Good,G,VS2,61.9,59.0,-0.040000000000000036,2.44,8.695369845225098
0.71,Premium,E,VS2,62.2,59.0,0.09999999999999964,2.0900000000000003,7.950438094839829
1.14,Very Good,E,VS1,63.1,59.0,0.019999999999999574,2.4300000000000006,9.042658431591331
0.36,Ideal,D,SI1,61.3,56.0,-0.040000000000000036,1.8100000000000005,6.5299063058727995
0.5,Ideal,F,SI1,59.9,57.0,0.03000000000000025,2.06,7.093299731870165
0.3,Ideal,E,VS2,61.8,56.0,0.020000000000000462,1.6399999999999997,6.558972298255339
0.52,Premium,D,VS2,60.9,58.0,0.05999999999999961,2.0,7.550525702063746
0.34,Ideal,E,VS2,62.5,55.0,-0.040000000000000036,1.7000000000000002,6.59067369216679
0.6,Very Good,F,VS2,62.1,57.0,-0.019999999999999574,2.05,7.534245235730118
0.9,Very Good,G,VS2,61.3,59.0,-0.05999999999999961,2.42,8.401559505331328
1.02,Premium,F,SI2,63.0,58.0,0.05999999999999961,2.34,8.340094380678844
0.3,Ideal,D,SI1,61.0,56.0,0.020000000000000462,1.6899999999999995,6.456919762142299
1.02,Premium,F,VVS2,60.9,59.0,-0.11999999999999922,2.5999999999999996,9.115613751744949
1.34,Ideal,H,SI1,62.4,54.0,-0.03000000000000025,2.67,8.880678106358744
0.7,Very Good,E,VVS1,63.2,57.0,-0.04999999999999982,2.1,8.119059351433775
0.42,Very Good,F,VS1,60.9,58.0,-0.040000000000000036,1.92,6.850781326247645
2.05,Premium,D,SI2,60.0,58.0,0.08000000000000007,3.2700000000000005,9.611127446828204
1.51,Premium,E,VS2,62.2,59.0,-0.05000000000000071,2.8000000000000007,9.541353365775777
0.25,Ideal,H,VS1,61.7,57.0,-0.03000000000000025,1.5700000000000003,6.101222644753852
0.78,Very Good,G,VS1,61.5,55.0,-0.04999999999999982,2.3099999999999996,8.12157442089286
0.6,Fair,E,SI2,66.5,56.0,0.09999999999999964,1.71,7.083909310025742
0.71,Premium,F,SI2,62.1,60.0,0.040000000000000036,2.1300000000000003,7.6790604076921225
0.9,Good,G,SI2,63.4,59.0,-0.040000000000000036,2.24,8.072527467048799
1.18,Ideal,I,SI1,62.2,56.0,0.09999999999999964,2.5199999999999996,8.546671417929836
0.9,Ideal,G,SI1,61.9,59.0,-0.03000000000000025,2.3700000000000006,8.268359110630039
1.0,Ideal,G,VS1,62.6,56.0,0.02999999999999936,2.37,8.78217216977743
0.38,Very Good,D,SI2,62.1,55.0,-0.03000000000000025,1.7700000000000005,6.351952930583288
0.72,Very Good,I,VS2,61.1,56.0,-0.03000000000000025,2.2600000000000002,7.777261815747558
1.5,Premium,F,SI1,61.9,60.0,0.04999999999999982,2.7299999999999995,9.306909189252009
1.52,Premium,F,VS2,61.4,58.0,0.04999999999999982,2.83,9.534610929782204
0.7,Very Good,F,SI2,62.1,57.0,-0.04999999999999982,2.17,7.654093096903003
0.74,Ideal,D,SI1,62.2,56.0,0.040000000000000036,2.1700000000000004,7.975335381856569
0.31,Ideal,H,VS2,62.2,55.0,0.040000000000000036,1.6299999999999994,6.463707544239477
1.07,Ideal,I,VS1,62.0,57.0,-0.05999999999999961,2.51,8.66055635969212
1.01,Very Good,G,VS2,63.0,56.0,-0.0600000000000005,2.3900000000000006,8.707298550470579
0.58,Very Good,F,VS2,60.7,63.0,0.02999999999999936,2.1000000000000005,7.474241914358774
0.91,Good,D,SI2,63.8,58.0,-0.04999999999999982,2.2199999999999998,8.18086135942258
0.73,Ideal,I,VVS1,61.7,57.0,0.04999999999999982,2.2,7.880367382627954
0.55,Premium,E,VS2,61.1,58.0,-0.019999999999999574,2.07,7.501846477696563
1.71,Premium,I,VS1,60.3,62.0,0.05999999999999961,3.04,9.373814568215243
0.9,Very Good,F,SI1,63.6,58.0,-0.040000000000000036,2.24,8.26751012608647
0.7,Very Good,E,VS2,61.2,59.0,-0.02999999999999936,2.2299999999999995,7.9275707238219555
1.06,Ideal,G,VVS2,60.3,57.0,-0.0699999999999994,2.67,9.039350162760211
0.35,Ideal,F,VVS2,62.5,56.0,-0.040000000000000036,1.7199999999999998,6.73075224669031
2.17,Premium,D,SI2,62.2,59.0,-0.0600000000000005,3.17,9.631383457709875
1.26,Ideal,E,SI2,61.0,57.0,0.0600000000000005,2.7,8.760133487534521
1.05,Premium,G,VS1,61.6,58.0,-0.02999999999999936,2.51,8.85451609219574
0.72,Ideal,F,VS2,61.8,56.0,-0.020000000000000462,2.2,8.023840028721201
0.32,Good,I,SI1,63.1,56.0,-0.02999999999999936,1.63,6.028040728625413
0.3,Premium,D,VS1,60.7,58.0,0.020000000000000462,1.6999999999999997,6.584087396724303
0.31,Ideal,G,VS1,61.9,55.0,-0.009999999999999787,1.67,6.435565561553522
0.36,Premium,E,VS2,62.1,59.0,0.040000000000000036,1.71,6.80169102266897
0.9,Very Good,I,VS2,58.4,62.0,-0.05999999999999961,2.6599999999999997,8.160444231536955
0.41,Very Good,J,VS2,63.4,56.0,0.03000000000000025,1.71,6.546555079723045
0.41,Ideal,G,SI2,61.5,55.0,-0.040000000000000036,1.8599999999999999,6.483427106047892
0.9,Premium,J,VS1,62.1,62.0,0.07000000000000028,2.27,8.08751421782622
0.33,Premium,H,IF,62.0,58.0,-0.03000000000000025,1.69,6.705215094313708
0.3,Premium,F,VS2,61.4,55.0,0.04999999999999982,1.6500000000000004,6.504013175754673
0.8,Very Good,F,VS2,61.3,55.0,-0.08000000000000007,2.3499999999999996,8.209824551601374
1.0,Fair,H,SI1,65.5,57.0,0.04999999999999982,2.13,8.265767587657198
0.3,Ideal,E,SI1,61.7,57.0,-0.040000000000000036,1.67,6.234333092342221
1.37,Ideal,J,SI2,62.2,55.0,-0.040000000000000036,2.7,8.605684605385076
0.72,Ideal,E,SI2,62.4,57.0,-0.03000000000000025,2.1700000000000004,7.789763352411468
0.43,Premium,G,VS2,61.1,58.0,0.040000000000000036,1.8699999999999997,6.868898314943993
0.77,Premium,G,VS2,61.2,58.0,-0.02999999999999936,2.3099999999999996,7.994505508152507
0.5,Premium,F,VS2,61.7,59.0,0.040000000000000036,1.92,7.2042658968152296
0.9,Very Good,I,VS2,63.3,58.0,-0.05999999999999961,2.27,8.14190531664235
0.83,Ideal,E,SI2,61.3,57.0,-0.03000000000000025,2.3499999999999996,8.056853666997533
0.49,Ideal,H,SI2,60.7,56.0,-0.04999999999999982,2.05,6.774519590507858
0.34,Ideal,G,VS2,61.9,55.0,-0.040000000000000036,1.7400000000000002,6.470299898149468
1.01,Premium,F,SI1,59.7,61.0,0.05999999999999961,2.6,8.529901108885081
0.75,Very Good,G,VS2,63.4,56.0,0.040000000000000036,2.0900000000000003,7.8606684679480265
0.9,Very Good,J,VS1,62.4,57.0,-0.04999999999999982,2.34,8.136709374410572
0.63,Very Good,D,SI1,62.8,57.0,-0.05999999999999961,2.05,7.612837156329671
0.6,Ideal,E,VS1,62.2,56.0,-0.08000000000000007,2.0800000000000005,7.734454869089115
0.32,Good,D,SI1,63.8,55.0,0.010000000000000675,1.5699999999999998,6.52372540827713
2.75,Ideal,D,I1,60.9,57.0,0.05999999999999872,3.49,9.295100478420364
1.06,Ideal,G,VS2,61.1,57.0,0.03000000000000025,2.54,8.818471000531337
1.31,Good,I,VS2,62.5,56.0,0.04999999999999982,2.6000000000000005,8.77759772493345
0.32,Ideal,E,VVS1,61.6,56.0,-0.009999999999999787,1.6999999999999997,6.8173417413216155
0.96,Fair,H,SI2,67.6,63.0,0.15000000000000036,1.83,7.8775268068031785
0.31,Premium,D,SI1,62.0,58.0,0.04999999999999982,1.6199999999999997,6.56724845331287
0.5,Very Good,E,VS2,62.1,62.0,-0.019999999999999574,1.9399999999999995,7.142919345209587
1.09,Premium,H,VS2,61.4,58.0,0.05999999999999961,2.5200000000000005,8.641369023874983
0.31,Ideal,G,VS2,61.6,54.0,0.020000000000000462,1.6799999999999997,6.573733537487647
0.42,Ideal,E,VS2,62.0,55.0,-0.020000000000000462,1.8400000000000003,6.841856569584413
1.01,Premium,F,VS2,62.1,60.0,0.0699999999999994,2.39,8.743497655334874
0.7,Premium,D,SI2,60.4,60.0,-0.04999999999999982,2.31,7.789674520758486
0.35,Premium,E,VVS1,60.7,59.0,0.03000000000000025,1.7799999999999998,7.001127680807413
1.75,Ideal,I,VVS2,62.1,56.0,0.02999999999999936,2.9000000000000004,9.438156128835153
0.7,Very Good,E,SI2,59.6,63.0,0.04999999999999982,2.29,7.669975086785329
2.0,Fair,E,SI2,59.9,61.0,0.120000000000001,3.179999999999999,9.554332407168689
1.0,Very Good,E,SI2,59.6,62.0,-0.05999999999999961,2.65,8.375647530543592
1.14,Premium,G,SI1,62.3,59.0,-0.03000000000000025,2.5300000000000002,8.656388455180219
0.71,Very Good,I,SI2,60.4,59.0,-0.03000000000000025,2.3,7.635926797444226
0.8,Very Good,H,SI2,59.7,58.0,-0.05999999999999961,2.4699999999999998,7.861913933742562
1.0,Premium,G,VS2,62.0,62.0,0.04999999999999982,2.4000000000000004,8.644158341778768
0.42,Premium,D,SI1,61.1,60.0,0.040000000000000036,1.85,6.862808207582184
0.27,Very Good,E,VVS1,61.1,55.0,-0.08999999999999986,1.6899999999999995,6.382283039125865
0.7,Good,E,SI1,58.3,64.0,0.07999999999999918,2.3500000000000005,7.7994927948132196
2.09,Premium,F,SI2,61.7,59.0,-0.019999999999999574,3.16,9.605840063913933
0.76,Very Good,H,SI1,60.9,55.0,-0.020000000000000462,2.3300000000000005,7.865800787174253
0.52,Ideal,G,VVS2,61.6,56.0,0.02999999999999936,1.9700000000000002,7.578971380324704
1.51,Premium,D,SI1,59.6,58.0,0.02999999999999936,3.0100000000000007,9.348098696556105
1.1,Very Good,F,SI1,60.5,60.0,-0.019999999999999574,2.6399999999999997,8.651699533824695
0.91,Very Good,F,VS2,60.8,57.0,-0.009999999999999787,2.45,8.498404452663488
1.11,Very Good,D,SI2,61.3,60.0,-0.05999999999999961,2.5699999999999994,8.514468950780131
0.88,Ideal,H,VVS1,62.0,59.0,-0.009999999999999787,2.33,8.369013850977087
0.42,Premium,F,VS2,61.7,59.0,0.07000000000000028,1.7999999999999998,6.903498788875558
1.21,Ideal,H,SI1,60.9,56.0,-0.05000000000000071,2.7300000000000004,8.74563632514448
0.87,Very Good,G,SI2,59.9,58.0,-0.040000000000000036,2.5100000000000002,7.969655874935846
1.23,Premium,G,VS1,61.3,58.0,0.019999999999999574,2.6500000000000004,9.106065703867776
1.02,Ideal,F,VS1,61.2,57.0,-0.0699999999999994,2.5399999999999996,8.953545840491358
0.9,Good,I,IF,63.7,64.0,0.05000000000000071,2.1699999999999995,8.237648917410644
1.53,Premium,E,SI1,62.6,57.0,0.16000000000000014,2.66,9.337561086443676
0.51,Good,E,VS2,57.6,62.0,0.03000000000000025,2.2399999999999998,7.388572822499082
1.5,Ideal,I,VS2,62.6,57.0,-0.04999999999999982,2.75,9.205637192907782
1.0,Very Good,D,VVS2,61.3,58.0,-0.04999999999999982,2.5,9.161220059833582
0.29,Ideal,E,SI1,60.4,54.0,-0.040000000000000036,1.7400000000000002,6.163929264526627
0.3,Ideal,E,VVS2,62.3,57.0,-0.03000000000000025,1.6400000000000001,6.487134658287647
0.71,Very Good,F,SI2,62.8,58.0,-0.07000000000000028,2.14,7.7183346425480295
1.09,Ideal,J,SI1,62.7,57.0,-0.05999999999999961,2.4799999999999995,8.366595311104218
0.32,Premium,F,VS2,62.1,59.0,-0.0600000000000005,1.69,6.456708786596039
0.23,Very Good,F,VS1,61.9,58.0,-0.11999999999999966,1.5699999999999994,6.036410416024832
0.38,Ideal,D,VVS1,62.0,57.0,-0.09000000000000075,1.8100000000000005,7.051060144539824
1.33,Premium,H,SI1,61.5,59.0,0.02999999999999936,2.7,8.835130307304265
0.8,Premium,G,VS1,62.5,58.0,-0.040000000000000036,2.24,8.168783335074956
0.7,Ideal,I,VVS2,61.1,56.0,-0.02999999999999936,2.2399999999999998,7.7963926480513255
1.02,Premium,G,SI2,61.7,58.0,0.04999999999999982,2.44,8.331380310317023
1.2,Very Good,I,SI1,60.0,60.0,-0.08000000000000007,2.7799999999999994,8.608535128299092
0.75,Fair,F,SI2,65.1,57.0,0.040000000000000036,1.96,7.558032060381516
0.34,Ideal,H,VS1,62.1,57.0,0.02999999999999936,1.6900000000000004,6.587929736149017
0.7,Very Good,F,VS2,61.0,59.0,-0.05999999999999961,2.26,7.891681226618798
0.59,Ideal,I,VS2,62.0,54.0,-0.02999999999999936,2.07,7.280449686147591
1.51,Very Good,I,SI2,62.9,58.0,-0.05999999999999961,2.7299999999999995,8.973815854630368
0.33,Ideal,E,VS1,62.7,57.0,0.07000000000000028,1.6099999999999999,6.764033118267528
1.52,Premium,G,VS1,61.2,60.0,-0.03000000000000025,2.880000000000001,9.538566321109764
1.0,Premium,F,I1,58.9,60.0,0.04999999999999982,2.6799999999999997,8.024279121391096
0.45,Good,E,VS1,61.7,63.0,-0.03000000000000025,1.8900000000000001,6.936679991551875
0.41,Premium,G,SI1,62.5,58.0,0.03000000000000025,1.77,6.731597197310261
0.32,Very Good,G,VS1,62.1,56.0,-0.02999999999999936,1.6899999999999995,6.419087634124864
0.72,Very Good,I,SI1,63.3,57.0,0.0600000000000005,2.06,7.613438419774719
0.45,Ideal,J,VS2,61.4,55.0,-0.02999999999999936,1.9299999999999997,6.550868761900633
0.3,Ideal,G,IF,62.3,56.0,-0.010000000000000675,1.6300000000000003,6.557304617034538
1.05,Ideal,E,VVS2,62.4,56.0,-0.02999999999999936,2.46,9.23317748277862
0.41,Very Good,G,VS2,60.5,56.0,-0.040000000000000036,1.9299999999999997,6.694991267501011
1.52,Premium,J,VS1,62.2,59.0,-0.05999999999999961,2.8099999999999996,9.063950161442664
1.5,Ideal,H,SI1,62.0,55.0,0.04999999999999982,2.75,9.228182774118721
1.62,Premium,G,VS2,62.3,58.0,-0.04999999999999982,2.8600000000000003,9.554967029861949
0.73,Very Good,D,VS2,63.5,58.0,-0.040000000000000036,2.0999999999999996,8.009448897155753
0.38,Very Good,D,SI1,62.2,53.8,-0.040000000000000036,1.7900000000000005,6.52022195652805
0.9,Very Good,D,SI2,62.2,57.0,-0.040000000000000036,2.3400000000000003,8.239593159473186
0.78,Premium,E,VS1,62.5,57.0,0.040000000000000036,2.2,8.191208419892709
1.21,Very Good,H,VS2,62.9,58.0,-0.040000000000000036,2.5300000000000002,8.81088327832674
0.38,Premium,H,VS2,61.8,58.0,0.03000000000000025,1.7599999999999998,6.627876159592216
1.09,Very Good,H,SI1,63.2,57.0,0.03000000000000025,2.4000000000000004,8.485982052798997
1.01,Premium,F,SI1,62.2,59.0,0.09000000000000075,2.3699999999999997,8.535281075816002
0.7,Ideal,F,SI1,62.0,55.0,0.019999999999999574,2.16,7.814688442471484
1.06,Premium,G,SI1,61.9,55.0,0.07000000000000028,2.4699999999999998,8.578587160916994
0.93,Premium,H,VS2,60.3,61.0,0.13999999999999968,2.44,8.288949741587677
1.14,Ideal,I,VS2,62.9,56.0,0.040000000000000036,2.46,8.629028127944178
1.2,Premium,D,SI2,60.2,60.0,0.13000000000000078,2.67,8.648119700771606
0.38,Ideal,D,VS1,62.5,56.0,-0.03000000000000025,1.7599999999999998,6.785975195312125
1.7,Very Good,F,VS2,60.8,60.0,-0.02999999999999936,3.0199999999999996,9.695566739852278
1.01,Good,I,VS1,63.8,57.0,0.07999999999999918,2.2300000000000004,8.396138072695372
1.03,Very Good,G,SI1,62.6,56.0,-0.03000000000000025,2.420000000000001,8.538836704566409
1.03,Good,H,SI1,63.1,56.0,-0.040000000000000036,2.37,8.450579400875066
0.42,Premium,H,VS1,61.6,58.0,-0.03000000000000025,1.8600000000000003,6.701939368475739
1.27,Ideal,F,VS2,61.0,59.0,-0.020000000000000462,2.7300000000000004,9.149695508550337
1.06,Premium,E,VS1,63.0,58.0,0.03000000000000025,2.38,8.981011289872445
0.31,Very Good,G,VS2,62.9,56.0,-0.05999999999999961,1.63,6.332210841990313
0.31,Ideal,F,VS1,60.6,56.0,0.03000000000000025,1.7199999999999998,6.683731569297111
1.01,Very Good,E,SI1,61.0,56.0,-0.07000000000000028,2.57,8.617594968398922
1.8,Very Good,I,SI2,63.2,58.0,0.08999999999999986,2.79,9.256986619211974
0.42,Premium,D,VVS2,59.6,59.0,-0.05999999999999961,2.02,7.184946176482023
0.53,Very Good,D,SI2,60.2,56.0,-0.02999999999999936,2.0999999999999996,7.160892917240308
1.25,Ideal,E,SI1,61.1,57.0,0.040000000000000036,2.67,8.976695653628088
0.36,Premium,G,SI1,61.8,59.0,-0.020000000000000462,1.7500000000000004,6.391811464313471
0.35,Ideal,J,VVS1,62.1,53.0,-0.019999999999999574,1.73,6.426252760143409
1.21,Good,J,VVS2,63.7,56.0,0.040000000000000036,2.41,8.713768893600992
0.34,Ideal,E,VS2,61.5,56.0,-0.019999999999999574,1.7400000000000002,6.59067369216679
1.03,Ideal,F,VVS2,62.5,56.0,-0.07000000000000028,2.4700000000000006,9.137536279981871
0.64,Ideal,J,VVS2,62.4,57.0,-0.02999999999999936,2.0799999999999996,7.482296486887847
0.31,Ideal,I,VS1,62.5,53.4,-0.03000000000000025,1.6399999999999997,6.216923374462966
0.3,Ideal,F,VS2,61.1,55.0,0.04999999999999982,1.6600000000000001,6.51011419465809
0.7,Fair,H,I1,62.1,66.0,0.040000000000000036,2.0799999999999996,7.0910060706526385
0.32,Ideal,F,IF,60.3,58.0,-0.04999999999999982,1.7999999999999998,6.835542894860034
1.06,Good,E,SI2,63.9,60.0,0.040000000000000036,2.3,8.356497122266148
0.92,Ideal,I,VS1,62.3,55.0,-0.040000000000000036,2.3800000000000003,8.333751505795261
0.32,Ideal,G,IF,61.1,57.0,-0.019999999999999574,1.7299999999999995,6.774771811077834
0.5,Ideal,D,SI1,62.6,57.0,0.040000000000000036,1.8799999999999994,7.109712288243828
1.0,Very Good,E,SI2,59.1,61.0,-0.05000000000000071,2.6500000000000004,8.378488414500783
0.7,Ideal,H,VVS1,60.2,57.0,-0.040000000000000036,2.33,8.033411871004944
0.27,Very Good,E,VS1,60.6,59.0,-0.02999999999999936,1.67,6.189691721443191
0.38,Very Good,G,VS2,61.6,59.0,-0.04999999999999982,1.8200000000000003,6.539192972801913
0.3,Ideal,F,VS2,62.1,53.6,-0.02999999999999936,1.6399999999999997,6.308959609202581
0.3,Very Good,E,IF,61.8,54.0,-0.03000000000000025,1.6800000000000002,6.57442983419864
0.32,Ideal,G,VS1,61.8,55.0,0.03000000000000025,1.6799999999999997,6.63745596716803
0.3,Ideal,J,VS2,61.9,56.0,-0.03000000000000025,1.6600000000000001,5.990697565345059
0.3,Ideal,H,VS2,61.0,56.0,-0.040000000000000036,1.7200000000000002,6.18112980431164
0.73,Premium,F,SI2,59.5,62.0,0.04999999999999982,2.3499999999999996,7.759653360898757
0.31,Ideal,G,IF,62.1,54.0,-0.009999999999999787,1.6600000000000001,6.7414354065122755
1.0,Very Good,H,SI2,61.6,58.0,-0.040000000000000036,2.4999999999999996,8.328498334133219
0.33,Very Good,F,VVS2,61.1,56.0,-0.020000000000000462,1.7500000000000004,6.628603351565435
0.52,Ideal,H,VS1,62.0,55.4,-0.04999999999999982,2.0,7.294736351658217
0.7,Premium,H,VVS2,61.0,62.0,0.05999999999999961,2.19,7.891004312173881
0.7,Fair,G,I1,67.3,59.0,0.05999999999999961,1.7600000000000002,7.0062148860788795
2.48,Fair,I,SI2,56.7,66.0,0.2400000000000002,3.6500000000000004,9.601390934710198
0.34,Ideal,D,VS1,60.3,56.0,-0.02999999999999936,1.8199999999999994,6.692423781580676
1.21,Ideal,F,VS2,62.6,55.0,0.0699999999999994,2.5,9.063060966748951
0.7,Ideal,G,SI1,60.9,57.0,0.020000000000000462,2.2499999999999996,7.808841024794676
0.61,Ideal,G,IF,62.3,56.0,-0.020000000000000462,2.06,7.889925894584296
0.42,Very Good,E,SI1,59.8,61.0,-0.040000000000000036,1.9799999999999995,6.688361417019899
0.23,Very Good,E,VVS2,62.7,59.0,-0.020000000000000018,1.48,6.068992896930707
1.51,Premium,G,SI1,60.3,59.0,-0.05000000000000071,2.9700000000000006,9.298552446049369
0.38,Very Good,G,VS2,60.4,57.0,-0.03000000000000025,1.87,6.529114753817423
0.33,Good,H,VS2,63.8,55.0,0.040000000000000036,1.5800000000000005,6.3894338700522315
0.71,Premium,E,SI2,62.7,59.0,-0.040000000000000036,2.14,7.753456499099791
0.42,Ideal,D,VVS2,61.4,56.0,-0.02999999999999936,1.8799999999999994,7.110626521913259
0.41,Premium,D,VVS2,62.2,58.0,0.019999999999999574,1.8000000000000003,7.1395614848772215
1.08,Ideal,H,VS1,62.0,55.0,-0.040000000000000036,2.5199999999999996,8.75579937886114
1.02,Ideal,H,SI2,61.8,55.0,-0.040000000000000036,2.5,8.391190011815176
0.4,Very Good,G,SI1,62.8,60.0,-0.040000000000000036,1.7600000000000002,6.543880826966779
1.08,Ideal,G,VS2,61.3,56.0,-0.03000000000000025,2.5700000000000003,8.854279078727572
0.24,Very Good,F,VS1,62.9,59.0,-0.020000000000000018,1.48,6.138748919677949
0.71,Ideal,D,VS2,61.4,56.0,-0.04999999999999982,2.25,8.115980516722406
1.0,Ideal,E,SI1,61.6,55.0,0.020000000000000462,2.4599999999999995,8.608852034451425
2.02,Very Good,H,SI2,62.3,58.0,-0.0699999999999994,3.049999999999999,9.611575730087626
1.04,Ideal,G,VS2,61.6,55.0,-0.040000000000000036,2.5300000000000002,8.77720812076159
1.25,Ideal,H,VVS2,60.8,57.0,-0.040000000000000036,2.75,9.079225364278297
0.75,Ideal,H,SI1,61.9,56.0,-0.040000000000000036,2.2399999999999998,7.84465667791465
0.5,Ideal,E,VS2,61.5,55.0,-0.04999999999999982,2.0,7.240531837291802
1.0,Ideal,E,SI2,61.9,56.0,-0.040000000000000036,2.4599999999999995,8.460761518384519
0.37,Premium,E,VS2,61.8,59.0,0.040000000000000036,1.7299999999999995,6.80169102266897
1.51,Very Good,J,VS1,63.5,60.0,0.05999999999999961,2.62,9.03751473672121
1.2,Good,G,VS2,65.2,56.0,-0.05999999999999961,2.34,8.930865123887028
1.02,Premium,F,VS1,61.9,58.0,-0.04999999999999982,2.49,8.919469526122931
0.91,Ideal,H,VS2,62.4,56.0,0.0600000000000005,2.2899999999999996,8.30026019914637
0.52,Ideal,G,VS1,61.9,55.5,-0.03000000000000025,1.98,7.394949539065285
1.17,Premium,F,SI1,61.9,60.0,0.05999999999999961,2.5200000000000005,8.712890108550921
0.25,Ideal,H,VVS1,62.5,56.0,-0.02999999999999936,1.5299999999999998,6.311634715557804
0.33,Ideal,D,VVS2,61.7,55.0,-0.03000000000000025,1.7300000000000004,6.763442313257176
0.3,Ideal,H,SI1,62.9,57.0,0.02999999999999936,1.58,6.2843902244822845
1.51,Good,J,SI1,64.1,61.0,-0.03000000000000025,2.5900000000000007,8.910568824359276
0.75,Very Good,E,VVS2,62.8,57.0,-0.040000000000000036,2.16,8.164475110240263
0.71,Ideal,E,VS2,62.2,57.0,-0.040000000000000036,2.1800000000000006,7.995809503574947
0.31,Very Good,E,VVS2,62.4,56.0,-0.02999999999999936,1.6499999999999995,6.6020499466774965
1.04,Very Good,F,VS2,59.6,62.0,-0.0600000000000005,2.69,8.775633404204001
0.9,Very Good,J,SI1,63.4,54.0,0.03000000000000025,2.2399999999999998,7.89820149261387
0.8,Very Good,E,SI2,62.4,55.0,-0.040000000000000036,2.2399999999999998,7.972009957090329
0.31,Premium,E,VS2,62.6,58.0,-0.040000000000000036,1.63,6.483019287779771
0.27,Very Good,D,VVS2,59.9,59.0,-0.04999999999999982,1.7300000000000004,6.340706877781235
0.83,Very Good,F,SI2,61.9,56.0,-0.02999999999999936,2.2999999999999994,7.972528858542544
0.58,Ideal,F,VS1,61.9,54.0,-0.040000000000000036,2.06,7.615175068664604
0.5,Premium,D,SI1,62.4,60.0,-0.019999999999999574,1.92,7.019534513305506
0.31,Premium,H,VVS2,62.4,59.0,0.040000000000000036,1.6099999999999994,6.594103106321707
2.01,Good,I,SI1,62.2,61.0,-0.0699999999999994,3.05,9.609613286219249
2.18,Ideal,I,SI1,61.2,56.0,-0.11999999999999922,3.34,9.70037410691785
1.01,Premium,F,SI2,62.9,59.0,0.05000000000000071,2.3099999999999996,8.336906765526953
0.57,Ideal,G,SI1,62.1,55.0,-0.019999999999999574,2.03,7.252391585849846
0.3,Ideal,G,IF,60.9,58.0,-0.02999999999999936,1.7099999999999995,6.563221184986741
0.23,Very Good,E,VVS2,58.0,60.0,-0.03000000000000025,1.7200000000000002,6.02026198654928
2.19,Very Good,I,SI1,60.7,60.0,0.0600000000000005,3.2800000000000002,9.65957833902141
0.7,Very Good,F,SI1,62.5,59.0,0.1200000000000001,2.04,7.732481946890239
1.01,Fair,E,VS2,65.3,59.0,0.05000000000000071,2.0999999999999996,8.610852203612875
1.51,Premium,G,VS2,61.4,58.0,0.10000000000000053,2.79,9.46584633501854
0.42,Ideal,J,VVS2,61.7,54.0,-0.03000000000000025,1.87,6.666792956912659
1.02,Ideal,G,VS2,62.6,56.0,-0.040000000000000036,2.420000000000001,8.75203722075958
0.24,Very Good,D,VS1,61.4,58.0,-0.02999999999999936,1.5599999999999996,6.1292959956590645
0.7,Premium,F,SI1,61.6,58.0,0.03000000000000025,2.18,7.785435909638223
0.24,Ideal,G,VVS1,62.4,56.0,-0.020000000000000018,1.5100000000000002,6.3396290326956395
1.5,Premium,G,SI2,60.1,59.0,0.019999999999999574,2.9300000000000006,9.069268040307875
0.4,Very Good,E,VVS2,59.8,60.0,-0.040000000000000036,1.96,6.9440951664921
2.15,Premium,G,SI2,61.2,58.0,0.11999999999999922,3.200000000000001,9.563234860616816
0.91,Good,I,SI1,64.2,59.0,0.0699999999999994,2.1200000000000006,7.96220123924378
1.21,Premium,D,SI2,60.9,58.0,0.05999999999999961,2.6500000000000004,8.65478463771985
1.24,Ideal,G,VVS1,62.3,56.0,-0.02999999999999936,2.6099999999999994,9.300858625190129
0.32,Very Good,G,VS2,59.9,57.0,-0.040000000000000036,1.8199999999999998,6.348773458541172
1.0,Premium,E,SI2,62.6,56.0,0.040000000000000036,2.38,8.376875225352567
0.42,Premium,H,VS1,61.6,58.0,0.03000000000000025,1.83,6.796988248236398
1.01,Premium,G,VS1,59.5,60.0,0.009999999999999787,2.6200000000000006,8.801362857367678
0.41,Very Good,G,SI2,59.9,60.0,-0.040000000000000036,1.9600000000000004,6.481208576483117
1.33,Ideal,J,VS1,61.3,57.0,-0.03000000000000025,2.7600000000000007,8.74969520368225
0.42,Ideal,D,SI1,61.7,56.0,0.040000000000000036,1.8199999999999998,6.877942203730926
0.8,Very Good,H,SI2,62.7,56.0,-0.08000000000000007,2.23,7.832966692201729
1.02,Very Good,H,SI1,63.7,55.0,-0.07000000000000028,2.34,8.45842629083543
0.51,Premium,G,VVS2,61.7,58.0,-0.02999999999999936,1.9799999999999995,7.4712555568474945
0.57,Premium,J,VS1,60.6,59.0,0.009999999999999787,2.1100000000000003,7.1963944197018135
1.07,Ideal,F,VS2,62.0,57.0,0.03000000000000025,2.3899999999999997,8.866032887787124
2.0,Good,I,SI2,64.2,52.0,0.03000000000000025,2.8099999999999996,9.514552777024303
0.57,Ideal,D,VS2,61.3,56.0,-0.07000000000000028,2.12,7.591469828637571
1.22,Premium,H,VS1,62.5,59.0,0.05999999999999961,2.5300000000000002,8.895164324171414
0.7,Ideal,I,VS1,62.1,57.0,-0.019999999999999574,2.17,7.673389708313442
1.28,Premium,H,SI1,62.7,58.0,-0.0600000000000005,2.6100000000000003,8.809122203428068
1.18,Ideal,G,SI1,62.5,55.0,0.02999999999999936,2.5200000000000005,8.741523230431108
0.57,Ideal,F,VS1,61.8,55.0,-0.019999999999999574,2.05,7.615175068664604
0.3,Premium,D,SI1,62.3,59.0,0.03000000000000025,1.5799999999999996,6.441785765993556
0.91,Premium,F,SI1,62.7,59.0,0.05000000000000071,2.2899999999999996,8.269313079430136
1.07,Ideal,I,SI1,61.7,56.0,0.019999999999999574,2.5100000000000007,8.460291331641844
0.29,Very Good,F,IF,59.9,56.0,-0.020000000000000462,1.7600000000000002,6.500284384438925
0.7,Good,F,SI1,58.7,64.0,-0.010000000000000675,2.39,7.779421415577875
0.3,Ideal,G,VS1,62.9,57.0,0.02999999999999936,1.58,6.483526727327687
0.31,Ideal,D,SI1,62.3,55.0,0.040000000000000036,1.62,6.579066879780123
1.51,Very Good,J,SI1,63.1,55.0,-0.07000000000000028,2.7200000000000006,8.950734599767667
1.23,Premium,I,SI1,59.6,60.0,0.03000000000000025,2.79,8.636590372485665
1.03,Fair,H,SI1,65.1,57.0,0.0699999999999994,2.2,8.379453784595567
0.34,Ideal,F,VS2,62.5,55.0,0.02999999999999936,1.6700000000000004,6.721465819955035
0.75,Premium,H,VS1,58.9,62.0,0.03000000000000025,2.4299999999999997,7.916823390808283
0.25,Premium,E,VS1,60.7,59.0,-0.019999999999999574,1.63,6.176100387096735
0.5,Ideal,G,VVS2,62.0,56.0,0.040000000000000036,1.92,7.393787695775037
0.37,Ideal,I,IF,61.4,55.0,-0.019999999999999574,1.81,6.632909324421746
1.15,Premium,H,SI2,61.6,60.0,-0.03000000000000025,2.5999999999999996,8.472683909068115
1.02,Ideal,F,VS2,62.3,56.0,-0.15000000000000036,2.54,8.832870097362392
0.33,Very Good,H,VVS2,61.6,56.0,-0.02999999999999936,1.7299999999999995,6.471350264622164
0.93,Premium,H,VS2,61.0,60.0,0.03000000000000025,2.44,8.31092437717313
0.31,Ideal,D,VS2,62.5,56.0,-0.05000000000000071,1.6500000000000004,6.533355049953212
0.32,Ideal,D,SI2,61.7,55.0,-0.03000000000000025,1.6999999999999997,6.250189141852205
0.3,Ideal,G,VS1,61.8,54.0,0.03000000000000025,1.63,6.486995341651444
0.7,Ideal,E,VS2,60.7,58.0,-0.02999999999999936,2.2699999999999996,7.968185432595823
1.15,Premium,G,VS2,62.6,58.0,-0.03000000000000025,2.5199999999999996,8.8802914716283
1.04,Ideal,F,SI1,59.9,56.0,0.05999999999999961,2.62,8.61795226645732
0.92,Very Good,F,SI1,62.7,57.0,-0.0600000000000005,2.33,8.303088221730915
1.24,Ideal,I,SI2,60.7,57.0,0.0600000000000005,2.7,8.540696295901274
0.51,Good,D,SI1,58.7,58.0,-0.040000000000000036,2.18,7.198097588631597
0.71,Premium,G,SI1,62.8,61.0,0.04999999999999982,2.06,7.755950938957671
2.01,Very Good,J,SI2,63.3,56.0,-0.09999999999999964,2.95,9.501923197717284
1.11,Premium,G,SI1,62.3,58.0,0.09000000000000075,2.4299999999999997,8.580138901652079
0.6,Very Good,E,VS1,63.2,56.0,0.08999999999999986,1.92,7.622250656431466
0.4,Very Good,I,VS1,62.9,59.0,-0.05000000000000071,1.7700000000000005,6.531074753232383
0.77,Ideal,G,VS1,62.2,56.0,0.05000000000000071,2.1899999999999995,8.068064769602646
0.3,Premium,G,VS1,62.1,60.0,0.05999999999999961,1.5900000000000003,6.473645217206046
0.7,Premium,G,SI1,63.0,59.0,0.040000000000000036,2.0599999999999996,7.694087372513637
1.08,Ideal,J,SI2,61.8,57.0,-0.020000000000000462,2.5200000000000005,8.304054800425217
0.31,Very Good,G,VVS1,63.0,56.0,-0.020000000000000462,1.5900000000000003,6.612022854685888
0.36,Ideal,E,VS2,62.6,56.0,0.040000000000000036,1.6799999999999997,6.817271686057622
0.9,Very Good,H,VVS2,62.9,58.0,-0.05000000000000071,2.3000000000000003,8.453824266939664
0.3,Ideal,G,VS2,62.3,58.0,-0.020000000000000462,1.62,6.261897940643714
1.02,Premium,G,VS1,62.0,59.0,0.0600000000000005,2.4099999999999997,8.800195337380485
0.54,Ideal,F,VS2,62.0,55.0,0.02999999999999936,1.9800000000000004,7.444186607435049
0.27,Very Good,F,VVS2,61.8,57.0,-0.019999999999999574,1.6,6.315453834243265
0.93,Good,I,VS2,58.2,60.0,-0.07000000000000028,2.7300000000000004,8.209253255600833
2.06,Ideal,I,VS2,62.2,55.0,-0.03999999999999915,3.1099999999999994,9.681278534383535
0.52,Ideal,F,VS1,62.5,57.0,0.040000000000000036,1.9099999999999997,7.523736129048543
2.01,Premium,H,SI1,62.7,59.0,-0.05000000000000071,3.0300000000000002,9.654426581720424
0.77,Very Good,I,VS2,63.1,58.0,0.16000000000000014,2.0500000000000003,7.714458174245252
0.3,Good,D,VS2,58.9,62.0,-0.03000000000000025,1.8000000000000003,6.268890679548758
1.29,Premium,I,VS2,60.4,58.0,0.08999999999999986,2.7600000000000007,8.81205930530149
0.43,Very Good,F,VS2,61.1,57.0,-0.040000000000000036,1.9200000000000004,6.79985688427586
0.34,Ideal,H,VS1,62.7,55.0,0.02999999999999936,1.6600000000000006,6.591398350472774
0.31,Very Good,G,VVS2,62.2,56.0,-0.03000000000000025,1.65,6.508481562818296
1.31,Premium,I,SI1,62.0,58.0,0.02999999999999936,2.6400000000000006,8.72898131244316
0.7,Good,I,SI1,63.5,59.0,-0.03000000000000025,2.0700000000000003,7.5363618158529775
1.51,Very Good,D,SI2,63.2,59.0,0.07000000000000028,2.62,9.116019007440864
0.7,Very Good,E,SI2,63.5,54.0,0.05000000000000071,2.0399999999999996,7.6179512638835165
1.35,Ideal,F,SI2,62.9,56.0,0.019999999999999574,2.6000000000000005,8.796790756884953
0.42,Ideal,G,SI2,62.3,55.0,-0.03000000000000025,1.83,6.512186313248211
0.7,Very Good,H,VS2,62.3,56.0,-0.040000000000000036,2.16,7.727106021941369
1.23,Good,H,SI1,63.7,59.0,0.04999999999999982,2.42,8.67038041454573
0.26,Ideal,E,VVS2,61.5,56.0,-0.03000000000000025,1.5900000000000003,6.351795499509206
1.06,Premium,D,SI1,61.1,59.0,0.07000000000000028,2.5299999999999994,8.679856215882921
0.77,Ideal,D,SI1,60.8,57.0,-0.040000000000000036,2.3400000000000003,8.09865712648153
1.0,Very Good,H,VS2,62.9,57.0,-0.040000000000000036,2.3699999999999997,8.512897641161725
0.38,Ideal,G,SI1,61.9,56.0,-0.03000000000000025,1.79,6.435754463863142
0.52,Very Good,D,VVS2,59.8,55.0,-0.0699999999999994,2.1699999999999995,7.782257526876118
0.31,Very Good,F,VVS1,60.7,58.0,-0.040000000000000036,1.7400000000000002,6.6524710713385025
0.23,Very Good,D,VS1,61.9,58.0,-0.040000000000000036,1.52,5.9674060464489225
1.02,Premium,D,SI2,62.3,58.0,0.04999999999999982,2.38,8.419855379505176
0.41,Ideal,E,SI1,62.7,57.0,0.02999999999999936,1.7600000000000002,6.824399524836399
0.52,Very Good,H,VS1,63.5,58.0,-0.04999999999999982,1.8899999999999997,7.243870528485483
0.5,Ideal,F,VS2,62.7,57.0,-0.05000000000000071,1.9200000000000004,7.134748642458769
1.29,Premium,D,SI2,59.4,62.0,0.0699999999999994,2.8200000000000003,8.753341162522151
2.1,Premium,J,VS2,58.3,54.0,0.040000000000000924,3.509999999999999,9.516691756549857
0.31,Ideal,F,IF,62.1,54.0,-0.03000000000000025,1.6800000000000002,6.797621542771598
0.54,Ideal,G,VVS1,62.2,56.0,-0.02999999999999936,1.9799999999999995,7.602001306981846
0.52,Premium,G,VVS2,61.0,58.0,-0.05999999999999961,2.05,7.580697059649992
1.53,Good,H,IF,63.1,57.0,-0.08999999999999986,2.74,9.378023237904516
0.34,Premium,G,VVS2,61.7,56.0,0.040000000000000036,1.6999999999999997,6.781501430320077
1.01,Premium,G,VS2,62.0,59.0,0.04999999999999982,2.4000000000000004,8.687835678734073
0.32,Very Good,F,VS2,59.6,56.0,-0.02999999999999936,1.8299999999999996,6.375403608730064
0.72,Very Good,I,VS2,63.9,58.0,-0.02999999999999936,2.0599999999999996,7.692140523104253
0.7,Ideal,G,VS2,62.3,57.0,-0.040000000000000036,2.16,7.786398914884524
0.72,Premium,F,VS1,62.2,57.0,0.07000000000000028,2.12,7.978752513054231
1.05,Ideal,I,SI2,60.9,57.0,-0.07000000000000028,2.6100000000000003,8.379083151379708
1.69,Very Good,E,VS2,62.7,58.0,-0.08000000000000007,2.8599999999999994,9.673863725193142
0.31,Ideal,F,IF,61.2,57.0,-0.03000000000000025,1.71,6.803125315888117
0.31,Ideal,H,SI2,61.3,55.0,-0.03000000000000025,1.71,6.0403188286905936
0.35,Premium,E,VVS1,61.0,58.0,-0.040000000000000036,1.7899999999999996,6.884445147587913
2.63,Very Good,J,I1,62.3,61.0,-0.05000000000000071,3.3400000000000007,9.295306272549382
0.53,Premium,D,VVS2,62.7,60.0,0.07000000000000028,1.8900000000000001,7.725272087008063
0.75,Ideal,G,SI1,61.6,55.0,-0.040000000000000036,2.2600000000000002,7.9212424048389565
0.9,Very Good,F,SI2,63.0,56.0,-0.07000000000000028,2.3000000000000003,8.163664063057455
0.32,Premium,I,VVS2,62.1,59.0,-0.03000000000000025,1.67,6.355142726265355
0.5,Ideal,G,VVS1,62.1,53.5,-0.04999999999999982,1.96,7.429037445111323
0.46,Ideal,E,SI2,61.3,56.0,0.05999999999999961,1.9,6.778714712454481
0.43,Ideal,D,VS2,61.3,55.0,-0.040000000000000036,1.9,6.926419614816463
0.41,Ideal,G,VVS1,61.8,55.0,-0.020000000000000462,1.83,7.003337051933582
0.31,Premium,G,VS1,62.4,58.0,0.03000000000000025,1.6099999999999994,6.600215660109466
0.35,Very Good,E,VS2,60.2,60.0,-0.03000000000000025,1.83,6.528798075414883
0.55,Ideal,D,VS1,61.8,55.0,-0.03000000000000025,2.0400000000000005,7.637994415786112
0.8,Very Good,H,VS2,59.1,59.0,-0.05000000000000071,2.5000000000000004,8.033105975855769
2.04,Premium,H,VS1,60.7,61.0,0.08000000000000007,3.1599999999999993,9.677788569687111
0.32,Premium,H,SI2,61.8,55.0,0.07000000000000028,1.6399999999999997,6.235339974290724
0.48,Premium,F,SI1,60.6,62.0,0.05999999999999961,1.9500000000000002,6.997904448552863
0.3,Very Good,F,VS2,62.9,57.0,-0.020000000000000462,1.6,6.249864758569251
0.33,Ideal,F,VS1,61.2,57.0,-0.03000000000000025,1.75,6.575142890812121
1.56,Ideal,F,VS2,62.0,55.0,-0.040000000000000036,2.84,9.579747774107078
0.63,Ideal,D,IF,62.5,55.0,0.03000000000000025,2.0399999999999996,8.377697193071366
0.39,Ideal,J,VS2,61.2,56.0,-0.03000000000000025,1.85,6.398167124387355
0.31,Premium,H,VVS2,60.6,60.0,0.040000000000000036,1.6999999999999997,6.59372742251498
2.09,Premium,I,SI2,60.1,59.0,0.03999999999999915,3.3000000000000007,9.568304012252261
0.72,Premium,D,SI1,62.7,59.0,0.040000000000000036,2.1100000000000003,7.893421335360909
2.0,Fair,H,SI2,67.9,55.0,0.08999999999999986,2.4000000000000004,9.41749243614442
1.31,Ideal,G,SI1,63.4,57.0,0.09999999999999964,2.4699999999999998,8.93129743926009
1.55,Ideal,H,SI1,62.4,58.0,-0.020000000000000462,2.79,9.243238536805105
1.56,Ideal,F,SI2,61.2,55.0,-0.10000000000000053,2.9700000000000006,9.21773819310562
0.9,Premium,H,SI2,59.5,60.0,0.03000000000000025,2.54,8.070526732353398
0.45,Good,F,VS1,60.1,61.8,-0.020000000000000462,1.9900000000000002,6.9515619110283335
0.92,Ideal,E,SI1,61.4,54.6,-0.040000000000000036,2.44,8.393757934744169
1.01,Ideal,I,SI1,60.0,60.0,-0.040000000000000036,2.64,8.386376853039645
0.41,Good,E,VS1,62.8,58.0,-0.03000000000000025,1.7600000000000002,6.827184500627129
2.29,Ideal,J,SI2,62.3,57.0,-0.03999999999999915,3.1899999999999995,9.592412104641353
0.31,Premium,G,VS2,59.0,60.0,0.040000000000000036,1.7800000000000002,6.54339832071879
0.7,Ideal,E,VVS2,62.4,54.0,-0.04999999999999982,2.16,8.111998489361515
0.7,Good,F,VS1,64.0,56.0,-0.05000000000000071,2.0500000000000003,7.878848775274545
1.32,Premium,G,SI2,59.2,61.0,0.07000000000000028,2.8899999999999997,8.694303774288636
1.7,Fair,H,SI2,64.5,55.0,0.0600000000000005,2.6499999999999995,9.151850312042473
0.31,Premium,E,VS2,61.7,58.0,0.03000000000000025,1.6399999999999997,6.678526668116317
0.51,Good,H,SI1,63.4,57.0,-0.03000000000000025,1.8699999999999997,6.89729637336092
0.92,Ideal,J,VS1,62.4,56.0,0.040000000000000036,2.3100000000000005,8.19994108458855
1.51,Very Good,H,SI2,60.8,56.0,-0.04999999999999982,2.9400000000000004,9.099975873552665
0.83,Good,E,SI1,63.7,59.0,0.0600000000000005,2.1199999999999997,7.962451203059909
0.7,Good,H,SI1,65.4,59.0,-0.05999999999999961,1.9299999999999997,7.562810098872464
0.65,Very Good,D,VVS2,57.7,60.0,-0.04999999999999982,2.4400000000000004,8.10105810281637
0.71,Good,G,VS1,58.1,59.0,-0.07000000000000028,2.5,7.993271927644666
1.53,Very Good,G,VS1,62.8,56.0,-0.0600000000000005,2.76,9.531009287553331
0.34,Ideal,E,VS1,62.4,55.0,-0.02999999999999936,1.69,6.6648647001647765
0.51,Ideal,E,VS2,62.2,57.0,-0.03000000000000025,1.9400000000000004,7.310198290060437
1.16,Ideal,G,IF,62.3,55.0,0.05999999999999961,2.5200000000000005,9.207808039457591
0.32,Very Good,F,VVS1,62.2,55.0,-0.040000000000000036,1.6899999999999995,6.689960566123945
0.31,Premium,H,VS1,62.4,58.0,0.040000000000000036,1.6100000000000003,6.476317528608557
0.3,Ideal,G,VVS2,62.5,53.0,-0.020000000000000462,1.63,6.397411877175805
0.7,Very Good,H,VS1,62.8,58.0,-0.10000000000000053,2.1500000000000004,7.779502302216035
0.71,Premium,I,VS2,62.7,59.0,-0.03000000000000025,2.1300000000000003,7.683025595005704
0.31,Ideal,I,IF,62.0,54.0,-0.05999999999999961,1.6999999999999997,6.508668909574678
0.81,Ideal,E,VS2,60.4,57.0,-0.040000000000000036,2.4099999999999997,8.261097318860488
0.31,Ideal,E,VS2,61.8,55.0,0.040000000000000036,1.6499999999999995,6.694107331504969
0.77,Ideal,F,VS1,61.2,56.0,-0.02999999999999936,2.3099999999999996,8.240123848804757
0.73,Ideal,E,VS1,61.9,56.0,-0.02999999999999936,2.2199999999999998,8.154997444538884
0.39,Premium,G,VVS1,60.4,59.0,0.03000000000000025,1.8599999999999999,7.031412421994871
0.31,Ideal,E,SI1,62.4,57.0,0.03000000000000025,1.6099999999999994,6.545534401694632
0.33,Ideal,F,IF,61.2,56.0,-0.020000000000000462,1.75,6.868914885605392
0.3,Ideal,E,VS2,62.4,57.0,-0.040000000000000036,1.6400000000000001,6.358182112759807
1.01,Premium,H,VS2,62.5,58.0,0.08000000000000007,2.35,8.5327810336164
0.36,Very Good,H,SI2,61.2,55.0,-0.03000000000000025,1.81,6.157230802118808
0.91,Ideal,H,SI2,60.3,57.0,-0.040000000000000036,2.5199999999999996,8.150164294549286
1.04,Ideal,G,VVS2,61.5,57.0,-0.03000000000000025,2.5300000000000002,8.975119483962485
1.2,Good,G,VS1,62.8,59.0,-0.0600000000000005,2.51,9.051908093945201
0.35,Ideal,G,VS1,62.1,56.0,0.040000000000000036,1.6999999999999997,6.704157669607249
0.52,Ideal,G,VVS2,62.3,55.0,-0.040000000000000036,1.96,7.508655391033609
1.03,Premium,F,VS1,61.8,59.0,-0.020000000000000462,2.4800000000000004,8.919469526122931
0.56,Ideal,F,VS2,62.3,55.0,-0.040000000000000036,2.0200000000000005,7.438252669443808
1.63,Ideal,G,SI1,60.6,57.0,-0.04999999999999982,3.05,9.430777920810746
1.9,Premium,F,SI2,62.9,61.0,0.04999999999999982,2.8500000000000005,9.394147382243423
1.0,Fair,F,VS2,66.7,57.0,0.07000000000000028,1.9900000000000002,8.52084452634678
0.34,Ideal,E,SI1,61.8,56.0,-0.03000000000000025,1.7200000000000006,6.445073001397817
0.4,Ideal,E,SI1,62.5,57.0,0.040000000000000036,1.75,6.812249536025741
0.31,Ideal,G,VVS1,61.8,54.0,-0.040000000000000036,1.6999999999999997,6.652390964727712
0.53,Ideal,F,VVS2,62.1,56.0,-0.0699999999999994,1.9999999999999996,7.666811175838972
0.7,Very Good,G,VS2,63.3,57.0,-0.040000000000000036,2.0900000000000003,7.741914703036129
0.51,Good,F,SI1,63.6,58.0,-0.03000000000000025,1.8599999999999999,7.014937881685659
0.3,Ideal,E,VS2,61.8,56.0,0.03000000000000025,1.63,6.558972298255339
2.46,Ideal,J,SI2,62.3,57.0,0.08999999999999986,3.2,9.639826739753998
0.9,Ideal,G,SI1,61.6,58.0,-0.04999999999999982,2.4,8.268359110630039
0.54,Ideal,G,VVS2,61.2,56.0,-0.03000000000000025,2.06,7.59639044367024
0.9,Very Good,F,SI1,58.0,63.0,0.08000000000000007,2.6,8.260801023601854
0.31,Ideal,G,VVS2,62.2,54.0,-0.040000000000000036,1.6699999999999995,6.54884967286012
0.92,Premium,E,SI1,59.4,62.0,0.05999999999999961,2.5100000000000002,8.307720822996433
0.9,Very Good,F,VS1,62.4,59.0,-0.05000000000000071,2.3300000000000005,8.566121557336343
2.02,Very Good,J,VS2,62.6,58.0,-0.07000000000000028,3.05,9.538664580044832
0.63,Ideal,H,SI2,61.7,55.0,-0.04999999999999982,2.1499999999999995,7.346213781262379
0.44,Ideal,G,IF,62.2,54.0,-0.03000000000000025,1.87,7.135316384572038
0.57,Ideal,H,VS2,61.6,55.0,-0.020000000000000462,2.0700000000000003,7.344050896930413
0.32,Very Good,F,VS2,60.2,59.0,-0.02999999999999936,1.7699999999999996,6.39850663341622
1.13,Ideal,I,SI2,61.7,57.0,-0.11000000000000032,2.5700000000000003,8.417607086020265
1.2,Very Good,G,SI2,62.1,56.0,-0.08000000000000007,2.63,8.615822388277234
1.47,Premium,I,SI2,62.4,55.0,0.09999999999999964,2.6900000000000004,8.765317408323305
1.01,Ideal,I,VS1,62.5,59.0,-0.08000000000000007,2.43,8.525428018625481
0.38,Ideal,F,SI1,61.3,55.0,-0.1299999999999999,1.88,6.500294661627402
0.35,Good,G,VS1,58.6,60.5,-0.05999999999999961,1.9599999999999995,6.475373136816835
2.0,Very Good,I,VS2,63.5,59.0,0.05000000000000071,2.88,9.618993491923478
0.33,Premium,I,VVS2,61.0,58.0,0.040000000000000036,1.71,6.5274494581679265
1.08,Ideal,H,VS2,61.9,54.0,0.02999999999999936,2.5100000000000007,8.670621556708245
1.7,Ideal,H,I1,62.6,54.1,-0.04999999999999982,2.8600000000000003,8.87114845781954
0.97,Fair,G,I1,57.2,60.0,0.22999999999999954,2.64,7.74884990739991
0.55,Ideal,F,SI2,62.3,57.0,0.04999999999999982,1.9499999999999997,7.062685610443824
0.61,Very Good,G,VS1,62.7,57.0,-0.0699999999999994,2.05,7.597572404580857
1.03,Ideal,G,VS2,60.3,56.0,0.040000000000000036,2.59,8.770262593839636
0.3,Ideal,E,VS2,61.8,56.0,-0.020000000000000462,1.6600000000000001,6.35781771279983
1.01,Very Good,E,SI2,63.1,61.0,0.07000000000000028,2.2899999999999996,8.338713193871692
0.23,Very Good,E,VVS2,60.2,57.0,-0.05999999999999961,1.63,6.062836256716219
0.3,Very Good,H,VS2,63.5,58.0,0.02999999999999936,1.54,6.294035580513271
0.4,Ideal,E,SI1,61.1,56.0,0.020000000000000462,1.8499999999999996,6.815718150349498
0.32,Ideal,D,VS2,61.5,56.0,-0.03000000000000025,1.71,6.553672113423474
0.46,Premium,E,VS2,60.2,60.0,0.04999999999999982,1.96,7.043293109800107
0.93,Very Good,G,SI2,60.8,62.0,-0.04999999999999982,2.5,8.1680799486527
1.22,Premium,H,VS1,62.2,58.0,0.08000000000000007,2.5299999999999994,8.895164324171414
0.31,Ideal,F,IF,61.7,56.0,-0.03000000000000025,1.7000000000000002,6.797621542771598
0.38,Ideal,J,VS2,61.4,57.0,-0.02999999999999936,1.8099999999999996,6.258816538451899
1.12,Premium,I,VS2,61.9,58.0,0.04999999999999982,2.51,8.56403914674567
0.92,Very Good,H,SI1,60.6,60.0,-0.04999999999999982,2.5100000000000002,8.248890908804889
1.2,Ideal,G,SI1,61.2,56.0,-0.009999999999999787,2.67,8.82958410738289
0.61,Ideal,G,IF,61.8,52.0,-0.08999999999999986,2.15,7.904996613581564
1.27,Premium,E,VS2,61.2,59.0,0.04999999999999982,2.6899999999999995,9.144285417243747
0.41,Ideal,D,SI1,62.7,56.0,0.04999999999999982,1.7500000000000004,6.8534507551443005
0.34,Premium,D,SI2,60.7,61.0,0.05999999999999961,1.73,6.444239958052932
1.17,Ideal,F,SI1,63.0,54.0,0.04999999999999982,2.45,8.71697174138217
0.35,Ideal,G,VS2,62.5,53.0,-0.02999999999999936,1.7199999999999998,6.470299898149468
0.33,Premium,I,VS1,62.7,58.0,0.02999999999999936,1.6300000000000003,6.410727033626028
0.9,Ideal,G,SI2,62.5,56.0,-0.04999999999999982,2.3400000000000003,8.146980816788993
0.77,Good,I,SI1,62.3,55.0,-0.04999999999999982,2.2499999999999996,7.705198002529948
0.5,Fair,G,VS2,65.1,56.0,0.02999999999999936,1.7300000000000004,7.1050198363657495
1.12,Ideal,F,SI1,61.7,56.0,-0.040000000000000036,2.5699999999999994,8.697267725984563
0.97,Very Good,F,SI2,59.9,59.0,-0.07000000000000028,2.6100000000000003,8.202782197378507
1.02,Very Good,E,SI1,63.5,55.0,-0.07000000000000028,2.3500000000000005,8.610925820343695
1.9,Ideal,H,VS2,61.7,55.0,0.09000000000000075,2.96,9.562737173313554
0.3,Good,F,SI1,63.5,57.0,-0.02999999999999936,1.5699999999999994,6.120664963426575
1.35,Ideal,G,I1,62.5,57.0,-0.03000000000000025,2.6500000000000004,8.4229430208425
1.08,Very Good,F,SI2,63.3,59.0,0.040000000000000036,2.3500000000000005,8.380907142760911
0.52,Premium,D,SI1,60.9,61.0,0.020000000000000462,2.0,7.34741606450307
1.31,Ideal,H,VS1,61.5,56.0,-0.05999999999999961,2.7399999999999993,9.012210874211135
0.9,Good,D,SI1,63.5,57.0,-0.040000000000000036,2.2600000000000002,8.340938084634049
2.15,Premium,G,SI2,58.9,58.0,0.05000000000000071,3.4400000000000004,9.55502570691813
0.92,Premium,I,SI2,61.5,59.0,0.05999999999999961,2.37,8.019136341904607
0.3,Premium,D,SI2,61.2,60.0,0.02999999999999936,1.6500000000000004,6.271299263897397
1.65,Ideal,G,VS2,62.2,55.0,0.02999999999999936,2.8500000000000005,9.583515457353547
0.41,Ideal,E,VS1,61.8,55.0,-0.04999999999999982,1.8499999999999996,6.896019136677159
0.59,Premium,E,SI2,61.4,59.0,0.08000000000000007,2.0300000000000002,7.225285604080765
0.63,Ideal,D,VS2,62.1,55.0,-0.019999999999999574,2.0999999999999996,7.803341910035802
0.56,Ideal,E,SI1,61.6,56.0,-0.040000000000000036,2.06,7.334920432488726
1.01,Ideal,H,VS2,62.3,57.0,-0.05000000000000071,2.43,8.56756145332649
0.91,Very Good,G,VS2,62.3,59.0,-0.040000000000000036,2.34,8.42705141117378
2.01,Very Good,H,SI1,63.1,56.0,0.05000000000000071,2.9400000000000004,9.65163087997819
0.51,Ideal,G,VVS2,62.0,57.0,-0.03000000000000025,1.96,7.461963654245271
1.0,Good,I,VVS2,57.4,59.0,0.08000000000000007,2.7600000000000002,8.553914407395256
0.31,Ideal,D,VS2,62.1,54.0,0.0600000000000005,1.6299999999999994,6.734509635408721
0.31,Ideal,F,VS2,62.3,55.0,-0.040000000000000036,1.6600000000000001,6.44409464245221
0.51,Very Good,G,VS2,62.9,57.0,-0.0600000000000005,1.92,7.195377647774392
0.3,Ideal,I,VVS1,61.1,57.0,0.040000000000000036,1.6700000000000004,6.47745794789094
0.7,Ideal,D,SI2,62.0,57.0,0.02999999999999936,2.1400000000000006,7.730999771859323
1.51,Premium,E,VS1,59.5,59.0,0.05999999999999961,3.0100000000000007,9.584349942417688
0.31,Premium,E,VS1,58.9,59.0,0.03000000000000025,1.8299999999999996,6.660812028044383
1.21,Ideal,E,VS1,61.7,56.0,-0.02999999999999936,2.63,9.252510357850928
0.26,Ideal,F,IF,61.6,56.0,-0.040000000000000036,1.5900000000000003,6.482121803306576
0.31,Ideal,D,SI1,62.0,55.0,-0.019999999999999574,1.67,6.377415919042219
0.5,Ideal,E,SI1,61.6,57.0,0.040000000000000036,1.94,7.078273269586252
2.0,Good,H,SI2,63.6,57.0,0.040000000000000036,2.8899999999999997,9.544948815297163
0.7,Premium,F,VS2,61.6,60.0,0.0600000000000005,2.13,7.806495034566374
1.83,Premium,H,SI1,60.4,59.0,0.040000000000000036,3.0999999999999996,9.500937407575714
0.51,Ideal,J,VS1,61.6,54.0,-0.040000000000000036,1.9999999999999996,7.04459113599308
0.23,Very Good,D,SI2,63.5,57.0,0.020000000000000018,1.4,5.892832472555027
0.72,Very Good,E,SI1,58.9,58.0,-0.03000000000000025,2.44,7.930911668932465
1.66,Premium,J,VVS2,62.6,59.0,0.040000000000000036,2.8099999999999996,9.20952791981615
0.5,Fair,D,SI1,65.1,58.0,0.040000000000000036,1.7199999999999998,7.028755881096858
1.65,Premium,G,SI1,61.0,58.0,0.040000000000000036,2.96,9.40168288467506
1.01,Very Good,E,VS1,60.9,55.0,-0.09999999999999964,2.6,8.966434770409206
1.14,Good,I,SI2,60.0,65.0,0.04999999999999982,2.6900000000000004,8.328530568715975
0.3,Premium,E,SI1,61.3,60.0,-0.040000000000000036,1.6799999999999997,6.224035234112556
2.0,Premium,H,SI2,62.8,56.0,0.05999999999999872,2.95,9.558161081333985
0.3,Very Good,J,VS1,63.4,55.0,0.04999999999999982,1.54,6.148251933754255
0.9,Good,D,SI2,63.5,62.0,-0.040000000000000036,2.25,8.167233610204418
0.39,Premium,E,VVS1,60.7,58.0,0.040000000000000036,1.8300000000000005,7.159067355432084
0.56,Very Good,F,VVS2,59.5,61.0,0.03000000000000025,2.15,7.680622324577402
0.72,Premium,F,VS1,58.8,60.0,0.020000000000000462,2.4199999999999995,8.06621953072163
0.5,Good,E,SI1,63.7,56.0,-0.040000000000000036,1.8499999999999996,6.916945770791114
1.01,Ideal,D,VVS1,62.5,55.0,0.05000000000000071,2.38,9.318677830840667
0.7,Ideal,F,SI1,60.8,60.0,-0.040000000000000036,2.2800000000000002,7.879944276437491
0.91,Very Good,G,VS1,60.9,54.0,-0.11000000000000032,2.53,8.573639685003116
0.31,Ideal,D,VS2,60.4,56.0,-0.03000000000000025,1.7599999999999998,6.530195207182643
0.42,Premium,G,VS2,62.6,57.0,0.040000000000000036,1.7699999999999996,6.860146323396186
1.25,Ideal,J,VS1,61.2,56.0,-0.020000000000000462,2.7,8.730143469723647
0.32,Premium,F,VVS1,62.7,60.0,0.02999999999999936,1.6,6.891941234286092
0.37,Premium,F,VS2,61.2,58.0,0.0600000000000005,1.7799999999999998,6.755063458014975
1.53,Very Good,H,SI2,61.4,60.0,-0.0699999999999994,2.8899999999999997,9.09607494652954
0.9,Fair,F,SI2,64.6,56.0,-0.0600000000000005,2.1700000000000004,8.045804433464477
0.58,Premium,E,VS1,62.2,58.0,0.04999999999999982,1.9899999999999998,7.648245290770582
0.41,Ideal,D,VS2,62.4,55.0,0.03000000000000025,1.7799999999999998,6.985563221599717
0.73,Ideal,D,SI1,62.4,53.0,0.03000000000000025,2.17,7.965895680087844
1.0,Very Good,F,SI1,63.5,56.0,-0.0699999999999994,2.34,8.516327898439815
1.01,Premium,F,VVS2,61.8,55.0,0.08999999999999986,2.4000000000000004,9.054461214274705
0.38,Ideal,I,VS1,61.5,56.0,-0.040000000000000036,1.83,6.407832646433326
1.0,Good,G,VS2,64.1,58.0,-0.10000000000000053,2.3000000000000007,8.62574594504927
0.53,Ideal,F,SI2,62.2,53.0,-0.02999999999999936,1.9799999999999995,7.068561196488191
0.32,Ideal,G,VVS2,62.1,57.0,0.019999999999999574,1.6600000000000001,6.728601324433768
0.71,Ideal,H,SI1,60.7,59.0,-0.05999999999999961,2.3,7.841878270112398
0.49,Ideal,H,SI1,59.9,56.0,-0.02999999999999936,2.0799999999999996,6.85585020550817
1.05,Premium,I,SI2,60.2,61.0,0.02999999999999936,2.62,8.2990205378976
0.36,Ideal,G,VVS2,62.3,56.0,-0.020000000000000462,1.7300000000000004,6.711521653378334
0.37,Premium,G,IF,59.8,58.0,0.019999999999999574,1.8800000000000003,6.960825124939763
1.06,Ideal,G,VVS1,61.6,57.0,-0.019999999999999574,2.5199999999999996,9.085075451444323
1.0,Premium,G,VS2,62.0,57.0,0.05999999999999961,2.4,8.655476871062051
1.07,Ideal,F,VS1,62.1,55.0,0.020000000000000462,2.4799999999999995,9.015328956229089
0.73,Ideal,I,VS2,61.9,56.0,-0.03000000000000025,2.21,7.7614232042302325
1.12,Ideal,F,VVS2,61.3,57.0,-0.03000000000000025,2.6000000000000005,9.23530476454656
1.24,Ideal,D,VVS2,62.6,55.0,0.05000000000000071,2.5599999999999996,9.478593181454135
1.02,Very Good,F,SI1,63.1,55.0,0.07000000000000028,2.33,8.540343136793998
0.7,Premium,G,SI1,60.3,61.0,0.03000000000000025,2.26,7.771599853850088
0.59,Ideal,E,VVS2,62.0,55.0,-0.04999999999999982,2.0799999999999996,7.850756794215282
1.5,Fair,F,SI2,64.7,59.0,0.08000000000000007,2.46,9.003305546597453
1.1,Ideal,G,VS2,60.9,56.0,-0.11000000000000032,2.6900000000000004,8.881993765591861
0.4,Premium,G,VVS2,58.9,58.0,0.040000000000000036,1.96,6.962445202868998
0.5,Ideal,E,SI1,59.7,62.0,-0.03000000000000025,2.1000000000000005,7.042676099242876
0.23,Very Good,E,VVS1,60.0,59.0,-0.06000000000000005,1.6300000000000003,6.111797848178742
0.54,Ideal,H,SI1,60.6,57.0,-0.040000000000000036,2.1100000000000003,7.103845486164181
0.55,Ideal,F,VS1,61.2,56.0,0.04999999999999982,2.0300000000000002,7.5933376205483025
1.7,Premium,G,VS1,61.0,59.0,0.0600000000000005,2.96,9.660764376486206
0.72,Premium,G,SI2,59.1,61.0,0.040000000000000036,2.3799999999999994,7.710420624969461
0.4,Ideal,I,VS1,61.5,59.0,-0.03000000000000025,1.8399999999999999,6.556119845667105
0.44,Very Good,J,VS1,63.1,57.0,0.040000000000000036,1.77,6.611193396550141
0.41,Ideal,E,VS2,61.8,54.0,0.03000000000000025,1.8099999999999996,6.949642165473554
0.7,Fair,J,SI1,63.0,57.0,-0.04999999999999982,2.09,7.417124625155087
0.23,Ideal,F,VS1,61.1,56.0,-0.020000000000000018,1.56,6.1231752703918945
0.6,Ideal,D,VVS1,62.3,55.0,-0.020000000000000462,2.0400000000000005,8.066476728500952
0.34,Very Good,F,VS2,62.9,58.0,-0.019999999999999574,1.6600000000000001,6.4835092165786214
0.63,Very Good,D,SI1,62.8,57.0,-0.03000000000000025,2.0500000000000003,7.612837156329671
1.3,Premium,J,SI1,61.0,59.0,0.08000000000000007,2.71,8.585098408388841
0.53,Ideal,H,VS1,61.2,56.0,0.04999999999999982,2.01,7.3706278867021355
0.59,Ideal,E,SI2,61.6,54.0,-0.03000000000000025,2.1,7.2544089562524725
0.41,Premium,G,SI1,62.7,58.0,-0.040000000000000036,1.7800000000000002,6.600203224057372
2.01,Premium,J,SI1,62.3,59.0,0.05999999999999961,2.9899999999999993,9.479112901981718
1.03,Premium,I,SI1,61.6,59.0,0.03000000000000025,2.4699999999999998,8.391755739036817
0.92,Premium,F,SI1,62.0,60.0,0.0699999999999994,2.3300000000000005,8.289059791245256
0.3,Ideal,G,VVS2,62.2,55.0,-0.040000000000000036,1.65,6.397411877175805
0.33,Ideal,H,VVS1,61.5,55.0,-0.02999999999999936,1.7299999999999995,6.623064914020143
1.23,Premium,I,SI1,60.3,58.0,0.03000000000000025,2.74,8.629498232427313
0.55,Ideal,G,VVS2,61.4,56.0,-0.010000000000000675,2.04,7.581206160172717
1.35,Ideal,H,SI2,60.0,57.0,0.040000000000000036,2.8500000000000005,8.756276056300683
0.35,Ideal,F,VS2,61.9,54.0,0.040000000000000036,1.7000000000000002,6.721465819955035
0.3,Ideal,E,VS1,61.8,56.0,-0.02999999999999936,1.6699999999999995,6.393783383499799
0.4,Ideal,E,VVS2,62.5,54.0,-0.03999999999999915,1.7999999999999994,6.9923042326732014
0.5,Ideal,E,SI1,61.6,55.0,-0.040000000000000036,1.98,7.021388939691555
0.43,Premium,E,SI1,61.5,60.0,-0.0699999999999994,1.8899999999999997,6.741823510101708
0.71,Fair,D,SI1,64.6,60.0,-0.04999999999999982,1.9999999999999996,7.815141370158455
1.0,Premium,D,VVS2,58.3,61.0,0.0699999999999994,2.6800000000000006,9.106354364441602
0.53,Very Good,F,SI1,60.9,56.0,-0.020000000000000462,2.0500000000000003,7.2398650284717645
0.31,Very Good,H,VVS2,62.6,56.0,-0.03000000000000025,1.6400000000000001,6.401974049638146
0.4,Ideal,D,VS2,61.3,57.0,-0.019999999999999574,1.8499999999999996,6.83282167677827
1.22,Ideal,G,VS1,62.2,56.0,0.03000000000000025,2.58,9.1333753522862
0.31,Premium,E,VVS2,61.3,60.0,-0.019999999999999574,1.6899999999999995,6.651575739001116
1.11,Premium,G,SI1,61.5,58.0,0.10000000000000053,2.5300000000000002,8.60530980165409
1.01,Very Good,H,SI1,62.5,58.0,-0.04999999999999982,2.42,8.438863894172693
1.0,Good,H,SI1,63.4,56.0,-0.03000000000000025,2.34,8.388176670697804
0.7,Ideal,H,SI2,59.9,57.0,0.02999999999999936,2.29,7.611295079092257
0.38,Very Good,G,VS1,62.0,57.0,-0.02999999999999936,1.7899999999999996,6.611285148908369
0.84,Ideal,H,SI2,59.9,59.0,-0.07000000000000028,2.5100000000000002,7.91056388230943
1.01,Good,H,SI1,64.6,56.0,-0.040000000000000036,2.21,8.389306801124206
0.48,Ideal,G,IF,61.9,55.0,-0.04999999999999982,1.9500000000000002,7.4437905873285155
1.01,Premium,D,SI1,59.1,61.0,0.040000000000000036,2.63,8.588653057161018
1.04,Ideal,I,SI1,61.4,55.0,-0.08999999999999986,2.5700000000000003,8.437303538091296
1.17,Very Good,G,SI1,63.3,61.0,0.0600000000000005,2.3999999999999995,8.645562977090156
0.35,Premium,E,VVS1,63.0,59.0,0.040000000000000036,1.6300000000000003,7.002823931365867
0.4,Premium,G,SI1,61.1,61.0,0.05999999999999961,1.81,6.714723821710304
0.51,Very Good,G,VS2,62.9,58.0,-0.05000000000000071,1.9100000000000001,7.196166126416802
0.56,Ideal,J,VS2,62.0,56.0,-0.040000000000000036,2.03,7.047369843181002
0.51,Ideal,D,SI1,62.4,57.0,0.040000000000000036,1.9,7.23438110283296
0.32,Ideal,G,SI2,61.8,55.0,-0.02999999999999936,1.6999999999999997,6.128708219698468
0.32,Ideal,I,VVS2,61.5,56.0,-0.019999999999999574,1.71,6.362845645591789
0.31,Ideal,E,VVS2,59.9,62.0,-0.009999999999999787,1.77,6.633283580725321
0.41,Ideal,F,SI2,61.6,54.0,-0.019999999999999574,1.8499999999999996,6.520405384411057
0.43,Premium,D,SI1,61.1,59.0,0.05999999999999961,1.8599999999999999,6.875340690348215
1.01,Premium,G,SI2,62.4,58.0,-0.03000000000000025,2.42,8.352580042500085
0.3,Ideal,F,SI1,62.7,54.0,-0.03000000000000025,1.62,6.198180831675343
0.71,Ideal,I,VS2,61.8,55.0,-0.03000000000000025,2.2000000000000006,7.764729038175645
0.78,Premium,J,SI1,63.0,60.0,0.05999999999999961,2.16,7.544900214173769
0.27,Ideal,H,VS1,62.2,56.0,-0.03000000000000025,1.5800000000000005,6.138444218936424
0.91,Premium,F,SI2,61.0,51.0,0.03000000000000025,2.41,8.149004936537066
1.54,Premium,D,VS2,59.3,59.0,-0.07000000000000028,3.12,9.552208189717467
0.54,Ideal,H,VVS1,61.3,56.0,-0.03999999999999915,2.0499999999999994,7.544575082781751
0.23,Very Good,E,VVS2,61.4,60.0,-0.04999999999999982,1.5499999999999998,6.068992896930707
0.32,Ideal,I,SI2,61.0,56.0,-0.020000000000000462,1.7400000000000002,5.989077432761094
1.51,Very Good,E,SI2,63.4,59.0,0.0699999999999994,2.6100000000000003,9.10122860738546
1.7,Ideal,H,SI2,62.1,57.0,0.04999999999999982,2.88,9.259332065123877
1.01,Very Good,F,SI1,62.7,57.0,-0.05999999999999961,2.4,8.549309506301661
1.02,Very Good,J,SI2,62.9,59.0,-0.07000000000000028,2.4000000000000004,8.197419267131446
1.04,Premium,G,SI2,61.2,58.0,-0.07000000000000028,2.5700000000000003,8.380604149590793
0.71,Premium,G,VS2,59.9,60.0,0.040000000000000036,2.2999999999999994,7.934590133842786
0.55,Ideal,G,IF,62.0,55.0,-0.040000000000000036,2.02,7.700601956556311
0.25,Ideal,E,VVS1,62.3,53.0,-0.03000000000000025,1.5600000000000005,6.377901570523704
0.57,Ideal,J,VS2,62.5,54.0,-0.019999999999999574,2.01,7.086646465707178
1.7,Very Good,G,VS2,61.6,58.0,-0.040000000000000036,2.96,9.660254641987963
0.6,Ideal,E,VS2,60.6,56.0,-0.04999999999999982,2.1899999999999995,7.683589243093225
0.52,Premium,E,VS2,60.7,58.0,0.040000000000000036,2.02,7.495775964054237
0.57,Ideal,F,SI2,61.0,56.0,0.04999999999999982,2.0600000000000005,7.204739296951926
0.38,Ideal,F,IF,62.2,54.0,-0.02999999999999936,1.7799999999999998,6.97044952175559
0.41,Good,D,VS1,60.2,62.0,-0.040000000000000036,1.94,6.867724931540513
1.03,Ideal,H,I1,61.5,57.0,-0.03999999999999915,2.5199999999999996,8.089517697499671
1.01,Premium,H,VS2,59.1,58.0,-0.009999999999999787,2.6999999999999997,8.557052570478234
1.22,Ideal,I,SI1,62.5,56.0,0.03000000000000025,2.54,8.64549489215257
0.4,Good,I,VS1,63.5,55.0,-0.040000000000000036,1.73,6.515039046633426
0.75,Premium,F,SI1,61.1,59.0,0.07000000000000028,2.23,7.934072925564548
0.38,Ideal,F,VS2,60.4,55.0,-0.04999999999999982,1.9,6.637834299911825
0.3,Good,G,VVS2,63.6,57.0,0.040000000000000036,1.5399999999999996,6.445947597793938
0.31,Ideal,F,IF,62.0,54.0,-0.020000000000000462,1.6800000000000002,6.797621542771598
1.91,Ideal,G,SI2,62.2,55.0,0.040000000000000036,2.9700000000000006,9.391775254590353
1.06,Ideal,H,VS2,61.2,55.0,-0.040000000000000036,2.58,8.696175561486832
1.34,Very Good,J,VS1,61.7,59.0,-0.10999999999999943,2.7699999999999996,8.722448950463185
1.52,Premium,G,I1,61.7,58.0,0.08999999999999986,2.7800000000000002,8.598325038753394
1.52,Ideal,H,SI1,61.3,56.0,-0.05000000000000071,2.9000000000000004,9.269390066377216
1.54,Ideal,I,SI2,61.4,55.0,0.08999999999999986,2.84,9.000199391305928
0.7,Good,I,VVS2,63.3,55.0,-0.05999999999999961,2.1,7.716643642716657
0.85,Ideal,G,SI1,61.6,55.0,-0.020000000000000462,2.3500000000000005,8.044219299214603
0.51,Premium,E,SI1,61.8,58.0,-0.040000000000000036,1.9800000000000004,7.138047025426285
0.38,Ideal,E,VS1,61.9,56.0,-0.040000000000000036,1.79,6.751392973323674
0.3,Very Good,I,SI1,61.2,58.0,-0.02999999999999936,1.6799999999999997,5.968511145658853
0.57,Good,I,SI1,63.3,56.0,-0.020000000000000462,1.9500000000000002,7.021869583227498
1.01,Good,J,SI2,63.7,60.0,0.11000000000000032,2.24,8.058450886439909
0.7,Very Good,D,VS2,61.8,55.0,-0.040000000000000036,2.1999999999999997,7.988288530933152
1.16,Premium,F,SI2,62.4,59.0,0.08000000000000007,2.4699999999999998,8.484493876620627
0.82,Very Good,H,SI1,60.7,56.0,-0.019999999999999574,2.3899999999999997,7.974849314206086
0.33,Ideal,D,SI1,62.2,54.0,-0.009999999999999787,1.69,6.421278028654733
0.33,Very Good,H,VS2,62.8,59.0,-0.0600000000000005,1.6700000000000004,6.278338649323478
0.65,Ideal,F,VVS2,61.3,56.0,-0.03000000000000025,2.18,7.937969970875336
0.31,Ideal,D,VVS2,61.7,54.0,-0.04999999999999982,1.7099999999999995,6.696091419259255
0.36,Very Good,G,SI1,61.2,63.0,-0.03000000000000025,1.79,6.361632248028224
1.02,Very Good,E,VVS1,60.2,60.0,-0.15000000000000036,2.65,9.22849107234062
0.7,Ideal,F,VS1,62.4,53.0,0.020000000000000462,2.14,7.942700656249972
0.3,Premium,D,VS1,60.2,59.0,-0.03000000000000025,1.77,6.406955216948321
1.1,Ideal,G,VS1,61.3,57.0,-0.07000000000000028,2.6000000000000005,8.959906216947676
0.73,Ideal,E,SI2,62.1,57.0,0.040000000000000036,2.15,7.785423537457463
0.5,Very Good,D,VS2,63.7,56.0,-0.08000000000000007,1.85,7.184003093038758
1.01,Premium,G,SI1,62.9,61.0,0.019999999999999574,2.34,8.47117605895522
0.4,Premium,F,SI1,62.5,59.0,0.040000000000000036,1.7399999999999998,6.766580165197198
0.52,Very Good,G,VS1,61.8,58.0,0.03000000000000025,1.96,7.415812531276894
1.2,Very Good,F,SI1,63.5,57.0,-0.08999999999999986,2.49,8.810768800945564
0.58,Premium,H,SI1,62.1,55.0,0.03000000000000025,2.0199999999999996,7.195040343878499
0.51,Premium,G,VVS2,61.7,58.0,0.04999999999999982,1.9499999999999997,7.5012058972423565
0.9,Premium,F,SI1,63.0,60.0,0.040000000000000036,2.2399999999999998,8.258389190063854
1.5,Premium,G,I1,60.4,55.0,0.08000000000000007,2.87,8.58805659880925
1.09,Premium,D,SI2,62.2,59.0,0.03000000000000025,2.4299999999999997,8.447537294477524
0.32,Ideal,E,VS2,61.0,56.0,-0.019999999999999574,1.73,6.513269809519722
0.9,Good,F,SI1,62.5,59.0,-0.03000000000000025,2.31,8.273646013695302
0.56,Ideal,G,VVS1,62.0,56.0,0.019999999999999574,2.0000000000000004,7.673963472314526
1.5,Ideal,I,SI1,61.5,57.0,0.05000000000000071,2.8099999999999996,9.125065654089525
2.02,Good,J,SI2,64.4,60.0,-0.05999999999999961,2.84,9.51469639067823
0.9,Very Good,H,VS1,62.8,59.0,-0.08000000000000007,2.3100000000000005,8.351610532477915
0.61,Ideal,F,VS1,61.9,57.0,-0.040000000000000036,2.09,7.7117761153191235
0.4,Premium,G,SI1,62.0,59.0,-0.019999999999999574,1.7999999999999998,6.571509499323787
0.72,Ideal,D,SI1,61.8,56.0,-0.05999999999999961,2.2399999999999998,8.020712009867493
1.29,Premium,I,SI1,62.0,59.0,0.04999999999999982,2.6400000000000006,8.72898131244316
1.71,Very Good,J,VS2,62.6,55.0,-0.07000000000000028,2.880000000000001,9.253876811600211
1.14,Premium,H,SI1,63.0,57.0,0.04999999999999982,2.45,8.545035554153669
0.54,Very Good,D,VS2,60.7,57.0,-0.04999999999999982,2.09,7.513104354306044
0.24,Very Good,G,VVS2,62.0,56.0,-0.03000000000000025,1.54,6.205706319247091
0.52,Ideal,E,VS2,61.1,57.0,-0.020000000000000462,2.0300000000000002,7.453594485354712
0.34,Ideal,G,IF,60.1,57.0,0.040000000000000036,1.7999999999999998,6.945552095559619
0.54,Premium,D,VS1,60.5,58.0,0.05999999999999961,2.04,7.650234765990919
1.08,Premium,H,SI1,62.6,56.0,0.0600000000000005,2.42,8.492105022377743
1.11,Very Good,J,SI1,62.0,58.0,-0.04999999999999982,2.5300000000000002,8.339349057885153
0.36,Ideal,E,VS2,61.5,56.2,-0.040000000000000036,1.7799999999999998,6.64544313288004
0.34,Very Good,H,VVS2,62.7,59.0,-0.040000000000000036,1.6799999999999997,6.51519278775612
0.34,Premium,F,VS2,58.1,61.0,0.04999999999999982,1.8899999999999997,6.652257077211556
1.5,Premium,F,VS2,61.5,58.0,0.020000000000000462,2.8200000000000003,9.522090547542126
1.12,Very Good,D,SI1,59.9,57.0,-0.040000000000000036,2.74,8.74261801834925
0.7,Very Good,H,SI1,58.5,65.0,-0.03000000000000025,2.4299999999999997,7.69369757728886
0.35,Ideal,G,SI1,61.3,56.0,0.019999999999999574,1.75,6.51791605693873
0.73,Premium,G,SI1,60.8,58.0,-0.02999999999999936,2.3,7.883556039408368
0.52,Ideal,D,SI2,61.0,56.0,-0.04999999999999982,2.05,7.172609140903839
0.31,Ideal,E,VVS2,61.6,57.0,0.040000000000000036,1.65,6.817370666231286
0.41,Ideal,E,SI1,61.8,56.0,-0.010000000000000675,1.83,6.690826960788303
0.35,Ideal,F,VS1,61.9,55.0,-0.04999999999999982,1.7600000000000002,6.628637327356961
0.53,Ideal,E,VS1,61.5,55.0,-0.020000000000000462,2.02,7.569361379401552
0.7,Fair,E,SI2,65.3,56.0,0.03000000000000025,1.9100000000000001,7.499594087584638
1.04,Good,F,SI2,63.1,60.0,-0.07000000000000028,2.3899999999999997,8.364266691116054
0.38,Premium,H,VS2,60.6,58.0,0.020000000000000462,1.8399999999999999,6.62750047578549
0.31,Premium,E,SI1,62.6,60.0,-0.040000000000000036,1.6399999999999997,6.337418597010798
0.52,Very Good,E,VS2,62.5,56.0,-0.02999999999999936,1.9499999999999997,7.351983309948451
1.34,Ideal,J,SI2,62.0,56.0,0.05999999999999961,2.6500000000000004,8.528472054242101
0.3,Ideal,G,VVS1,60.4,58.0,-0.019999999999999574,1.7399999999999998,6.467805874053313
1.76,Premium,J,VS1,62.0,58.0,0.040000000000000036,2.91,9.272710932995128
0.3,Ideal,G,VVS2,63.0,57.0,0.040000000000000036,1.5700000000000003,6.553273346136287
0.51,Premium,G,VS1,62.5,58.0,-0.020000000000000462,1.9200000000000004,7.307895063146199
0.31,Ideal,E,IF,62.5,56.0,-0.03000000000000025,1.65,6.851662216575806
0.36,Ideal,H,SI1,62.3,57.0,-0.040000000000000036,1.7400000000000002,6.3168484540018826
1.01,Very Good,F,SI2,63.4,60.0,0.07000000000000028,2.2699999999999996,8.313276972500955
0.3,Ideal,G,VVS2,60.9,57.0,-0.02999999999999936,1.7099999999999995,6.397400593329055
0.41,Ideal,J,VS2,61.7,55.0,-0.019999999999999574,1.8499999999999996,6.4317041719897325
0.25,Very Good,E,VVS1,60.0,56.0,-0.040000000000000036,1.6699999999999995,6.269130774864942
1.1,Ideal,I,SI1,62.1,57.0,-0.040000000000000036,2.5299999999999994,8.469565387080623
0.23,Ideal,G,IF,61.7,55.0,-0.040000000000000036,1.54,6.317937813694992
0.33,Ideal,E,VS2,62.1,57.0,0.03000000000000025,1.6600000000000001,6.7129964727237095
0.77,Ideal,H,VS1,61.4,55.0,-0.040000000000000036,2.3,8.050432312652259
1.61,Premium,F,SI1,62.9,59.0,0.07000000000000028,2.7399999999999993,9.394643215050166
0.71,Ideal,E,SI2,59.3,56.0,0.04999999999999982,2.36,7.8253711495877365
0.3,Premium,G,VS1,61.2,59.0,0.040000000000000036,1.6500000000000004,6.473645217206046
1.52,Very Good,G,VS2,63.4,58.0,0.0699999999999994,2.63,9.43208898541869
1.51,Good,G,VVS2,63.8,59.0,-0.040000000000000036,2.6500000000000004,9.50524300080033
0.52,Ideal,F,VS1,62.2,55.0,0.040000000000000036,1.9299999999999997,7.5272047433723
1.45,Fair,J,SI2,58.6,68.0,0.1200000000000001,2.99,8.635072194735333
0.77,Ideal,I,VS1,61.5,59.0,-0.040000000000000036,2.29,7.915212418345083
1.0,Very Good,F,VVS2,60.0,62.0,-0.03000000000000025,2.59,9.029422478144335
1.18,Very Good,E,VVS2,61.5,58.0,-0.08999999999999986,2.67,9.348584030007759
0.3,Good,H,SI1,63.7,56.0,0.019999999999999574,1.52,6.180088596709864
1.5,Premium,I,VVS2,60.2,58.0,0.16000000000000014,2.87,9.221928805479775
0.41,Ideal,H,VVS2,62.0,56.0,0.040000000000000036,1.79,6.920263123102204
0.32,Ideal,H,SI2,61.5,56.0,-0.020000000000000462,1.7200000000000002,6.069051988929406
0.38,Premium,G,VS2,59.3,59.0,-0.03000000000000025,1.9400000000000004,6.557345551046686
1.03,Ideal,D,SI2,60.5,58.0,-0.0600000000000005,2.62,8.501113734175723
1.03,Ideal,F,IF,62.3,57.0,-0.04999999999999982,2.46,9.244820758484382
2.16,Premium,J,VVS1,61.5,58.0,0.09999999999999964,3.1499999999999995,9.597693733403512
0.93,Ideal,H,SI1,61.6,54.0,-0.040000000000000036,2.44,8.258363156611106
0.3,Ideal,E,VVS2,61.4,57.0,-0.019999999999999574,1.6799999999999997,6.487134658287647
0.58,Ideal,E,VS1,60.1,57.0,-0.05999999999999961,2.1999999999999997,7.7231632032665996
0.43,Premium,G,VS2,60.8,59.0,-0.04999999999999982,1.94,6.786428895262294
0.75,Ideal,D,VS1,62.4,54.0,0.020000000000000462,2.19,8.17132380019889
0.32,Very Good,E,SI1,63.1,56.0,0.03000000000000025,1.5899999999999999,6.469229235225271
0.44,Ideal,I,VVS1,61.2,55.0,-0.03000000000000025,1.9300000000000002,6.874193277006646
0.9,Premium,F,VS1,62.7,58.0,-0.03000000000000025,2.31,8.56145089521734
0.41,Ideal,G,SI1,61.2,56.0,-0.040000000000000036,1.8899999999999997,6.607906143383806
0.58,Ideal,F,VVS1,61.7,56.0,-0.040000000000000036,2.0700000000000003,7.808267608432384
0.36,Ideal,E,VS2,61.7,55.0,-0.05999999999999961,1.79,6.64544313288004
1.01,Very Good,E,SI1,64.1,56.0,-0.05999999999999961,2.3,8.56245520969803
0.33,Premium,E,SI2,59.7,58.0,-0.04999999999999982,1.8400000000000003,6.198599485668894
0.4,Ideal,G,VVS1,61.6,57.0,-0.009999999999999787,1.8299999999999996,6.973928296128927
0.59,Good,D,SI1,63.7,56.0,0.02999999999999936,1.9200000000000004,7.341731228479073
0.45,Premium,I,VVS1,63.0,56.0,0.020000000000000462,1.7999999999999998,6.953403011123529
0.54,Premium,H,VS2,61.6,58.0,0.020000000000000462,1.9999999999999996,7.272646132390883
0.43,Premium,E,VVS2,60.8,57.0,0.03000000000000025,1.9099999999999997,7.156258122813477
1.09,Ideal,F,VVS2,62.5,55.0,-0.08000000000000007,2.5,9.201388398229362
0.55,Ideal,D,VVS2,61.1,57.0,0.03000000000000025,2.05,7.844007936377922
0.36,Premium,F,VS2,62.0,59.0,0.04999999999999982,1.6999999999999997,6.755063458014975
1.23,Ideal,H,SI1,61.5,57.0,0.03000000000000025,2.6399999999999997,8.767687613098154
0.36,Premium,D,VS2,61.0,58.0,-0.03000000000000025,1.81,6.6796742154355035
1.03,Premium,E,VS2,61.3,61.0,0.07000000000000028,2.48,8.820324712087428
0.34,Ideal,F,VVS1,61.4,57.0,-0.03000000000000025,1.7600000000000002,6.837162280260518
2.09,Premium,G,SI2,59.8,59.0,0.049999999999998934,3.33,9.555479339132997
1.52,Ideal,G,VS2,62.8,54.0,-0.0600000000000005,2.75,9.506528925124776
0.73,Ideal,G,VS1,60.9,59.0,-0.040000000000000036,2.29,8.056941780103909
1.0,Premium,H,SI1,61.8,60.0,0.0600000000000005,2.3899999999999997,8.402346960591155
0.38,Premium,I,SI2,60.0,59.0,-0.019999999999999574,1.8900000000000001,6.1171255719408295
0.32,Ideal,F,VS2,62.1,57.0,-0.03000000000000025,1.67,6.46477610588245
0.5,Fair,D,VS2,66.9,57.0,0.1200000000000001,1.56,7.196794721510236
0.54,Ideal,D,VVS2,61.2,55.0,-0.05999999999999961,2.0799999999999996,7.8272997456490145
0.35,Ideal,F,IF,60.9,56.0,-0.019999999999999574,1.7899999999999996,6.909908279578506
1.05,Premium,F,SI1,61.6,57.0,0.02999999999999936,2.5,8.595699399612474
0.31,Premium,G,VVS1,58.0,62.0,0.04999999999999982,1.8399999999999999,6.741072807146266
0.32,Ideal,E,VVS1,61.2,55.0,-0.009999999999999787,1.7199999999999998,6.8173417413216155
1.03,Ideal,H,SI1,62.0,56.0,-0.04999999999999982,2.4800000000000004,8.520702169709185
0.91,Very Good,H,VS2,63.7,57.0,-0.020000000000000462,2.23,8.27271125981634
1.01,Ideal,G,VVS2,62.2,54.0,-0.07000000000000028,2.4700000000000006,8.959740783211947
0.36,Ideal,F,VS1,60.1,56.0,-0.040000000000000036,1.8900000000000006,6.671944769752896
1.0,Premium,D,VVS2,59.9,61.0,0.08000000000000007,2.55,9.130455630820544
0.31,Ideal,H,IF,62.2,54.0,-0.020000000000000462,1.6700000000000004,6.634459976663709
0.59,Premium,E,VS2,59.1,61.0,0.08000000000000007,2.24,7.596383255424581
0.9,Good,E,SI1,64.3,62.0,-0.07000000000000028,2.1900000000000004,8.231450949779601
1.02,Ideal,H,SI1,59.9,56.0,0.03000000000000025,2.5999999999999996,8.50749880714495
1.6,Premium,G,VVS1,61.5,58.0,0.09999999999999964,2.8500000000000005,9.61516609975754
0.39,Ideal,I,VVS1,62.5,53.1,-0.020000000000000462,1.77,6.749842674412492
0.75,Premium,E,SI2,61.9,55.0,0.04999999999999982,2.21,7.816912819654016
0.5,Fair,G,VS2,65.7,57.0,0.0699999999999994,1.6600000000000001,7.101995715795821
1.21,Premium,H,SI1,60.5,59.0,0.07000000000000028,2.6999999999999993,8.684542672286728
0.44,Ideal,G,SI1,61.5,57.0,0.009999999999999787,1.87,6.7802914400145555
0.25,Ideal,E,VVS1,61.2,57.0,0.040000000000000036,1.5700000000000003,6.514211122123293
0.73,Ideal,E,SI2,60.9,57.0,0.03000000000000025,2.26,7.853023079363227
0.47,Premium,E,SI1,59.3,56.0,0.020000000000000462,2.03,7.0247010328985935
0.33,Ideal,G,VS2,61.2,55.0,0.05999999999999961,1.71,6.5960912930301445
1.01,Fair,E,SI2,57.9,57.0,-0.040000000000000036,2.77,8.3768173740546
0.55,Ideal,E,VS1,61.2,57.0,-0.019999999999999574,2.0599999999999996,7.620285165239232
2.03,Premium,H,VS2,62.1,56.0,0.08000000000000007,3.049999999999999,9.654917451746028
1.16,Ideal,G,VS2,60.7,58.0,0.05000000000000071,2.6599999999999993,8.931546540443454
0.51,Ideal,D,SI1,61.9,54.0,-0.0600000000000005,2.0100000000000002,7.212902339535464
0.64,Ideal,G,VVS2,60.7,57.0,-0.04999999999999982,2.23,7.887247839062827
0.5,Very Good,H,VS1,61.0,56.0,-0.03000000000000025,2.01,7.07247444227754
1.08,Very Good,G,VS2,62.0,57.0,-0.03000000000000025,2.5,8.82491910918911
0.33,Good,E,SI1,63.4,55.0,-0.03000000000000025,1.6200000000000006,6.312889402930425
0.32,Ideal,H,VVS2,61.6,55.0,-0.03000000000000025,1.7199999999999998,6.477371154659571
1.01,Premium,E,SI2,59.1,60.0,0.020000000000000462,2.67,8.380145664921008
0.8,Ideal,I,SI1,62.6,56.1,-0.04999999999999982,2.2199999999999998,7.828634599034417
0.41,Ideal,D,VS1,62.1,56.0,0.03000000000000025,1.7999999999999994,7.043991799300902
1.02,Very Good,E,I1,60.6,63.0,-0.05999999999999961,2.5899999999999994,8.183917112044757
0.35,Ideal,H,VVS2,62.5,57.0,-0.05999999999999961,1.7200000000000002,6.554772419155534
0.79,Ideal,E,SI1,62.1,54.0,-0.040000000000000036,2.27,8.08555347640171
1.25,Premium,I,VS1,59.4,60.0,0.0699999999999994,2.83,8.815152864614946
0.9,Fair,I,SI1,67.3,59.0,0.08999999999999986,1.88,7.932127182731636
1.24,Ideal,F,VS2,62.2,56.0,0.0600000000000005,2.58,9.09965981769635
0.7,Very Good,E,SI2,60.4,59.0,-0.04999999999999982,2.29,7.73765740435571
0.7,Ideal,E,SI2,62.3,58.0,-0.040000000000000036,2.16,7.7134762788971045
0.23,Very Good,E,VVS2,60.9,60.0,-0.03000000000000025,1.5700000000000003,6.067296646372253
1.61,Ideal,J,VS2,61.6,56.0,-0.020000000000000462,2.9000000000000004,9.155152477269622
0.52,Good,H,VS2,63.6,57.0,-0.04999999999999982,1.8699999999999997,7.124090363731084
0.32,Ideal,F,VS2,61.6,57.0,0.02999999999999936,1.6800000000000002,6.662097677054225
0.55,Ideal,F,VS2,61.1,56.0,-0.040000000000000036,2.0799999999999996,7.462921832369002
0.56,Premium,F,SI1,62.7,59.0,0.04999999999999982,1.9299999999999997,7.240421684813955
1.2,Ideal,I,SI2,62.5,56.0,0.09999999999999964,2.4800000000000004,8.480997302245148
0.3,Ideal,E,VS2,62.4,57.0,0.040000000000000036,1.6,6.555503683931582
1.06,Premium,H,VS2,62.0,58.0,0.07000000000000028,2.45,8.612229943106088
1.28,Premium,H,VS2,59.4,60.0,0.040000000000000036,2.84,8.891366930342567
1.32,Premium,I,SI2,60.8,58.0,-0.08000000000000007,2.8100000000000005,8.646329143334725
1.1,Very Good,H,SI1,62.4,58.0,-0.040000000000000036,2.5,8.53489216384942
0.32,Very Good,H,SI1,61.9,58.0,-0.040000000000000036,1.6799999999999997,6.1381200065863375
0.51,Good,G,SI1,63.7,55.0,-0.02999999999999936,1.8599999999999994,6.979517809245113
0.3,Very Good,G,VVS2,62.8,60.0,-0.03000000000000025,1.6,6.358196645736368
0.5,Ideal,G,VVS2,61.4,56.0,-0.040000000000000036,2.01,7.385242229764565
0.34,Ideal,G,VS2,62.0,55.0,0.020000000000000462,1.69,6.649950129534962
0.39,Ideal,E,VS1,62.3,57.0,-0.03000000000000025,1.77,6.849634474962091
1.32,Premium,H,VS2,61.5,59.0,0.03000000000000025,2.6899999999999995,8.910014207895744
0.51,Ideal,F,VS2,62.9,55.0,0.040000000000000036,1.87,7.340363240403298
0.72,Ideal,E,SI1,61.3,56.0,-0.040000000000000036,2.26,7.998506133056394
0.72,Premium,D,SI2,59.1,58.0,0.04999999999999982,2.37,7.832220616333582
1.14,Ideal,J,VS1,61.5,57.0,-0.03000000000000025,2.6000000000000005,8.599999909862158
1.01,Good,G,SI2,62.8,57.0,-0.040000000000000036,2.3699999999999997,8.345011575968542
1.0,Premium,G,SI1,62.7,59.0,0.05000000000000071,2.3399999999999994,8.453224934090692
2.28,Premium,H,SI1,59.3,58.0,0.03999999999999915,3.4700000000000006,9.6479560086943
0.51,Good,F,SI1,63.6,56.0,-0.03000000000000025,1.87,7.013340509329443
0.34,Ideal,G,SI1,61.8,54.0,-0.02999999999999936,1.73,6.337769450270843
0.99,Premium,F,SI2,60.6,61.0,0.07000000000000028,2.4899999999999998,8.231734613486339
0.51,Very Good,E,SI2,58.3,61.9,-0.009999999999999787,2.16,6.9888945985131645
1.0,Good,F,SI1,62.5,57.0,-0.10999999999999943,2.4299999999999997,8.501251057297637
0.33,Ideal,H,VS1,61.9,56.0,0.040000000000000036,1.6800000000000006,6.537539513967957
0.9,Good,G,VS2,64.4,62.0,-0.04999999999999982,2.1599999999999997,8.262161093461872
0.53,Ideal,H,SI1,62.3,57.0,-0.040000000000000036,1.9900000000000002,7.063149223685896
0.33,Premium,E,VS1,60.9,58.0,-0.040000000000000036,1.77,6.599376154831817
0.74,Premium,H,VS1,60.6,60.0,0.07000000000000028,2.28,7.938527399432024
0.53,Ideal,E,VS2,60.7,57.0,-0.03000000000000025,2.0999999999999996,7.488684431323658
1.03,Ideal,J,SI1,61.6,57.0,-0.03000000000000025,2.5,8.31204252296833
0.71,Ideal,G,VVS1,61.7,57.0,0.04999999999999982,2.1700000000000004,8.057541228527537
1.2,Ideal,G,VVS2,62.5,54.4,-0.07000000000000028,2.58,9.23816482855784
1.03,Ideal,F,VS1,62.3,57.0,-0.0699999999999994,2.4799999999999995,8.953545840491358
1.56,Ideal,H,SI1,62.4,53.7,-0.05000000000000071,2.83,9.298169912760478
1.01,Very Good,E,SI1,62.1,56.0,-0.05000000000000071,2.4700000000000006,8.61369680881273
1.01,Ideal,D,SI1,62.4,54.0,0.13999999999999968,2.3499999999999996,8.629672744637821
1.1,Good,F,SI2,63.8,56.0,0.04999999999999982,2.33,8.350791051550038
0.23,Very Good,E,VVS2,62.3,55.0,-0.03000000000000025,1.4900000000000002,6.075822734315163
0.55,Premium,D,VS2,61.3,60.0,0.009999999999999787,2.04,7.557749768920951
0.3,Ideal,G,IF,62.1,55.0,-0.040000000000000036,1.6599999999999997,6.557304617034538
0.32,Ideal,G,VVS2,61.4,55.0,0.02999999999999936,1.6900000000000004,6.732069938757525
1.51,Premium,J,VS2,63.0,57.0,0.08999999999999986,2.67,8.990023307789214
0.9,Very Good,E,SI2,63.7,56.0,-0.04999999999999982,2.2399999999999998,8.186328786603434
1.54,Ideal,G,VVS2,62.5,57.0,0.0600000000000005,2.7199999999999998,9.555922402225738
0.42,Ideal,E,VVS1,59.7,56.0,0.03000000000000025,1.96,7.2058395674170495
0.3,Very Good,I,VVS2,60.1,63.0,0.02999999999999936,1.7000000000000002,6.353851830080727
0.3,Premium,G,VS2,61.9,58.0,-0.03000000000000025,1.6600000000000001,6.253042142714893
0.39,Very Good,H,VVS2,62.1,58.0,-0.020000000000000462,1.7700000000000005,6.737681181022634
0.7,Premium,G,SI2,59.0,60.0,0.019999999999999574,2.3800000000000003,7.655342599369704
0.63,Ideal,E,VS2,61.5,56.0,-0.05999999999999961,2.15,7.7702044125549135
0.9,Premium,E,SI1,60.8,59.0,0.04999999999999982,2.4100000000000006,8.342570483090872
0.72,Very Good,E,SI1,63.1,60.0,-0.04999999999999982,2.12,7.855366656871083
1.01,Premium,G,VS1,62.6,59.0,0.04999999999999982,2.37,8.777795425847508
0.9,Premium,G,SI1,61.9,59.0,0.04999999999999982,2.32,8.21997379670532
2.01,Very Good,I,VS1,62.8,59.0,-0.05000000000000071,3.0200000000000005,9.651024652561432
0.46,Ideal,I,VS1,62.2,54.0,-0.040000000000000036,1.9000000000000004,6.747197262377599
0.9,Very Good,E,SI1,63.1,61.0,0.040000000000000036,2.2499999999999996,8.287847179392735
0.46,Ideal,J,VVS1,61.8,56.0,-0.040000000000000036,1.9099999999999997,6.880426719615307
1.01,Good,G,SI1,63.8,56.0,-0.04999999999999982,2.3200000000000003,8.479057462841626
0.31,Premium,H,VS1,61.8,61.0,0.040000000000000036,1.6400000000000001,6.471594141819257
0.53,Premium,G,VS2,59.9,60.0,-0.040000000000000036,2.1300000000000003,7.349804550131602
0.35,Ideal,E,VS1,61.3,55.0,0.03000000000000025,1.75,6.821360569096102
0.3,Premium,F,VS2,62.8,58.0,0.04999999999999982,1.56,6.496764070212692
1.03,Very Good,F,SI2,63.1,57.0,0.040000000000000036,2.34,8.334650504023022
1.53,Premium,H,VS2,62.7,56.0,0.08000000000000007,2.6999999999999993,9.260064931591574
0.3,Very Good,H,VVS2,61.0,61.0,-0.020000000000000462,1.6900000000000004,6.292113034198011
0.74,Very Good,J,VS1,62.7,58.0,-0.04999999999999982,2.1799999999999997,7.613897085130325
1.0,Ideal,H,SI2,61.2,57.0,-0.03000000000000025,2.5100000000000002,8.355744587352284
1.2,Premium,F,VS2,60.4,59.0,0.020000000000000462,2.7199999999999998,9.045058313426141
0.79,Ideal,E,SI1,62.1,54.0,0.040000000000000036,2.23,8.058520142729655
0.32,Very Good,F,VVS2,62.3,57.0,-0.03000000000000025,1.6800000000000002,6.594620531520994
0.3,Ideal,H,VVS2,62.1,54.0,-0.02999999999999936,1.6599999999999997,6.336051652426748
0.32,Very Good,G,VVS1,58.1,59.0,-0.040000000000000036,1.9100000000000001,6.626711328686599
0.51,Ideal,G,VS2,62.0,56.0,-0.0699999999999994,1.9899999999999998,7.258254131197603
1.02,Good,F,VS1,62.6,54.3,-0.040000000000000036,2.4300000000000006,8.884769055077806
0.54,Ideal,E,VS1,62.0,56.0,-0.08000000000000007,2.02,7.569361379401552
1.5,Good,F,I1,63.7,59.0,0.11000000000000032,2.5599999999999996,8.487718657093684
0.31,Ideal,E,VVS1,61.7,56.0,-0.020000000000000462,1.6900000000000004,6.780395618492239
1.01,Very Good,E,VVS1,63.6,55.0,-0.040000000000000036,2.34,9.174664523163193
0.3,Premium,F,VVS2,61.5,58.0,0.019999999999999574,1.65,6.591952728056527
0.74,Very Good,E,SI1,59.9,56.0,-0.040000000000000036,2.3899999999999997,8.007957821799476
1.5,Premium,J,VS1,62.0,61.0,0.1299999999999999,2.71,9.033479986419358
0.4,Premium,J,VS1,60.7,60.0,-0.03000000000000025,1.8900000000000001,6.45250497473196
1.02,Premium,H,VS2,62.5,56.0,0.03000000000000025,2.4000000000000004,8.55801943710266
0.32,Ideal,D,VS2,62.2,56.0,0.020000000000000462,1.65,6.754826698878984
1.1,Good,D,SI2,57.0,62.0,0.07000000000000028,2.92,8.398016634913088
0.9,Premium,E,SI1,62.3,61.0,0.04999999999999982,2.29,8.303995369236112
2.31,Premium,J,VVS1,62.1,58.0,0.07000000000000028,3.17,9.6147125124438
0.9,Very Good,F,SI2,60.3,63.0,0.07000000000000028,2.44,8.111408335034147
1.7,Premium,E,SI2,59.8,59.0,0.09999999999999964,3.05,9.274303589449039
0.42,Ideal,H,VVS2,61.1,56.0,-0.04999999999999982,1.8999999999999995,6.8651925749174545
0.41,Ideal,F,VVS2,61.7,57.0,0.0699999999999994,1.7900000000000005,7.072531585922283
0.76,Ideal,F,SI2,61.6,57.0,0.0600000000000005,2.2299999999999995,7.848067103970551
1.0,Ideal,D,IF,60.7,57.0,-0.040000000000000036,2.5600000000000005,9.545849269377099
1.71,Ideal,G,VS1,61.4,57.0,-0.0699999999999994,3.0,9.692085911829228
0.3,Very Good,F,VS2,63.4,59.0,0.019999999999999574,1.5400000000000005,6.402774244852729
1.27,Premium,I,VS1,59.5,61.0,0.040000000000000036,2.84,8.823187222665318
0.9,Ideal,J,VS2,59.8,56.0,0.02999999999999936,2.5,8.077918626698127
0.54,Ideal,F,VVS2,62.0,55.0,-0.009999999999999787,2.0,7.666811175838972
1.03,Good,J,SI2,56.2,62.0,-0.040000000000000036,2.9600000000000004,8.150096696927728
0.72,Ideal,I,VS2,61.8,55.0,-0.040000000000000036,2.23,7.764729038175645
0.37,Premium,E,VS2,61.5,58.0,0.04999999999999982,1.7600000000000002,6.80169102266897
1.54,Very Good,E,SI2,59.0,62.0,-0.03000000000000025,3.12,9.114211072927072
0.58,Ideal,D,VVS1,62.1,55.0,-0.040000000000000036,2.0500000000000003,7.974272110083914
0.53,Ideal,H,VVS1,60.8,56.0,-0.019999999999999574,2.07,7.5441993989750245
0.61,Ideal,F,VS1,60.7,56.0,0.02999999999999936,2.1500000000000004,7.728271065423631
1.5,Ideal,I,VS1,60.5,56.0,-0.08000000000000007,2.9699999999999998,9.24646538049765
0.71,Ideal,E,VS2,61.9,55.0,-0.040000000000000036,2.19,8.046731449235683
0.31,Ideal,F,IF,62.3,54.0,-0.009999999999999787,1.6399999999999997,6.797621542771598
0.62,Very Good,G,VS1,60.1,58.0,-0.020000000000000462,2.22,7.666233529927254
0.71,Ideal,F,VS1,61.9,56.0,-0.040000000000000036,2.2,8.09998737359449
0.76,Very Good,F,SI1,62.9,57.0,-0.019999999999999574,2.1599999999999997,7.912522319264433
1.0,Very Good,E,VVS2,61.6,60.0,-0.040000000000000036,2.49,9.096642644482428
1.01,Premium,F,SI2,61.0,60.0,0.040000000000000036,2.5000000000000004,8.376968657286541
1.5,Premium,H,SI2,60.2,59.0,0.08000000000000007,2.8999999999999995,9.039758497402737
0.3,Premium,E,SI1,62.5,60.0,0.02999999999999936,1.58,6.420038989731495
0.51,Ideal,D,SI1,62.8,56.0,0.019999999999999574,1.8800000000000003,7.231418959478155
1.0,Premium,F,SI1,61.6,60.0,-0.10000000000000053,2.5100000000000002,8.539665651193063
0.3,Ideal,E,VS2,62.1,55.0,0.03000000000000025,1.6199999999999997,6.558972298255339
1.0,Good,F,SI2,59.4,64.0,0.03999999999999915,2.6200000000000006,8.2827086530528
0.61,Ideal,E,VVS2,62.4,53.6,-0.03000000000000025,2.06,7.910801981879672
1.51,Very Good,J,VS2,62.2,60.0,-0.05000000000000071,2.7800000000000002,9.043442359004725
0.54,Premium,G,VVS2,60.5,55.0,0.040000000000000036,2.06,7.600921694304256
0.51,Ideal,E,VS2,62.6,55.0,-0.03000000000000025,1.9200000000000004,7.309833890100459
0.55,Ideal,H,SI1,60.8,56.0,-0.03000000000000025,2.1,7.12524474024832
0.3,Good,G,IF,63.5,55.0,-0.020000000000000462,1.5700000000000003,6.501685994343581
1.51,Ideal,E,SI2,61.9,56.0,0.05000000000000071,2.7699999999999996,9.152133326303607
0.38,Ideal,E,VS1,61.6,56.0,-0.019999999999999574,1.7999999999999998,6.751392973323674
0.71,Ideal,E,VS2,60.9,56.0,-0.0600000000000005,2.3000000000000003,8.09188174535474
0.44,Ideal,H,SI1,60.9,57.0,0.019999999999999574,1.9100000000000001,6.703316184288391
0.55,Premium,E,SI2,59.7,58.0,-0.019999999999999574,2.1599999999999997,7.163793305233184
0.51,Very Good,H,SI1,63.0,57.0,-0.02999999999999936,1.9099999999999997,6.933326742969847
0.61,Very Good,E,VS1,61.1,58.0,-0.04999999999999982,2.1599999999999997,7.719746684051606
0.7,Premium,F,VS2,59.5,58.0,0.09999999999999964,2.3,7.870187974041661
0.41,Ideal,E,SI1,61.2,55.0,-0.040000000000000036,1.8899999999999997,6.690826960788303
1.29,Good,F,SI1,63.8,60.0,0.040000000000000036,2.4700000000000006,8.904021920081382
0.58,Premium,I,VVS1,62.6,59.0,0.040000000000000036,1.9599999999999995,7.469085412159567
1.01,Very Good,G,SI2,61.9,55.0,-0.03000000000000025,2.4699999999999998,8.396175300833745
0.32,Ideal,G,VS2,61.5,55.0,-0.040000000000000036,1.7199999999999998,6.3928960155024
0.45,Good,F,VS1,59.0,62.0,-0.020000000000000462,2.07,6.967217815157827
2.04,Premium,G,SI2,60.3,59.0,-0.07000000000000028,3.3200000000000003,9.586908032939025
0.73,Ideal,G,VS2,61.8,54.0,-0.020000000000000462,2.2300000000000004,7.981465514190881
0.86,Very Good,I,VS1,61.2,58.0,-0.0600000000000005,2.41,8.086886462007305
0.71,Ideal,D,VS2,61.2,57.0,-0.040000000000000036,2.25,8.108959305939967
0.34,Very Good,E,SI1,59.6,57.0,-0.09000000000000075,1.8900000000000001,6.355538047975207
1.37,Ideal,E,VS2,60.3,54.0,0.05999999999999961,2.84,9.260225815132985
0.32,Ideal,E,VS2,62.1,55.0,-0.040000000000000036,1.6800000000000002,6.513269809519722
1.0,Ideal,H,SI2,62.0,55.0,-0.040000000000000036,2.4499999999999997,8.337929306195905
1.08,Very Good,F,SI1,58.2,63.0,-0.08999999999999986,2.8600000000000003,8.617321082113913
0.92,Ideal,E,SI2,62.1,53.0,0.03000000000000025,2.3499999999999996,8.224087185178833
0.41,Premium,G,VS1,58.9,60.0,0.03000000000000025,1.98,6.8843160311533875
0.72,Premium,D,SI1,62.6,59.0,0.040000000000000036,2.12,7.893421335360909
0.52,Very Good,F,SI2,62.3,60.0,-0.03000000000000025,1.94,6.988700383194284
0.54,Premium,D,VS1,61.1,58.0,-0.05999999999999961,2.0799999999999996,7.6388552722272935
1.0,Premium,H,VS2,60.2,62.0,0.03000000000000025,2.55,8.49958543474169
1.02,Very Good,E,SI2,63.0,57.0,-0.05000000000000071,2.4000000000000004,8.420640938955241
0.5,Good,F,SI1,63.1,61.0,0.07999999999999918,1.8100000000000005,6.951414667240888
0.81,Premium,G,VS1,62.3,56.0,0.0600000000000005,2.1999999999999997,8.174376606053643
0.33,Very Good,H,VS2,61.4,58.0,-0.04999999999999982,1.75,6.278338649323478
0.4,Premium,F,VVS2,60.8,59.0,-0.020000000000000462,1.8600000000000003,6.942107573678331
0.26,Ideal,H,IF,61.1,57.0,0.040000000000000036,1.5900000000000003,6.520152956851589
0.34,Ideal,E,VVS2,60.8,58.0,-0.020000000000000462,1.7800000000000002,6.768775824900972
0.54,Ideal,E,SI2,60.4,57.0,-0.03000000000000025,2.11,7.147629253827705
0.4,Good,H,VVS2,59.1,61.0,-0.03000000000000025,1.9800000000000004,6.748025378385486
1.03,Premium,J,SI2,62.8,58.0,0.07000000000000028,2.3600000000000003,8.166201858647131
2.02,Fair,J,SI2,64.6,55.0,0.08999999999999986,2.75,9.437497472081303
0.31,Good,D,SI2,63.7,58.0,0.03000000000000025,1.5399999999999996,6.276961621888091
0.53,Ideal,F,VS1,62.2,55.0,-0.04999999999999982,1.9899999999999998,7.520857792142311
0.8,Premium,E,SI2,60.2,57.0,0.040000000000000036,2.38,7.965714154538623
0.42,Ideal,G,VS1,61.3,57.0,0.02999999999999936,1.8400000000000003,6.919629077492514
0.34,Ideal,F,VS2,62.5,55.0,-0.02999999999999936,1.6999999999999997,6.541815588569541
1.35,Ideal,J,SI1,61.0,55.0,0.08000000000000007,2.74,8.671021295482364
0.71,Ideal,F,VS1,61.5,57.0,-0.040000000000000036,2.22,8.09296616281205
1.5,Premium,H,VS2,60.6,61.0,0.03000000000000025,2.869999999999999,9.291427718978374
1.06,Ideal,G,SI2,62.2,55.0,-0.02999999999999936,2.4899999999999993,8.44299360909877
0.3,Very Good,F,IF,62.6,55.0,-0.020000000000000462,1.62,6.520389160394432
0.73,Premium,J,VS2,62.8,58.0,0.05999999999999961,2.11,7.5634566206615865
0.34,Ideal,D,SI1,62.7,56.0,-0.03000000000000025,1.6800000000000006,6.47513686515955
0.3,Ideal,H,VVS1,63.0,54.0,0.03000000000000025,1.5699999999999994,6.562074079923438
0.28,Ideal,F,IF,62.6,53.0,-0.010000000000000675,1.5700000000000003,6.530274858470005
1.01,Very Good,E,VS2,62.9,60.0,-0.040000000000000036,2.3900000000000006,8.785414141677142
0.5,Ideal,F,VS2,61.4,57.0,0.03000000000000025,1.9699999999999998,7.244384818629278
0.3,Very Good,E,SI1,62.9,56.0,-0.04999999999999982,1.6099999999999999,6.174509441788937
0.36,Very Good,G,IF,60.4,62.0,-0.040000000000000036,1.8499999999999996,6.82636667202681
0.74,Premium,E,VS1,61.2,58.0,0.05999999999999961,2.24,8.123863861238892
0.8,Fair,G,SI2,64.6,55.0,0.11000000000000032,2.0,7.6825618931110355
0.54,Very Good,G,IF,62.5,58.0,-0.07999999999999918,1.9999999999999996,7.681715363588038
1.21,Very Good,H,VS2,59.1,59.0,-0.040000000000000036,2.87,8.849237436101333
0.94,Ideal,F,I1,61.5,55.0,-0.03000000000000025,2.46,7.957650101177946
1.58,Ideal,H,VS2,61.4,56.0,-0.05999999999999961,2.92,9.36641802984916
0.59,Ideal,I,VVS1,61.6,55.0,-0.04999999999999982,2.1100000000000003,7.522913537032464
0.4,Very Good,D,VS2,60.5,58.0,-0.0600000000000005,1.9200000000000004,6.806572470154146
0.74,Very Good,F,SI2,63.1,58.0,0.040000000000000036,2.0999999999999996,7.683206096382115
0.78,Good,F,VS1,64.0,54.0,0.040000000000000036,2.08,8.03910346373201
0.48,Ideal,F,SI2,61.0,57.0,-0.03000000000000025,1.9900000000000002,6.872751000055261
0.43,Very Good,F,SI2,58.3,62.0,-0.05999999999999961,2.09,6.596927307811964
0.5,Premium,F,SI1,62.5,59.0,0.040000000000000036,1.8600000000000003,7.026173141079148
0.34,Ideal,E,IF,61.7,56.0,-0.020000000000000462,1.7200000000000006,6.965645203941168
0.91,Premium,G,VVS2,61.8,58.0,-0.08000000000000007,2.41,8.648517413649953
2.01,Premium,I,VS2,60.5,60.0,-0.019999999999999574,3.2299999999999995,9.621766872365415
0.38,Premium,J,SI1,61.3,59.0,0.05999999999999961,1.77,6.314233727316435
1.3,Very Good,G,VS1,62.5,57.0,-0.040000000000000036,2.62,9.167299909253503
0.7,Very Good,F,SI1,61.6,55.0,-0.040000000000000036,2.2,7.851258272909104
0.3,Ideal,G,VVS2,62.4,55.0,-0.019999999999999574,1.6399999999999997,6.397411877175805
0.91,Ideal,J,VVS2,60.2,57.0,-0.03000000000000025,2.53,8.290442401895918
0.24,Very Good,E,VS2,63.0,58.0,-0.03000000000000025,1.48,6.062215752114368
0.23,Very Good,F,VS1,62.1,58.0,-0.040000000000000036,1.5100000000000002,6.036410416024832
0.53,Ideal,I,SI1,62.8,57.0,-0.04999999999999982,1.9500000000000002,6.94356202080938
0.7,Good,H,VS2,59.1,65.0,0.09999999999999964,2.32,7.717445775030118
0.31,Ideal,E,VVS1,61.0,57.0,0.019999999999999574,1.7000000000000002,6.922457347135417
0.43,Very Good,G,SI1,62.7,56.0,-0.03000000000000025,1.81,6.6323516806810705
0.72,Ideal,J,SI1,62.7,56.0,0.08000000000000007,2.09,7.526532599386344
1.09,Ideal,G,VS1,60.5,57.0,-0.040000000000000036,2.670000000000001,8.94130518584365
1.01,Very Good,I,VS1,63.4,57.0,-0.0699999999999994,2.3599999999999994,8.5079967543325
0.41,Ideal,F,SI1,61.1,56.0,-0.040000000000000036,1.8900000000000001,6.655039100081401
1.05,Very Good,D,SI1,61.6,61.0,-0.04999999999999982,2.5300000000000002,8.660437822116656
0.3,Ideal,F,VS2,62.5,54.0,-0.03000000000000025,1.6300000000000003,6.308959609202581
0.35,Very Good,H,VVS1,62.6,57.0,-0.019999999999999574,1.6799999999999997,6.635874140969446
0.26,Ideal,D,VVS2,62.5,56.0,0.03000000000000025,1.52,6.5369440500423135
0.43,Good,F,SI1,60.7,61.0,-0.02999999999999936,1.9299999999999997,6.673782922416525
0.79,Very Good,D,SI2,63.2,57.0,-0.05000000000000071,2.1700000000000004,7.895688581503286
1.24,Very Good,I,VS2,60.1,59.0,-0.0699999999999994,2.8199999999999994,8.765711698796656
1.05,Ideal,J,VS1,60.6,56.0,0.040000000000000036,2.57,8.525417789358075
1.14,Very Good,F,VVS1,62.2,55.9,-0.020000000000000462,2.5300000000000002,9.285964762271732
0.51,Ideal,E,VS2,61.9,55.0,0.040000000000000036,1.94,7.384712181768447
0.52,Fair,J,VS2,65.3,56.0,0.04999999999999982,1.7200000000000002,7.016449322042592
0.32,Ideal,F,VS2,61.9,56.0,0.03000000000000025,1.67,6.665566291377982
0.97,Premium,H,SI1,58.0,62.0,0.07999999999999918,2.6900000000000004,8.207307418422534
0.9,Ideal,J,VS1,62.1,57.0,-0.019999999999999574,2.3499999999999996,8.163578813915388
1.0,Premium,J,I1,58.3,58.0,0.10000000000000053,2.69,7.837788030916243
1.23,Premium,H,VS2,58.5,62.0,0.019999999999999574,2.8900000000000006,8.824208488943317
1.3,Premium,G,SI2,61.8,57.0,0.07999999999999918,2.62,8.698965238843272
0.52,Premium,F,VS2,61.8,59.0,0.040000000000000036,1.9400000000000004,7.396334443372888
0.34,Very Good,G,VS2,59.6,62.0,-0.019999999999999574,1.8499999999999996,6.399620561843217
0.3,Premium,D,SI1,62.3,58.0,-0.040000000000000036,1.6400000000000001,6.249097580056107
0.37,Premium,D,SI1,62.7,58.0,-0.03000000000000025,1.7200000000000002,6.523735084524511
0.3,Very Good,D,VS2,62.4,56.0,-0.05000000000000071,1.6400000000000001,6.33788978767402
0.5,Premium,D,VS2,60.2,57.0,0.05999999999999961,2.0300000000000002,7.356362011043515
0.23,Very Good,E,VVS1,62.9,59.0,-0.020000000000000018,1.4700000000000002,6.128061888864341
1.51,Ideal,H,SI1,61.9,57.0,0.04999999999999982,2.7700000000000005,9.22531052790216
1.14,Ideal,G,SI1,62.2,56.0,0.03000000000000025,2.51,8.681190714109867
0.74,Very Good,D,SI2,63.1,58.0,-0.09999999999999964,2.17,7.801090594676031
1.07,Good,F,SI1,63.4,56.0,-0.009999999999999787,2.3899999999999997,8.597505240575138
1.51,Premium,F,SI1,61.4,58.0,0.08000000000000007,2.8099999999999996,9.329055373992823
0.38,Ideal,D,VS2,61.8,56.0,-0.019999999999999574,1.79,6.71760426922944
0.33,Ideal,G,VVS2,62.7,55.0,0.04999999999999982,1.6300000000000003,6.744912804691927
0.52,Ideal,E,SI1,62.1,54.0,-0.03000000000000025,1.98,7.221810973343062
0.51,Ideal,G,VS1,61.8,56.0,-0.05000000000000071,1.9800000000000004,7.332957204361267
0.46,Fair,D,VS1,67.3,61.0,0.09999999999999964,1.5,7.032958100462001
1.0,Premium,H,SI2,61.2,59.0,-0.040000000000000036,2.5,8.321668272983857
0.55,Ideal,F,VS1,61.0,55.0,-0.040000000000000036,2.09,7.58369339247144
1.51,Good,E,SI1,63.1,58.0,-0.04999999999999982,2.7,9.314825551465395
1.24,Ideal,J,VS1,61.6,57.0,-0.040000000000000036,2.67,8.700612712908255
0.42,Premium,E,VS2,62.8,59.0,0.040000000000000036,1.7599999999999998,6.950126353529552
1.72,Premium,G,VS2,61.1,58.0,0.040000000000000036,2.9800000000000004,9.646064347671597
1.0,Premium,F,SI2,59.2,61.0,0.08000000000000007,2.6399999999999997,8.312332302554111
0.3,Very Good,F,VVS2,62.5,56.0,-0.03000000000000025,1.62,6.386513518624379
0.55,Ideal,H,SI1,62.2,54.0,-0.040000000000000036,2.0100000000000002,7.084548477770035
0.4,Premium,I,VS1,62.9,59.0,0.05000000000000071,1.7199999999999998,6.671551019177539
0.33,Ideal,D,VS2,61.7,55.0,-0.020000000000000462,1.7200000000000006,6.577217159565725
0.66,Very Good,E,VS2,63.3,56.3,-0.08000000000000007,2.07,7.718944203891342
1.08,Premium,H,VS1,58.6,60.0,0.05999999999999961,2.79,8.714391553765257
0.31,Ideal,G,VS2,59.6,57.0,-0.02999999999999936,1.7999999999999998,6.360918282443385
1.11,Very Good,G,SI1,60.7,59.0,-0.05000000000000071,2.630000000000001,8.635130425201382
0.51,Ideal,G,VS2,61.8,55.0,-0.02999999999999936,1.9899999999999998,7.258254131197603
0.5,Very Good,E,SI1,63.0,58.0,-0.040000000000000036,1.8900000000000001,6.941921609136071
0.36,Ideal,E,VS1,62.4,55.0,0.020000000000000462,1.7199999999999998,6.86830833160144
0.5,Premium,E,I1,61.4,60.0,0.14999999999999947,1.8900000000000001,6.810940822370014
1.57,Ideal,J,VVS2,61.4,57.0,-0.04999999999999982,2.91,9.147329244048748
0.54,Good,D,SI1,63.2,55.0,-0.040000000000000036,1.9300000000000002,7.218654171934246
0.73,Good,F,VVS2,59.5,61.0,-0.03000000000000025,2.37,8.194342115711644
2.05,Very Good,H,SI1,62.5,57.0,0.019999999999999574,3.0200000000000005,9.648758633761629
0.74,Premium,E,SI2,62.6,58.0,0.03999999999999915,2.1300000000000003,7.727010359596529
1.02,Good,F,VS1,63.7,57.0,-0.040000000000000036,2.33,8.866288712111784
1.5,Good,J,SI2,63.6,58.0,0.07000000000000028,2.59,8.822613841550407
0.28,Premium,G,VVS2,60.2,60.0,-0.019999999999999574,1.6999999999999997,6.345240614063493
0.31,Ideal,E,IF,60.7,56.0,-0.040000000000000036,1.7400000000000002,6.849965966017352
0.36,Ideal,F,IF,60.3,57.0,-0.040000000000000036,1.8600000000000003,6.93501414212461
0.3,Ideal,E,VS1,61.5,56.0,-0.0600000000000005,1.7000000000000002,6.393783383499799
0.37,Premium,G,VS1,61.4,58.0,0.03000000000000025,1.7600000000000002,6.744730800323002
1.01,Good,F,VS2,63.6,59.0,-0.040000000000000036,2.33,8.711284352204359
1.21,Premium,H,SI2,62.6,61.0,0.04999999999999982,2.49,8.518908170092061
0.6,Ideal,E,VS1,61.0,56.0,-0.02999999999999936,2.1399999999999997,7.7495255880863825
0.78,Ideal,E,SI1,60.4,57.0,-0.04999999999999982,2.39,8.073606546343798
0.53,Premium,F,SI2,60.5,60.0,0.040000000000000036,2.0400000000000005,7.1064517387288
0.31,Good,F,VVS1,63.6,61.0,-0.040000000000000036,1.56,6.631022917492219
0.74,Premium,F,SI1,61.4,59.0,-0.010000000000000675,2.2500000000000004,7.933648774055976
0.69,Premium,I,SI1,62.0,59.0,0.03000000000000025,2.13,7.431167027169669
1.13,Premium,H,VS2,61.4,61.0,0.040000000000000036,2.5599999999999996,8.689886328203436
0.67,Premium,G,VS2,61.0,57.0,0.04999999999999982,2.1799999999999997,7.635325560558309
1.21,Very Good,I,SI2,63.4,62.0,0.14999999999999947,2.380000000000001,8.412305270564323
0.75,Ideal,D,VS1,62.0,58.0,-0.07000000000000028,2.2399999999999998,8.192221452385116
2.22,Fair,J,I1,66.7,56.0,0.019999999999999574,2.6599999999999993,8.947608366165138
0.4,Ideal,J,SI1,61.2,56.0,-0.040000000000000036,1.8799999999999994,6.323147521239265
0.32,Ideal,E,VS1,61.7,57.0,-0.03000000000000025,1.6999999999999997,6.577023043615519
0.58,Ideal,F,VS1,62.1,56.0,-0.05999999999999961,2.06,7.615175068664604
2.08,Premium,I,VVS1,62.2,58.0,0.040000000000000924,3.08,9.681772054023474
1.09,Fair,F,SI2,66.3,56.0,0.08000000000000007,2.12,8.201113053121313
0.5,Very Good,F,VS2,63.0,55.0,-0.04999999999999982,1.9,7.1027031726996945
0.33,Ideal,G,IF,62.7,56.0,-0.05000000000000071,1.6700000000000004,6.803615257965732
1.27,Ideal,E,SI2,60.8,57.0,-0.019999999999999574,2.76,8.80316609631569
0.9,Ideal,H,VVS2,62.0,57.0,-0.04999999999999982,2.37,8.49583674027445
0.5,Ideal,E,SI1,63.0,56.0,0.07000000000000028,1.8499999999999996,7.075311126231448
1.28,Ideal,I,SI2,62.5,59.0,-0.07000000000000028,2.63,8.61813836531773
1.3,Fair,H,I1,64.4,57.0,0.0699999999999994,2.42,8.15527234460231
0.7,Premium,E,VS1,62.9,61.0,0.08000000000000007,2.0400000000000005,7.914810982817319
0.52,Fair,F,VS1,57.2,59.0,-0.040000000000000036,2.32,7.572781253281554
1.01,Good,G,VS1,58.7,62.0,-0.05999999999999961,2.7199999999999998,8.747712823522539
0.75,Very Good,E,SI1,62.3,58.0,-0.02999999999999936,2.1999999999999997,7.976751183350809
0.3,Very Good,G,VVS2,61.6,60.0,-0.02999999999999936,1.6499999999999995,6.358196645736368
1.0,Very Good,H,VS2,59.6,59.0,-0.07000000000000028,2.66,8.531557578218854
1.02,Premium,E,VS2,61.9,62.0,0.08999999999999986,2.4,8.792312928128226
0.3,Premium,D,VS2,60.6,58.0,-0.040000000000000036,1.7300000000000004,6.381588790057258
0.72,Ideal,E,VS2,61.1,56.0,-0.02999999999999936,2.2699999999999996,8.083436199769286
0.27,Ideal,H,VS1,62.2,55.0,-0.02999999999999936,1.5899999999999999,6.138444218936424
0.24,Very Good,E,VVS2,63.6,54.0,-0.040000000000000036,1.4700000000000002,6.220020366773095
1.16,Premium,G,VS2,59.9,60.0,-0.03000000000000025,2.7699999999999996,8.921718690334016
1.12,Premium,E,I1,61.0,59.0,0.040000000000000036,2.6000000000000005,8.193597942548339
1.01,Premium,H,SI1,61.3,58.0,0.08000000000000007,2.4499999999999997,8.427583559119718
0.38,Ideal,G,VS2,61.6,57.0,-0.040000000000000036,1.8000000000000003,6.568649311701745
0.51,Very Good,G,VVS2,63.1,58.0,0.040000000000000036,1.8600000000000003,7.472572685879431
0.57,Good,D,SI2,63.8,57.0,-0.019999999999999574,1.9099999999999997,7.13575351889131
0.3,Ideal,F,VS2,61.3,55.0,-0.020000000000000462,1.6800000000000002,6.308959609202581
0.9,Ideal,J,VS1,62.5,55.0,0.040000000000000036,2.2899999999999996,8.128119034206044
1.0,Good,E,VS2,63.7,56.0,0.03000000000000025,2.29,8.686838679237272
2.0,Premium,D,SI2,61.0,58.0,0.09000000000000075,3.08,9.591819142367827
1.19,Good,E,VS2,57.4,60.0,-0.09999999999999964,3.01,8.985853088119315
0.35,Very Good,H,VVS1,60.1,62.0,-0.05000000000000071,1.8400000000000003,6.619082300566471
1.8,Ideal,F,SI1,61.8,57.0,0.040000000000000036,2.96,9.622777663830815
0.41,Premium,E,VVS2,60.9,56.0,0.05999999999999961,1.85,7.109000419894151
0.38,Very Good,G,VS2,62.5,56.0,-0.040000000000000036,1.75,6.538040094199525
0.81,Ideal,F,VVS2,62.3,54.0,-0.0699999999999994,2.2899999999999996,8.425518006579885
0.3,Very Good,G,IF,62.6,56.0,-0.020000000000000462,1.6099999999999999,6.516936506992714
0.57,Good,F,VS1,58.3,61.0,-0.04999999999999982,2.33,7.643621763727855
0.44,Very Good,E,VS2,60.3,58.0,-0.019999999999999574,1.96,6.83581092925495
0.52,Ideal,F,VS1,62.3,55.0,0.04999999999999982,1.9300000000000002,7.5272047433723
0.35,Very Good,H,VS1,60.8,63.0,0.03000000000000025,1.77,6.548089743988573
0.75,Very Good,G,SI1,62.3,55.0,-0.040000000000000036,2.2199999999999998,7.888165578632096
1.25,Very Good,J,VS1,60.4,60.0,-0.08999999999999986,2.83,8.713669397776322
1.02,Premium,D,SI2,62.5,59.0,0.04999999999999982,2.38,8.416539809823686
2.0,Premium,J,SI1,62.2,59.0,0.04999999999999982,2.9799999999999995,9.479112901981718
0.34,Premium,G,VS2,61.2,59.0,0.0600000000000005,1.6999999999999997,6.636600005089564
0.3,Ideal,I,VVS1,61.9,57.0,-0.040000000000000036,1.6699999999999995,6.329979631404845
1.01,Premium,D,SI2,60.9,62.0,0.020000000000000462,2.51,8.426366078430933
0.5,Premium,E,VS2,63.0,58.0,0.05000000000000071,1.8399999999999994,7.2554026237013245
0.51,Good,D,VS2,60.1,65.0,-0.03000000000000025,2.07,7.404663375241958
0.31,Very Good,I,SI2,60.6,61.0,-0.04999999999999982,1.77,5.946187648644809
0.5,Premium,G,VS1,62.5,60.0,0.04999999999999982,1.8900000000000001,7.2385818664367765
0.74,Premium,G,SI2,62.8,57.0,0.03999999999999915,2.1200000000000006,7.639659706985722
0.47,Good,F,VS1,60.0,60.1,-0.019999999999999574,2.03,7.1539196118076385
0.39,Ideal,G,IF,60.6,56.0,-0.02999999999999936,1.8899999999999997,7.036850690660824
0.23,Premium,F,VVS2,61.3,59.0,-0.050000000000000266,1.56,6.228276229698516
1.11,Ideal,F,VS2,62.2,54.0,-0.07000000000000028,2.5500000000000007,8.919697689621131
0.38,Premium,I,SI1,60.5,58.0,0.04999999999999982,1.83,6.3866587737835
0.58,Ideal,E,VS2,60.9,59.0,-0.08000000000000007,2.1500000000000004,7.555558420257362
0.9,Very Good,D,VS1,60.3,58.0,-0.04999999999999982,2.5100000000000002,8.676731591312885
0.54,Very Good,G,VS1,61.6,56.0,-0.02999999999999936,2.03,7.4234387157226775
2.01,Very Good,I,SI2,61.8,58.0,-0.040000000000000924,3.0900000000000007,9.577466473528315
0.79,Premium,H,SI2,61.6,58.0,0.040000000000000036,2.2700000000000005,7.743406562774281
1.11,Good,E,SI2,58.3,60.0,-0.07000000000000028,2.87,8.449376528905615
0.9,Ideal,G,SI1,60.2,56.0,-0.04999999999999982,2.52,8.29408919872864
1.0,Good,G,SI1,63.1,56.0,-0.10000000000000053,2.4000000000000004,8.468587084428783
0.37,Ideal,F,VS1,61.1,57.0,-0.040000000000000036,1.8200000000000003,6.683771168030188
1.29,Ideal,G,VVS2,62.4,57.0,-0.02999999999999936,2.63,9.295486036049658
0.43,Ideal,I,VVS1,61.1,57.0,-0.040000000000000036,1.9200000000000004,6.8745576769666235
0.51,Good,F,SI1,64.1,58.0,0.010000000000000675,1.7999999999999994,7.08406656716029
0.4,Premium,G,VS1,61.3,60.0,-0.04999999999999982,1.8399999999999999,6.756166324645262
1.2,Very Good,J,SI1,61.3,59.0,-0.07000000000000028,2.6900000000000004,8.468597606427881
1.01,Good,E,SI1,63.3,58.0,-0.019999999999999574,2.3499999999999996,8.55154481414652
1.0,Very Good,E,SI2,59.5,63.0,-0.05999999999999961,2.6399999999999997,8.375647530543592
0.64,Very Good,D,SI1,62.2,55.0,-0.040000000000000036,2.11,7.61985836711211
0.5,Very Good,H,IF,61.4,61.0,0.10999999999999943,1.9100000000000001,7.4030752392395485
1.05,Ideal,F,SI2,60.9,56.0,-0.08000000000000007,2.62,8.477697408362957
0.56,Ideal,H,IF,60.4,57.0,-0.040000000000000036,2.1499999999999995,7.632003780635194
1.22,Very Good,J,SI2,60.5,58.5,-0.1200000000000001,2.79,8.479778286307411
1.03,Very Good,G,VS2,62.1,57.0,-0.07000000000000028,2.4800000000000004,8.74784815122313
1.14,Very Good,E,SI2,61.5,58.0,-0.07000000000000028,2.6100000000000003,8.545236264300724
0.61,Ideal,E,VS2,59.7,57.0,0.05000000000000071,2.2099999999999995,7.691345348585848
1.11,Premium,E,SI2,62.6,59.0,0.05999999999999961,2.4700000000000006,8.452275207191258
1.52,Premium,I,SI2,59.8,62.0,0.05999999999999961,2.96,8.932625226523749
0.52,Ideal,G,VVS2,62.3,55.0,0.040000000000000036,1.92,7.56161215843607
0.7,Premium,F,SI2,62.9,57.0,0.02999999999999936,2.0800000000000005,7.607797836513963
0.51,Very Good,F,VS2,60.6,60.0,-0.040000000000000036,2.07,7.32711278222882
0.7,Ideal,H,VS1,61.9,56.0,-0.03000000000000025,2.1900000000000004,7.864745235190943
1.15,Ideal,H,SI2,62.6,55.0,0.08999999999999986,2.46,8.46057600668022
0.97,Very Good,G,VVS1,61.9,54.0,-0.03000000000000025,2.43,8.74521078732254
0.54,Ideal,I,IF,60.8,56.0,-0.08999999999999986,2.13,7.458565987946228
1.01,Very Good,G,VS2,61.6,60.0,-0.04999999999999982,2.4999999999999996,8.72054074522711
0.57,Very Good,J,VS1,62.9,57.0,-0.03000000000000025,1.9700000000000002,7.156635893356678
0.76,Ideal,G,SI2,62.3,55.0,-0.05999999999999961,2.2399999999999998,7.8320588362688754
0.51,Ideal,F,VS1,61.9,56.0,-0.05999999999999961,1.9899999999999998,7.439036837801409
1.32,Premium,F,SI2,60.6,60.0,-0.04999999999999982,2.8099999999999996,8.776526013287068
0.32,Ideal,D,SI1,62.9,56.0,0.020000000000000462,1.62,6.599383943250385
1.2,Very Good,G,VS2,63.5,57.0,0.09999999999999964,2.4000000000000004,8.953007003350821
0.52,Very Good,E,VS1,62.6,56.0,-0.02999999999999936,1.9299999999999997,7.460124139261454
0.35,Very Good,D,VS1,60.8,56.0,-0.020000000000000462,1.8000000000000003,6.656307489804376
1.21,Premium,F,VS1,61.6,58.0,0.05999999999999961,2.6000000000000005,9.175932603611477
1.03,Premium,E,VS1,59.6,59.0,0.019999999999999574,2.6500000000000004,8.921954182946285
0.35,Ideal,G,VVS2,61.8,55.0,-0.02999999999999936,1.7499999999999996,6.649776720009272
0.55,Ideal,F,VS2,61.2,55.0,0.019999999999999574,2.04,7.475817444994289
0.91,Good,F,SI1,64.0,57.0,0.08999999999999986,2.16,8.168524955327216
1.03,Ideal,H,SI2,60.8,56.0,0.08999999999999986,2.51,8.354581988355894
0.79,Good,F,SI2,64.3,60.0,0.07000000000000028,2.03,7.713589256491362
0.4,Ideal,F,VVS1,62.5,57.0,-0.03000000000000025,1.79,7.038639553168708
1.13,Very Good,D,SI2,62.3,60.0,-0.11000000000000032,2.5600000000000005,8.561097330402646
0.33,Premium,I,VVS1,62.5,61.0,0.040000000000000036,1.63,6.602239567676214
1.18,Ideal,F,VS2,62.0,57.0,0.05000000000000071,2.5599999999999996,9.011237241689058
0.77,Premium,G,SI2,61.2,58.0,0.03000000000000025,2.32,7.798649778538785
1.22,Ideal,J,VS1,61.4,58.0,-0.020000000000000462,2.66,8.695705218445212
0.7,Ideal,G,VVS1,62.6,57.0,-0.04999999999999982,2.1500000000000004,8.006708887711596
0.78,Very Good,G,VS2,61.7,58.0,-0.04999999999999982,2.28,7.991193773157958
0.43,Ideal,D,SI1,61.6,56.0,-0.040000000000000036,1.8800000000000003,6.77733958435554
0.92,Premium,F,SI2,62.1,59.0,0.04999999999999982,2.34,8.132468085944677
1.21,Fair,H,SI1,69.6,55.0,0.07000000000000028,1.9299999999999997,8.447180823402388
0.24,Ideal,G,IF,60.8,58.0,-0.040000000000000036,1.6099999999999999,6.402748391504512
0.7,Premium,D,SI2,62.1,60.0,0.020000000000000462,2.16,7.70283561353928
0.3,Ideal,E,VS1,61.9,56.0,-0.02999999999999936,1.6499999999999995,6.393783383499799
0.41,Ideal,E,VS1,61.7,55.0,-0.03000000000000025,1.8400000000000003,6.896019136677159
0.77,Ideal,F,VS1,62.5,57.0,-0.020000000000000462,2.22,8.184233249861494
1.02,Fair,D,SI2,65.5,60.0,0.02999999999999936,2.1400000000000006,8.272787813057093
0.31,Premium,G,VS2,61.2,58.0,0.04999999999999982,1.6600000000000001,6.560383413042249
0.3,Ideal,D,VS2,62.3,53.9,-0.020000000000000462,1.6300000000000003,6.389456261964
2.0,Good,G,SI1,64.2,59.0,-0.08999999999999986,2.87,9.691367846492387
2.05,Ideal,J,VS1,61.8,58.0,-0.040000000000000924,3.13,9.57559348176026
1.0,Premium,G,I1,62.5,62.0,0.07000000000000028,2.3599999999999994,7.949077812685399
1.01,Very Good,D,VS2,63.1,58.0,-0.040000000000000036,2.37,8.83197270459961
2.08,Premium,H,SI1,62.6,59.0,-0.030000000000001137,3.0500000000000007,9.654426581720424
0.32,Very Good,E,SI2,62.4,58.0,-0.05000000000000071,1.6700000000000004,6.164480644368848
0.31,Very Good,H,VVS2,62.4,58.0,-0.02999999999999936,1.6299999999999994,6.403126928240534
1.21,Ideal,G,VVS2,60.6,56.0,0.010000000000000675,2.71,9.230641815873755
1.41,Good,F,SI1,63.7,58.0,0.04999999999999982,2.5299999999999994,9.071460260594202
0.9,Very Good,H,SI2,62.3,61.0,-0.019999999999999574,2.33,8.074916216196971
0.38,Ideal,E,VVS2,62.2,56.0,0.07000000000000028,1.71,6.988082059965502
0.51,Ideal,J,SI1,61.5,56.0,-0.03000000000000025,2.0,6.803478914499307
1.51,Premium,J,SI1,60.6,57.0,0.08000000000000007,2.88,8.97229686172872
1.01,Very Good,F,SI2,59.5,57.0,-0.04999999999999982,2.71,8.385605419507986
0.89,Good,E,SI2,64.3,65.0,0.04999999999999982,2.1100000000000003,7.897021765172456
0.23,Very Good,F,VVS2,59.6,57.0,-0.020000000000000018,1.62,6.124629146459966
0.3,Very Good,G,VS2,62.1,56.0,-0.03000000000000025,1.6399999999999997,6.220376951999502
0.83,Very Good,D,SI1,63.5,54.0,0.03000000000000025,2.16,8.054673754863227
2.27,Fair,G,I1,68.6,56.0,0.04999999999999982,2.4700000000000006,8.88513248228189
1.16,Ideal,H,SI2,60.9,59.0,-0.0600000000000005,2.67,8.501477045166775
0.3,Ideal,D,VVS1,61.8,55.0,-0.019999999999999574,1.6699999999999995,6.614450191155856
1.5,Very Good,E,SI2,62.2,58.0,-0.040000000000000036,2.79,9.154998351310242
0.9,Good,F,SI1,62.6,58.0,-0.040000000000000036,2.3099999999999996,8.273646013695302
1.55,Ideal,D,VS2,62.5,55.0,-0.04999999999999982,2.8,9.615000873656694
1.01,Fair,G,VS2,66.6,55.0,0.04999999999999982,2.0599999999999996,8.53193301400304
0.5,Premium,E,VS2,61.3,60.0,-0.040000000000000036,1.9900000000000002,7.230598379022114
0.3,Premium,D,SI2,62.4,58.0,-0.02999999999999936,1.6299999999999994,6.104276454993715
0.41,Very Good,F,VS2,61.1,56.0,-0.04999999999999982,1.9,6.738562476732789
1.05,Ideal,G,VS1,62.2,57.0,-0.019999999999999574,2.4699999999999998,8.888592406564166
0.32,Ideal,G,IF,62.9,55.0,0.040000000000000036,1.6100000000000003,6.891537625846434
0.71,Very Good,I,VS1,62.3,60.0,-0.040000000000000036,2.1700000000000004,7.728837184941635
1.23,Very Good,H,SI1,62.5,56.0,-0.03000000000000025,2.5700000000000003,8.745600394478869
1.09,Premium,F,VS1,60.9,58.0,-0.040000000000000036,2.62,9.004439525699203
0.32,Premium,J,SI1,61.6,58.0,0.040000000000000036,1.6600000000000001,6.16996591644964
0.34,Ideal,E,VS2,62.6,57.0,-0.019999999999999574,1.6799999999999997,6.591038092126768
0.3,Ideal,E,VS2,61.5,55.0,0.08000000000000007,1.6400000000000001,6.558972298255339
1.0,Premium,G,VS1,61.9,60.0,0.08000000000000007,2.3799999999999994,8.752919636944169
1.2,Ideal,J,SI2,59.1,62.0,0.02999999999999936,2.83,8.389153086011225
1.04,Very Good,G,VS1,63.2,56.0,-0.07000000000000028,2.4000000000000004,8.816199324749922
0.3,Premium,H,SI1,61.2,60.0,0.019999999999999574,1.6600000000000001,6.2745087143606435
1.01,Premium,E,SI2,62.5,60.0,0.03000000000000025,2.3899999999999997,8.384853860382497
0.54,Ideal,F,VS2,60.1,56.0,-0.02999999999999936,2.1299999999999994,7.4296961800075705
0.31,Premium,I,SI1,62.3,59.0,-0.03000000000000025,1.6400000000000001,6.048255564041689
0.73,Premium,G,VVS2,62.2,56.0,0.040000000000000036,2.16,7.997060378573795
1.02,Premium,D,SI1,60.6,59.0,0.0600000000000005,2.53,8.644510901077748
0.32,Very Good,F,VVS1,61.6,56.0,-0.040000000000000036,1.71,6.689960566123945
1.14,Ideal,H,SI1,62.2,54.0,-0.04999999999999982,2.5600000000000005,8.615788007473439
0.3,Premium,F,SI1,61.7,59.0,0.040000000000000036,1.63,6.386481667967848
0.34,Premium,F,VVS2,59.6,60.0,0.04999999999999982,1.8199999999999998,6.821815707058051
1.54,Premium,G,VS1,61.9,59.0,-0.03000000000000025,2.8200000000000003,9.518154642206959
0.6,Very Good,F,IF,60.1,54.0,-0.08000000000000007,2.25,7.994020172043122
1.52,Ideal,F,SI1,62.2,56.0,0.10000000000000053,2.7299999999999995,9.340946802747448
1.04,Very Good,D,SI2,63.1,58.0,0.05999999999999961,2.3200000000000003,8.401444550526916
0.91,Ideal,E,SI1,62.3,55.0,-0.03000000000000025,2.3600000000000003,8.392230893562505
0.71,Premium,I,VVS2,61.4,56.0,0.040000000000000036,2.21,7.822442971224307
0.3,Premium,D,VS2,61.9,58.0,0.040000000000000036,1.62,6.578792420952257
1.24,Premium,J,I1,61.9,55.0,0.07000000000000028,2.59,8.161412536610303
0.24,Premium,H,VVS1,61.2,58.0,-0.04999999999999982,1.5699999999999998,6.291874162343969
0.52,Ideal,D,VS2,62.3,56.0,-0.04999999999999982,1.96,7.431872596225704
1.5,Fair,E,SI1,56.2,58.0,0.11000000000000032,3.3,9.234608031148984
0.4,Very Good,E,SI1,62.8,59.0,-0.03000000000000025,1.7600000000000002,6.611719617620125
1.21,Ideal,H,VS1,62.8,54.0,0.02999999999999936,2.5200000000000005,8.908689253529673
0.73,Premium,H,SI2,61.2,59.0,0.0600000000000005,2.2199999999999998,7.662205879089895
1.01,Premium,F,SI2,62.0,59.0,0.0600000000000005,2.42,8.352132165347724
2.08,Ideal,H,SI1,61.7,58.0,-0.08000000000000007,3.170000000000001,9.683595401625809
1.01,Very Good,G,VS2,61.9,56.0,-0.08000000000000007,2.4699999999999998,8.73246945047259
1.18,Premium,I,SI2,61.7,58.0,0.040000000000000036,2.5700000000000003,8.398895130982362
0.33,Ideal,G,IF,61.9,54.0,-0.040000000000000036,1.71,6.803615257965732
0.37,Ideal,D,VVS2,61.6,56.0,0.040000000000000036,1.7600000000000002,6.990905449508305
0.3,Ideal,H,SI2,60.0,56.0,-0.019999999999999574,1.7799999999999998,5.976528497690273
0.62,Ideal,F,VVS1,61.9,56.0,-0.020000000000000462,2.1000000000000005,7.936481135340359
0.9,Very Good,G,SI1,63.1,59.0,0.040000000000000036,2.24,8.195843209748393
0.4,Ideal,I,SI1,61.8,55.0,-0.040000000000000036,1.8400000000000003,6.4048623080484095
0.9,Good,E,SI1,62.6,62.0,-0.02999999999999936,2.32,8.305673241459534
0.74,Ideal,E,SI1,60.8,56.0,-0.040000000000000036,2.32,8.037795647439578
0.92,Ideal,F,SI2,62.0,54.0,-0.0600000000000005,2.4200000000000004,8.213178358251266
0.55,Ideal,H,VS1,61.9,55.0,-0.03000000000000025,2.0200000000000005,7.336766684847572
2.01,Ideal,I,SI2,62.3,57.0,-0.019999999999999574,3.05,9.59346727466698
0.78,Very Good,E,VS2,61.7,58.0,-0.02999999999999936,2.28,8.106881412842203
1.41,Very Good,H,VS2,62.5,58.0,-0.040000000000000036,2.6799999999999997,9.084986714899589
1.2,Premium,H,SI1,61.2,57.0,0.1299999999999999,2.59,8.693356852010128
1.52,Premium,D,SI2,60.6,62.0,0.04999999999999982,2.8899999999999997,9.134454938243483
1.23,Premium,F,VS2,62.9,58.0,0.0600000000000005,2.49,9.049536037390693
0.32,Premium,F,VS2,59.4,58.0,-0.040000000000000036,1.8300000000000005,6.427159939996938
1.48,Very Good,I,VS2,63.0,58.0,-0.03000000000000025,2.670000000000001,9.101634515765877
1.16,Ideal,F,VVS2,60.5,58.0,-0.08000000000000007,2.7299999999999995,9.27536389490996
1.7,Ideal,E,SI1,60.1,57.0,-0.03000000000000025,3.1000000000000005,9.545251883595364
0.73,Very Good,G,SI1,60.6,59.0,-0.019999999999999574,2.3099999999999996,7.883311366462622
1.16,Very Good,I,VS2,62.6,59.0,-0.0600000000000005,2.5200000000000005,8.609324230914345
0.58,Very Good,H,SI1,62.1,55.0,-0.03000000000000025,2.05,7.173202754126787
1.54,Ideal,I,VS1,61.3,55.0,-0.08000000000000007,2.91,9.260123212652621
0.54,Ideal,H,VS2,62.6,57.0,0.040000000000000036,1.9300000000000002,7.25426022063982
0.64,Ideal,D,SI1,62.1,56.0,-0.04999999999999982,2.1199999999999997,7.648155080475087
0.53,Ideal,I,VS2,60.3,60.0,0.03000000000000025,2.0599999999999996,7.1594211397946905
2.3,Premium,H,SI2,60.6,59.0,0.030000000000001137,3.289999999999999,9.570459496217792
0.57,Ideal,E,VS2,61.6,56.0,0.040000000000000036,2.04,7.556157224784702
1.51,Ideal,F,VS2,61.5,57.0,0.02999999999999936,2.8200000000000003,9.548470834158826
0.72,Ideal,H,VS1,61.6,56.0,-0.03000000000000025,2.24,7.948421418577534
0.41,Ideal,G,VS2,62.5,54.0,0.03000000000000025,1.77,6.8536511051787095
1.51,Good,I,SI1,63.7,61.0,0.040000000000000036,2.5700000000000003,9.02617418661965
0.31,Ideal,D,VS1,61.1,56.0,-0.040000000000000036,1.71,6.578237191650489
0.64,Very Good,G,VS2,62.7,59.0,-0.05999999999999961,2.07,7.59915958141207
1.2,Premium,H,SI1,62.4,59.0,0.03000000000000025,2.51,8.676417518387204
0.32,Very Good,G,VVS1,61.4,55.0,-0.040000000000000036,1.73,6.639855486134927
0.7,Good,I,SI1,58.5,61.0,-0.0600000000000005,2.43,7.586062839058856
0.55,Premium,E,VS2,59.1,60.0,0.040000000000000036,2.1599999999999997,7.494735519090154
0.23,Very Good,E,VVS1,61.3,60.0,-0.05999999999999961,1.5699999999999998,6.128061888864341
0.41,Premium,G,VS2,59.8,58.0,0.040000000000000036,1.92,6.8178057867400055
1.52,Good,D,SI2,63.2,58.0,-0.05999999999999961,2.71,9.127886065589628
0.73,Premium,E,SI1,59.6,61.0,0.07000000000000028,2.34,7.922574008173481
0.3,Very Good,D,SI2,62.4,59.0,-0.03000000000000025,1.62,6.0544879720296665
0.8,Ideal,G,VVS2,62.6,54.0,-0.0699999999999994,2.26,8.304366176831474
2.04,Premium,H,SI1,58.0,59.0,0.13000000000000078,3.4399999999999995,9.6479560086943
0.3,Ideal,D,VS2,60.8,57.0,0.03000000000000025,1.6799999999999997,6.585445982537299
1.09,Ideal,G,VS1,60.4,58.0,-0.03000000000000025,2.66,8.936397691380607
0.34,Premium,G,VS2,60.2,58.0,-0.04999999999999982,1.8299999999999996,6.457126501222002
1.03,Fair,G,SI1,64.7,63.0,0.05000000000000071,2.21,8.433779448927542
0.69,Premium,E,VS2,61.0,60.0,0.04999999999999982,2.1799999999999997,7.8078253680508505
0.5,Ideal,F,SI1,60.1,56.0,-0.02999999999999936,2.09,7.042263106455704
0.38,Very Good,E,SI1,61.2,59.0,-0.03000000000000025,1.8199999999999998,6.485668903899711
1.09,Ideal,H,VS2,61.4,57.0,-0.040000000000000036,2.58,8.693122531471277
0.51,Ideal,D,VS2,61.5,55.0,0.04999999999999982,1.96,7.432920398246603
1.38,Very Good,H,SI1,63.2,56.0,0.04999999999999982,2.5700000000000003,8.983240444107143
0.37,Very Good,E,VS1,63.5,59.0,-0.040000000000000036,1.69,6.6692205224434336
1.01,Ideal,J,VS2,62.3,55.0,-0.040000000000000036,2.4400000000000004,8.344538472211616
0.3,Premium,D,VS2,61.1,59.0,-0.04999999999999982,1.6899999999999995,6.379969470934221
0.52,Ideal,F,SI1,61.6,57.0,-0.03000000000000025,2.0000000000000004,7.213439592099491
0.72,Very Good,F,VS1,63.4,57.0,-0.020000000000000462,2.0900000000000003,7.976455133972232
0.32,Ideal,D,VVS2,61.3,55.0,-0.040000000000000036,1.7300000000000004,6.7290950932527585
1.01,Ideal,J,SI2,61.6,55.0,-0.04999999999999982,2.51,8.231702751574863
0.32,Very Good,G,VS1,60.8,56.0,-0.03000000000000025,1.7700000000000005,6.418711950318137
0.23,Good,F,VS2,63.8,57.0,0.0900000000000003,1.3599999999999999,6.113774470044136
0.77,Ideal,D,SI1,60.8,57.0,0.040000000000000036,2.3000000000000003,8.07843295033664
1.5,Premium,E,SI2,61.7,58.0,0.03000000000000025,2.74,9.106638729778002
1.35,Very Good,I,VS2,62.1,62.0,-0.08000000000000007,2.7,8.836204130700827
0.33,Ideal,I,IF,62.2,56.0,-0.03000000000000025,1.6900000000000004,6.563269273087685
1.1,Ideal,G,SI2,62.1,58.0,-0.019999999999999574,2.5199999999999996,8.449448819528293
1.01,Premium,F,SI2,61.7,58.0,0.04999999999999982,2.44,8.352132165347724
1.02,Very Good,G,VVS2,62.5,59.0,-0.08000000000000007,2.4299999999999997,8.922702330741409
0.91,Fair,H,SI2,61.3,67.0,0.04999999999999982,2.3800000000000003,8.035258130933451
1.5,Good,F,I1,60.6,62.0,-0.020000000000000462,2.8600000000000003,8.637527148966187
0.9,Good,E,SI1,60.8,65.0,-0.03000000000000025,2.4299999999999997,8.318743211016802
1.01,Ideal,I,VS2,61.3,53.0,-0.020000000000000462,2.54,8.489898899379346
1.2,Premium,I,SI2,62.7,58.0,0.0600000000000005,2.5,8.451744769411887
0.28,Ideal,G,VVS2,61.5,56.0,-0.020000000000000462,1.6400000000000001,6.354550713188977
1.03,Very Good,H,SI1,63.3,57.0,0.020000000000000462,2.34,8.43193277291151
0.33,Ideal,H,IF,60.6,57.0,0.009999999999999787,1.77,6.815619937127656
1.14,Ideal,G,SI2,62.3,56.0,-0.03000000000000025,2.5300000000000002,8.508005904396288
0.47,Good,E,VS1,65.4,56.0,-0.05000000000000071,1.7100000000000004,7.110442909107613
1.0,Premium,G,SI2,61.8,58.0,0.040000000000000036,2.43,8.302956096636569
1.0,Good,G,SI1,62.5,62.0,-0.040000000000000036,2.4000000000000004,8.448613183568877
0.57,Very Good,G,VS2,63.0,58.0,-0.02999999999999936,1.9599999999999995,7.330126762228861
1.2,Ideal,H,SI1,61.9,54.0,-0.07000000000000028,2.6500000000000004,8.740881289742724
0.7,Very Good,J,VS2,63.2,61.0,0.03000000000000025,2.05,7.4611956289105095
0.28,Ideal,G,IF,61.3,57.0,-0.019999999999999574,1.6699999999999995,6.493857752279926
0.9,Fair,H,VS2,64.7,58.0,-0.02999999999999936,2.13,8.155666775777771
1.22,Ideal,I,SI1,62.3,57.0,-0.10000000000000053,2.62,8.67368491989239
0.52,Good,D,VS2,63.5,57.0,-0.04999999999999982,1.8899999999999997,7.386325924759063
1.0,Fair,F,SI1,67.1,57.0,-0.040000000000000036,2.0199999999999996,8.327689215215717
0.7,Very Good,F,VS2,61.1,62.0,-0.05000000000000071,2.2300000000000004,7.8722660088706204
0.54,Very Good,G,VVS1,60.7,56.0,-0.04999999999999982,2.0999999999999996,7.631381666920797
0.52,Ideal,G,SI2,62.1,56.0,-0.04999999999999982,1.9799999999999995,6.987771362973393
0.76,Very Good,G,VVS2,62.1,56.0,-0.040000000000000036,2.2199999999999998,8.140694491626643
0.64,Ideal,F,VS2,61.1,56.0,-0.019999999999999574,2.1799999999999997,7.721346308957664
2.5,Premium,H,SI2,62.7,59.0,0.040000000000000924,3.1999999999999993,9.601047177415026
0.41,Ideal,I,VS1,60.9,53.0,0.04999999999999982,1.8599999999999999,6.697754879657915
0.3,Ideal,F,IF,62.3,57.0,-0.019999999999999574,1.6299999999999994,6.595693383151561
2.0,Premium,G,SI2,61.1,60.0,0.07000000000000028,3.0999999999999996,9.54114574348883
1.7,Ideal,J,SI2,62.0,53.0,0.02999999999999936,2.9000000000000004,9.104552190441805
0.57,Very Good,F,SI2,63.5,56.0,0.03000000000000025,1.9100000000000001,7.07469366768579
1.0,Good,E,SI2,63.3,58.0,-0.02999999999999936,2.34,8.359220374174352
1.75,Very Good,G,VS2,62.8,59.0,-0.08999999999999986,2.8600000000000003,9.676194359434385
0.95,Very Good,J,VS1,62.4,57.0,-0.040000000000000036,2.38,8.18420200909108
0.59,Ideal,E,VS1,61.6,57.0,-0.040000000000000036,2.0799999999999996,7.673823747414701
0.53,Ideal,G,VVS2,61.5,56.0,-0.040000000000000036,2.0199999999999996,7.580951364999566
0.34,Ideal,G,VVS1,61.8,56.0,-0.05999999999999961,1.7399999999999998,6.757260460712737
0.9,Very Good,G,SI1,62.2,58.0,-0.04999999999999982,2.3600000000000003,8.246020351874016
0.72,Good,E,SI1,63.9,58.0,0.08000000000000007,2.01,7.81820280242259
0.29,Ideal,J,VS1,61.8,56.0,-0.02999999999999936,1.6399999999999997,6.023130734328927
0.3,Ideal,G,VS1,61.9,56.0,-0.04999999999999982,1.67,6.3089951186501025
0.33,Very Good,D,SI2,60.7,56.0,-0.03000000000000025,1.7599999999999998,6.215317096016491
0.5,Premium,G,VS2,60.2,60.0,0.05999999999999961,2.0300000000000002,7.1894752165575895
0.9,Good,H,SI2,64.3,60.0,-0.09999999999999964,2.2099999999999995,8.038789199614898
0.9,Very Good,H,VS1,62.7,56.0,-0.04999999999999982,2.33,8.363539237723396
0.33,Ideal,G,VVS2,61.5,56.0,-0.040000000000000036,1.7400000000000002,6.607087075477704
1.71,Ideal,F,VS2,61.9,57.0,0.11000000000000032,2.87,9.719347683319324
0.9,Ideal,G,SI2,62.3,56.0,-0.07000000000000028,2.36,8.162206216609764
0.38,Good,E,SI1,58.9,58.0,-0.03999999999999915,1.9699999999999998,6.4881856427397935
0.31,Very Good,F,VVS1,62.4,60.0,-0.02999999999999936,1.6299999999999994,6.654167321896956
0.56,Very Good,H,SI1,59.9,60.0,-0.04999999999999982,2.1599999999999997,7.139112935980036
1.86,Premium,G,SI2,62.8,58.0,0.08000000000000007,2.8600000000000003,9.347884690707064
1.14,Ideal,H,SI1,61.8,56.0,-0.040000000000000036,2.58,8.632761095359642
0.37,Ideal,F,VS2,61.4,56.0,-0.040000000000000036,1.7999999999999998,6.596585029282791
0.77,Premium,J,SI1,61.8,59.0,0.040000000000000036,2.2100000000000004,7.5828383533997235
0.36,Ideal,E,VVS2,61.0,55.0,-0.020000000000000462,1.81,6.826319176513542
0.91,Premium,D,VS2,62.0,58.0,-0.04999999999999982,2.37,8.586297819448948
0.36,Ideal,H,VVS1,62.3,56.0,-0.03000000000000025,1.7300000000000004,6.708222267956055
0.51,Premium,D,VVS2,61.6,59.0,0.040000000000000036,1.94,7.687484257528559
0.65,Ideal,F,VS1,62.2,57.0,0.0699999999999994,2.0700000000000003,7.796716145835395
0.9,Very Good,I,VS2,62.1,61.0,-0.040000000000000036,2.33,8.163479939429104
0.4,Very Good,G,VS1,61.5,57.0,-0.03999999999999915,1.8499999999999996,6.727749173645845
0.52,Good,G,SI1,63.3,55.0,-0.02999999999999936,1.8799999999999994,7.041510143949131
0.28,Ideal,D,VVS1,61.7,57.0,-0.03000000000000025,1.6300000000000003,6.531533200786984
1.7,Ideal,H,VVS1,61.4,57.0,-0.0600000000000005,2.99,9.555333586428135
0.71,Ideal,J,SI1,60.6,57.0,-0.04999999999999982,2.31,7.630572900709933
2.18,Premium,F,SI1,61.2,60.0,0.08000000000000007,3.200000000000001,9.716580442931074
0.95,Ideal,F,SI1,61.7,56.0,-0.03000000000000025,2.44,8.349373810415456
0.4,Premium,D,SI2,60.0,58.0,-0.040000000000000036,1.9499999999999997,6.555990786659985
2.25,Very Good,J,SI2,60.6,63.0,0.06999999999999851,3.280000000000001,9.513261315466545
0.61,Good,I,VS2,63.7,60.0,0.05999999999999961,1.9000000000000004,7.296316293624108
0.5,Premium,F,VS2,62.2,59.0,-0.040000000000000036,1.9399999999999995,7.126681323172358
1.08,Ideal,G,IF,61.3,57.0,-0.03000000000000025,2.5700000000000003,9.156154932166114
0.5,Fair,G,VVS2,66.1,62.0,0.040000000000000036,1.6399999999999997,7.306829841413231
1.01,Premium,F,SI2,61.3,60.0,0.02999999999999936,2.47,8.376968657286541
0.3,Ideal,D,VS2,61.8,55.0,-0.03000000000000025,1.65,6.389456261964
1.16,Ideal,I,VS2,61.5,57.0,-0.03000000000000025,2.62,8.655486456434451
0.58,Ideal,E,SI1,62.2,58.0,-0.08000000000000007,2.06,7.377054730716367
0.8,Ideal,I,VS1,61.9,54.1,-0.0600000000000005,2.2900000000000005,8.024923908732271
1.01,Premium,I,VS2,62.5,58.0,-0.05000000000000071,2.4300000000000006,8.423630474226469
0.39,Ideal,G,VVS2,61.9,56.0,-0.020000000000000462,1.8000000000000003,6.86838147351979
0.31,Very Good,D,SI2,62.7,59.0,-0.04999999999999982,1.6399999999999997,6.17663508966749
1.5,Good,H,SI2,63.6,60.0,0.0699999999999994,2.6000000000000005,8.985076561649112
1.01,Ideal,F,SI2,62.9,57.0,-0.0600000000000005,2.4000000000000004,8.410595827051104
1.01,Fair,F,VS2,61.1,60.0,0.08999999999999986,2.4600000000000004,8.731370084399048
0.35,Ideal,G,VVS1,61.0,56.0,-0.03000000000000025,1.7999999999999998,6.757260460712737
0.25,Very Good,G,VVS1,61.8,56.0,-0.02999999999999936,1.5599999999999996,6.2828600741650735
0.57,Ideal,F,VS1,61.7,55.0,-0.040000000000000036,2.0799999999999996,7.615175068664604
0.52,Ideal,G,VVS2,61.4,55.3,-0.03000000000000025,2.02,7.572960900305753
1.16,Ideal,G,IF,62.0,57.0,-0.03000000000000025,2.5700000000000003,9.215016415123893
1.23,Ideal,J,VS2,61.5,57.0,-0.04999999999999982,2.6900000000000004,8.627983988414627
0.33,Very Good,H,SI1,63.0,57.0,-0.020000000000000462,1.6400000000000001,6.160876574086179
1.14,Ideal,F,I1,61.7,57.0,0.03000000000000025,2.54,8.1885508061082
0.32,Ideal,H,VS1,62.9,54.0,0.040000000000000036,1.6100000000000003,6.524696648033555
2.31,Very Good,J,SI2,60.7,63.0,0.03999999999999915,3.3200000000000003,9.530280094506834
0.28,Very Good,G,VVS2,61.1,56.0,-0.019999999999999574,1.6699999999999995,6.3019065167718455
0.51,Ideal,I,VS1,61.8,56.0,-0.03000000000000025,1.9699999999999998,7.124054927454289
0.32,Ideal,H,VS2,63.0,57.0,0.03000000000000025,1.5999999999999996,6.491694805752417
0.6,Very Good,F,VVS1,61.2,58.0,-0.040000000000000036,2.13,7.859531688367821
0.7,Good,H,VVS2,63.8,57.0,0.10000000000000053,1.96,7.770335995486224
0.35,Premium,E,SI1,60.8,60.0,0.0600000000000005,1.75,6.607942694118598
0.73,Ideal,E,VS1,62.3,56.0,-0.04999999999999982,2.1999999999999997,8.154997444538884
0.38,Ideal,E,VVS2,60.9,56.0,0.03000000000000025,2.6199999999999997,7.361681992314908
1.01,Ideal,G,SI1,62.7,57.0,-0.040000000000000036,2.38,8.531754341007016
1.7,Premium,E,SI1,58.2,62.0,0.05000000000000071,3.25,9.474285814994893
1.22,Good,I,VS1,59.2,61.0,0.05999999999999961,2.8200000000000003,8.776039492947287
0.7,Very Good,G,VS2,62.7,57.0,-0.04999999999999982,2.14,7.756985422033397
1.63,Very Good,H,SI1,59.8,60.0,-0.040000000000000036,3.0999999999999996,9.301855128195088
0.32,Ideal,G,VVS1,62.2,55.0,-0.020000000000000462,1.6700000000000004,6.680223596176751
0.71,Good,G,VS1,63.5,55.0,-0.020000000000000462,2.0700000000000003,7.8828490136066245
1.63,Premium,I,VS2,61.0,60.0,0.03000000000000025,2.95,9.254203548509555
1.07,Premium,G,SI2,62.5,59.0,0.03000000000000025,2.42,8.362656405284923
0.51,Ideal,F,SI1,61.2,56.0,-0.019999999999999574,2.03,7.151520916943851
1.03,Ideal,G,SI1,60.3,58.0,-0.04999999999999982,2.64,8.581964113231113
0.3,Very Good,H,VS2,61.1,61.0,-0.03000000000000025,1.6900000000000004,6.137191186082903
2.04,Good,F,SI2,64.0,57.0,0.05999999999999872,2.8500000000000005,9.55758778637109
1.0,Good,F,SI2,63.6,62.0,0.04999999999999982,2.24,8.245803305748751
1.05,Premium,F,SI2,61.7,60.0,0.08999999999999986,2.46,8.393037538963195
0.77,Premium,F,VS1,59.5,58.0,0.019999999999999574,2.4000000000000004,8.168424164034496
1.1,Very Good,J,SI2,61.9,55.0,-0.040000000000000036,2.54,8.288737252451632
1.07,Good,F,I1,64.3,59.0,-0.04999999999999982,2.3099999999999996,8.036406183563393
0.7,Very Good,E,VVS2,61.7,57.0,-0.03000000000000025,2.2,8.143271804658657
0.5,Good,D,VVS2,57.8,62.0,-0.04999999999999982,2.24,7.623872116933763
0.55,Good,E,VS2,60.3,61.0,-0.0600000000000005,2.15,7.466855528929864
0.56,Very Good,D,VVS1,62.0,56.0,-0.04999999999999982,2.03,7.908080937762343
0.7,Ideal,I,VVS1,62.8,56.3,-0.040000000000000036,2.1300000000000003,7.793475180717891
0.31,Premium,D,SI1,61.2,60.0,-0.0600000000000005,1.73,6.367929128012441
0.72,Premium,F,SI1,61.6,60.0,0.05999999999999961,2.1800000000000006,7.8545849497462905
0.33,Ideal,H,VS2,60.7,55.0,-0.02999999999999936,1.7799999999999998,6.317178196956188
0.91,Ideal,G,VS1,61.3,56.0,0.07000000000000028,2.38,8.562093014271653
0.33,Ideal,E,VS2,61.9,55.0,-0.03000000000000025,1.7200000000000002,6.536814855661973
0.31,Very Good,H,SI1,62.8,58.0,-0.040000000000000036,1.62,6.106664130749641
1.28,Ideal,G,IF,60.8,57.0,-0.03000000000000025,2.7699999999999996,9.394993122789003
1.64,Premium,F,SI1,62.8,59.0,0.020000000000000462,2.79,9.41678939979098
0.4,Ideal,I,VVS2,61.8,56.0,-0.03000000000000025,1.8399999999999999,6.692782567672733
1.29,Premium,F,VS1,59.3,60.0,0.040000000000000036,2.88,9.225306442785483
1.32,Ideal,I,VS2,60.8,57.0,0.05000000000000071,2.7399999999999993,8.838192161234952
0.39,Good,F,SI1,63.6,58.0,-0.05000000000000071,1.7100000000000004,6.537673967812265
0.5,Very Good,F,SI1,61.4,57.0,-0.040000000000000036,1.9900000000000002,6.981336488648887
1.0,Good,G,SI1,57.2,59.0,0.040000000000000036,2.8200000000000003,8.44366394183975
2.01,Very Good,I,VS2,59.6,62.0,-0.08000000000000007,3.3600000000000003,9.630629108415315
1.76,Premium,E,SI1,60.5,58.0,0.08999999999999986,3.0700000000000003,9.513394300466013
1.63,Ideal,E,VS2,61.3,55.0,-0.03000000000000025,2.96,9.627486836359777
1.08,Ideal,E,VS1,61.6,57.0,-0.03000000000000025,2.5500000000000007,9.054886909865866
0.5,Very Good,F,VS1,62.3,55.0,-0.03000000000000025,1.9299999999999997,7.210264215864429
0.31,Premium,I,VS2,59.3,59.0,0.040000000000000036,1.77,6.338628271880973
0.51,Very Good,F,VS2,63.0,57.0,-0.0600000000000005,1.9100000000000001,7.229659116664091
1.02,Ideal,D,SI2,58.9,61.0,-0.0600000000000005,2.74,8.447967470947388
2.4,Very Good,I,SI2,60.6,58.5,-0.08000000000000007,3.4299999999999997,9.662769629822252
0.9,Premium,D,SI1,62.1,60.0,0.0600000000000005,2.3099999999999996,8.362891125035452
1.6,Premium,H,SI2,59.4,59.0,-0.04999999999999982,3.0999999999999996,9.135865024425883
2.0,Premium,G,SI1,59.0,62.0,0.009999999999999787,1.33,9.394939548566622
1.03,Ideal,G,SI1,61.6,55.0,-0.03999999999999915,2.5199999999999996,8.586346363324443
1.03,Ideal,E,SI1,62.0,55.0,-0.040000000000000036,2.4800000000000004,8.660594878132088
1.24,Ideal,G,VVS2,61.2,56.0,0.040000000000000036,2.66,9.246745103155483
1.57,Premium,I,VS2,60.8,59.0,0.03000000000000025,2.92,9.205616449504479
0.33,Ideal,F,VS2,62.1,54.0,-0.03000000000000025,1.7000000000000002,6.487956752064724
0.9,Very Good,H,VS1,62.6,55.0,-0.05000000000000071,2.3300000000000005,8.363539237723396
0.32,Premium,G,VS1,61.4,58.0,-0.040000000000000036,1.7100000000000004,6.451752824840255
0.32,Very Good,G,VS2,60.9,58.0,-0.03000000000000025,1.75,6.353305100256236
0.4,Premium,E,VVS2,61.4,56.0,0.0699999999999994,1.81,7.0974672506109
0.54,Ideal,G,VVS2,61.4,55.0,-0.08000000000000007,2.07,7.59639044367024
2.1,Fair,F,SI2,64.7,61.0,0.04999999999999982,2.7800000000000002,9.534391311866047
0.81,Ideal,E,SI1,61.5,56.0,-0.020000000000000462,2.33,8.145843432394287
1.67,Ideal,I,VS1,61.2,57.0,0.03000000000000025,2.96,9.392308557385293
0.32,Ideal,E,VS2,61.9,56.0,0.040000000000000036,1.6500000000000004,6.714424394975231
0.26,Ideal,E,VVS2,62.9,58.0,-0.040000000000000036,1.5199999999999996,6.350717839168339
1.0,Very Good,D,SI2,61.5,63.0,0.05000000000000071,2.3999999999999995,8.384281990328668
0.74,Premium,D,VS2,58.0,59.0,0.07000000000000028,2.4699999999999998,8.119464525372234
0.57,Ideal,F,VS2,61.7,57.0,0.03000000000000025,2.0300000000000002,7.503830506863696
0.36,Ideal,F,SI1,61.6,56.0,-0.04999999999999982,1.79,6.464054581404165
0.9,Ideal,D,SI1,61.8,57.0,0.04999999999999982,2.34,8.391055283355499
0.31,Ideal,G,IF,61.6,55.0,-0.03000000000000025,1.69,6.7414354065122755
2.09,Premium,F,SI2,61.7,59.0,0.019999999999999574,3.1400000000000006,9.58145271657898
1.24,Ideal,H,VS1,63.0,55.0,0.03000000000000025,2.51,8.924416857004676
0.7,Good,H,SI2,64.2,58.0,-0.040000000000000036,2.0199999999999996,7.4948288669311705
0.71,Premium,I,VVS2,61.9,60.0,-0.05999999999999961,2.21,7.811068712442725
0.35,Ideal,I,VS1,61.7,54.0,-0.03000000000000025,1.7600000000000002,6.334097705739712
0.72,Ideal,F,VS1,62.5,54.0,-0.02999999999999936,2.17,8.030119955633424
2.04,Premium,G,SI2,61.3,60.0,0.049999999999998934,3.130000000000001,9.563234860616816
0.32,Ideal,I,VS1,61.4,55.3,-0.03000000000000025,1.7199999999999998,6.2332340691356825
0.31,Ideal,E,VS2,61.8,56.0,-0.020000000000000462,1.6700000000000004,6.492952746049459
0.72,Very Good,G,VS1,60.6,56.0,-0.03000000000000025,2.3200000000000003,8.03081609050559
0.91,Premium,E,SI1,61.9,61.0,0.020000000000000462,2.32,8.322400861785015
0.57,Ideal,G,VS1,60.8,56.8,-0.02999999999999936,2.13,7.537069941522347
0.71,Ideal,D,SI1,60.8,57.0,-0.03000000000000025,2.2800000000000002,8.022732615977437
0.46,Ideal,H,SI1,61.7,55.0,-0.02999999999999936,1.9299999999999997,6.69025299393967
1.0,Good,D,VS2,62.8,61.0,-0.03000000000000025,2.3699999999999997,8.7648050364522
1.38,Very Good,H,SI2,62.3,60.0,-0.04999999999999982,2.7,8.868145199198548
0.64,Fair,F,VS2,57.0,62.5,-0.11000000000000032,2.5200000000000005,7.690920047783213
1.59,Very Good,H,VVS2,63.0,58.0,-0.05000000000000071,2.7800000000000002,9.369244556430088
0.31,Ideal,I,SI1,61.4,56.0,-0.03000000000000025,1.6999999999999997,6.055958483368123
1.08,Ideal,I,SI1,61.4,57.0,0.04999999999999982,2.54,8.457419085425283
0.4,Ideal,I,VS2,62.4,54.0,-0.02999999999999936,1.7999999999999998,6.5055150217430455
0.75,Premium,F,VVS2,62.4,57.0,0.1299999999999999,2.12,8.103829547119906
0.95,Premium,G,SI2,59.5,56.0,0.04999999999999982,2.5600000000000005,8.130909558692073
0.33,Ideal,D,VS2,62.8,54.0,0.03000000000000025,1.6399999999999997,6.756867390951219
2.01,Very Good,J,SI2,63.4,59.0,0.040000000000000036,2.9000000000000004,9.460115684880364
0.5,Ideal,E,VS2,61.5,57.0,0.02999999999999936,1.9600000000000004,7.26300551053412
0.32,Ideal,E,VS2,61.8,55.0,-0.02999999999999936,1.6999999999999997,6.513269809519722
0.56,Ideal,F,SI1,61.4,57.0,-0.019999999999999574,2.05,7.299496971741802
1.21,Premium,G,SI2,60.3,58.0,-0.05999999999999961,2.7800000000000002,8.613549707430169
1.0,Good,G,VS2,56.6,61.0,0.040000000000000036,2.8600000000000003,8.628462415233251
0.57,Ideal,F,VS2,60.7,56.0,-0.040000000000000036,2.14,7.50777797700098
0.52,Good,G,SI1,63.6,56.0,0.019999999999999574,1.8400000000000003,7.11494141258941
0.76,Premium,J,SI1,58.4,59.0,0.040000000000000036,2.46,7.630617209193861
0.28,Very Good,F,VVS1,61.4,60.0,-0.02999999999999936,1.6399999999999997,6.4006340251043605
0.52,Ideal,G,VVS1,61.6,56.0,-0.040000000000000036,2.0100000000000002,7.621062921791386
0.35,Ideal,G,IF,62.3,55.0,0.019999999999999574,1.69,6.947070136312403
0.4,Ideal,G,VVS1,61.6,57.0,0.009999999999999787,1.8199999999999998,7.067559578369004
0.31,Ideal,D,VS2,61.5,56.0,0.040000000000000036,1.67,6.734509635408721
0.45,Good,G,VS1,64.1,58.8,-0.07000000000000028,1.7700000000000005,6.839815355923188
0.32,Premium,F,VS2,61.2,59.0,-0.019999999999999574,1.7199999999999998,6.456708786596039
1.0,Premium,G,VS2,60.0,59.0,0.04999999999999982,2.57,8.66680034109812
0.32,Ideal,G,IF,61.2,57.0,-0.02999999999999936,1.7299999999999995,6.774771811077834
0.57,Premium,E,IF,59.8,60.0,0.04999999999999982,2.15,7.913029163220481
0.72,Ideal,G,VVS2,62.6,56.0,-0.040000000000000036,2.16,8.013781934609387
1.0,Good,F,SI2,59.8,65.0,0.15000000000000036,2.53,8.278896896524119
1.52,Good,E,VS1,64.0,55.0,0.07999999999999918,2.5600000000000005,9.570367202076193
0.4,Very Good,G,VVS1,61.7,58.0,-0.019999999999999574,1.81,6.938232304485508
0.32,Ideal,J,VS1,61.3,57.0,0.019999999999999574,1.7000000000000002,6.312077494436333
0.49,Premium,G,VS2,61.0,59.0,0.07000000000000028,1.9499999999999997,7.130244803893848
1.0,Premium,D,VS1,61.0,58.0,0.040000000000000036,2.4899999999999998,8.94314565907415
1.23,Premium,I,SI1,60.3,60.0,0.07000000000000028,2.71,8.624367513218832
1.56,Ideal,I,VS2,62.5,57.0,0.040000000000000036,2.7300000000000004,9.180994996122047
1.53,Premium,H,SI1,62.4,60.0,0.03000000000000025,2.7399999999999993,9.187473258255293
0.53,Premium,D,SI1,61.6,59.0,0.040000000000000036,1.9700000000000002,7.3310482502718255
0.42,Premium,G,VS2,61.9,58.0,-0.05000000000000071,1.85,6.738162589963135
1.0,Ideal,E,SI2,62.0,57.0,-0.040000000000000036,2.45,8.428903815663263
0.25,Very Good,F,VVS2,62.8,54.0,-0.03000000000000025,1.5100000000000002,6.250517413887397
1.51,Very Good,J,SI1,62.3,59.0,-0.0600000000000005,2.7600000000000007,8.970738100984374
1.13,Good,G,I1,63.4,58.0,-0.03000000000000025,2.4300000000000006,8.066722404293456
0.34,Very Good,G,VS2,62.9,55.0,-0.0699999999999994,1.6999999999999997,6.429931788107644
0.54,Ideal,G,VS1,61.6,56.0,-0.040000000000000036,2.04,7.442268297713878
1.11,Premium,H,I1,61.0,59.0,-0.05999999999999961,2.62,8.133668214768344
0.32,Ideal,D,SI2,61.4,56.0,0.03000000000000025,1.6999999999999997,6.426174725556342
1.5,Fair,D,SI2,68.8,57.0,0.040000000000000036,2.13,8.840093790674485
0.51,Premium,G,VVS1,61.6,59.0,0.040000000000000036,1.94,7.575612673663799
0.52,Ideal,F,VS1,61.2,57.0,-0.040000000000000036,2.0300000000000002,7.5255079418599005
1.01,Ideal,E,SI2,62.8,57.0,0.03000000000000025,2.3499999999999996,8.413464685942452
0.42,Ideal,G,VVS2,60.7,55.0,-0.02999999999999936,1.9299999999999997,6.960185591924443
0.86,Ideal,E,SI1,60.6,56.0,-0.019999999999999574,2.4399999999999995,8.201933703168132
0.58,Ideal,E,SI2,61.4,57.1,-0.019999999999999574,2.08,7.2281934336660365
0.41,Very Good,G,VS1,60.5,57.0,-0.040000000000000036,1.9299999999999997,6.760342274296171
0.46,Premium,E,VS2,61.3,57.0,0.02999999999999936,1.9200000000000004,7.0607661382788995
0.53,Very Good,E,VS1,61.9,59.0,-0.04999999999999982,2.0,7.524326434810162
0.74,Very Good,E,SI1,61.3,58.0,-0.040000000000000036,2.27,7.982614825389459
0.42,Ideal,D,VS2,62.1,54.0,0.03000000000000025,1.8099999999999996,7.001628073044368
0.5,Premium,D,SI1,62.5,58.0,0.07999999999999918,1.8400000000000003,7.101362476100332
0.72,Ideal,H,VVS2,62.3,56.0,-0.0699999999999994,2.2099999999999995,7.996039040880603
0.77,Ideal,E,SI2,61.0,57.0,0.03000000000000025,2.3,7.914577502446265
1.1,Very Good,D,SI2,61.6,57.0,-0.05999999999999961,2.58,8.541895641754122
0.31,Premium,F,IF,61.5,58.0,0.019999999999999574,1.6600000000000001,6.911680379367861
0.35,Very Good,G,VS1,62.6,56.0,-0.02999999999999936,1.6999999999999997,6.517416983133681
0.9,Premium,F,SI2,62.7,58.0,0.07000000000000028,2.25,8.101797484763274
0.51,Ideal,F,SI1,60.0,57.0,0.040000000000000036,2.07,7.211537788780736
0.4,Ideal,H,SI1,62.0,56.0,0.0600000000000005,1.7599999999999998,6.6497670033470015
0.37,Premium,D,VVS1,61.4,58.0,-0.020000000000000462,1.8000000000000003,7.01276569078591
1.08,Premium,J,SI1,61.0,60.0,-0.04999999999999982,2.6000000000000005,8.33025396608491
0.44,Ideal,D,VS1,62.3,55.0,-0.03000000000000025,1.85,6.9915313662487035
0.33,Ideal,G,IF,62.1,56.0,0.03000000000000025,1.6600000000000001,6.904380491780835
1.8,Very Good,J,SI1,61.4,55.0,0.0600000000000005,2.99,9.272798256323398
1.05,Very Good,J,SI2,63.2,56.0,0.040000000000000036,2.3600000000000003,8.196579727912475
1.01,Fair,H,VS2,65.2,56.0,0.040000000000000036,2.1400000000000006,8.412568673670059
1.51,Premium,I,SI1,61.7,60.0,0.040000000000000036,2.7699999999999996,9.092781246424355
0.4,Ideal,D,VVS1,61.8,55.0,-0.040000000000000036,1.8299999999999996,7.184921968293858
0.33,Ideal,E,SI1,63.0,54.0,0.040000000000000036,1.6099999999999999,6.571360771560887
0.82,Premium,H,VS1,62.3,60.0,0.02999999999999936,2.2300000000000004,8.074268870750993
1.29,Ideal,E,SI2,62.8,57.0,0.0600000000000005,2.54,8.769720617841935
0.72,Ideal,E,VS1,61.9,55.0,-0.02999999999999936,2.2099999999999995,8.136214746402304
0.91,Good,G,VS2,59.9,61.0,-0.1299999999999999,2.58,8.440169294367985
0.58,Ideal,E,VS2,61.9,56.0,0.03000000000000025,2.03,7.556157224784702
0.72,Very Good,H,SI1,63.0,58.0,-0.03000000000000025,2.12,7.7259109105964265
0.52,Ideal,E,SI1,60.7,55.0,0.010000000000000675,2.0399999999999996,7.3266243864950225
0.28,Ideal,H,VS1,62.2,54.0,-0.040000000000000036,1.6100000000000003,6.163766939221476
1.29,Ideal,J,VS2,62.1,59.0,-0.040000000000000036,2.6500000000000004,8.67750283621917
0.9,Ideal,I,VS1,62.4,57.0,-0.040000000000000036,2.35,8.283768341081107
0.9,Ideal,E,SI1,61.7,56.0,-0.07000000000000028,2.4100000000000006,8.39204507164706
2.54,Ideal,G,SI2,62.5,55.0,0.0600000000000005,3.2399999999999993,9.603098118221402
0.52,Premium,F,SI2,62.7,57.0,0.040000000000000036,1.8800000000000003,7.0280066478212495
0.9,Ideal,H,VS2,61.9,55.0,0.02999999999999936,2.3500000000000005,8.306869124915764
1.63,Very Good,H,SI2,58.2,62.0,0.04999999999999982,3.21,9.08985391984425
0.31,Ideal,D,VS2,61.2,55.0,0.019999999999999574,1.69,6.734509635408721
0.56,Very Good,D,SI1,63.0,58.0,-0.03000000000000025,1.9500000000000002,7.2602953236844
2.01,Premium,G,SI2,59.4,62.0,0.049999999999998934,3.3200000000000003,9.537687260176725
0.21,Premium,E,SI2,61.9,56.0,0.020000000000000018,1.4499999999999997,5.994448786501962
0.31,Premium,J,VS2,62.4,60.0,-0.040000000000000036,1.6400000000000001,6.064417800490952
0.31,Ideal,G,VVS1,61.9,55.0,0.0600000000000005,1.6199999999999997,6.797921307694647
1.21,Ideal,G,VVS2,59.4,59.0,-0.08999999999999986,2.87,9.217714201466531
1.21,Ideal,G,VS1,62.7,54.0,-0.020000000000000462,2.5500000000000007,9.109764874217191
0.3,Premium,E,VS2,62.6,58.0,0.03000000000000025,1.58,6.543391634866687
1.1,Very Good,F,VS2,61.4,58.0,-0.10000000000000053,2.630000000000001,8.90218679889031
0.33,Ideal,G,VVS1,61.5,56.0,0.009999999999999787,1.71,6.838596805078088
0.51,Good,J,VS2,63.1,56.0,-0.03000000000000025,1.9,6.918937095977136
0.31,Ideal,G,VVS2,61.4,57.0,-0.040000000000000036,1.73,6.549214072820098
1.52,Premium,G,VVS2,62.9,59.0,0.040000000000000036,2.6799999999999997,9.529542115609038
1.58,Ideal,H,SI1,61.4,56.0,-0.07000000000000028,2.9300000000000006,9.316812163244363
0.8,Ideal,G,SI1,60.8,57.0,-0.03000000000000025,2.38,8.031634371871673
0.41,Very Good,H,VVS1,61.7,58.0,-0.04999999999999982,1.85,6.876499558089115
0.3,Premium,D,SI1,62.6,59.0,-0.03999999999999915,1.6099999999999994,6.245782010374617
1.51,Fair,F,SI1,65.8,56.0,0.040000000000000036,2.42,9.208516472603632
0.81,Ideal,F,IF,61.5,55.0,-0.0699999999999994,2.3499999999999996,8.594959265123123
0.75,Very Good,E,SI1,63.1,56.0,0.08000000000000007,2.08,7.878540106361122
0.71,Very Good,E,VS2,59.9,59.0,-0.040000000000000036,2.35,8.048887815920349
1.19,Ideal,I,SI1,62.3,55.0,-0.020000000000000462,2.58,8.603505224765474
1.7,Premium,F,VS2,62.8,58.0,0.07000000000000028,2.7800000000000002,9.681896881292378
1.0,Premium,J,VS2,62.0,62.0,0.07000000000000028,2.3899999999999997,8.259059504763782
1.09,Premium,H,SI1,61.6,57.0,0.040000000000000036,2.5199999999999996,8.514403676163193
1.0,Premium,F,SI2,61.3,61.0,0.02999999999999936,2.45,8.319610093155125
0.52,Very Good,E,SI1,61.0,61.0,-0.020000000000000462,2.0300000000000002,7.223657150368577
0.38,Very Good,G,SI1,57.5,60.0,-0.04999999999999982,2.09,6.475815849113891
0.7,Premium,J,IF,60.5,59.0,-0.0600000000000005,2.2800000000000002,7.758762619622657
0.9,Good,H,SI1,63.8,57.0,-0.05999999999999961,2.2399999999999998,8.147018409759323
1.5,Good,I,SI2,58.5,60.0,-0.08999999999999986,3.1399999999999997,8.961006488251376
1.05,Very Good,E,SI1,62.2,56.0,-0.0699999999999994,2.5,8.64897798687047
0.35,Premium,H,SI2,62.0,58.0,0.03000000000000025,1.69,6.26770973474183
0.34,Very Good,H,VS2,60.0,58.0,-0.040000000000000036,1.8399999999999994,6.324215341146933
0.42,Premium,F,VVS1,60.5,58.0,0.03000000000000025,1.8899999999999997,7.146071615976439
0.57,Premium,E,VS2,62.0,58.0,0.04999999999999982,2.0100000000000002,7.543355846006002
0.3,Ideal,F,SI1,62.4,56.0,-0.05000000000000071,1.6400000000000001,6.198180831675343
0.32,Ideal,D,VS2,61.0,56.0,-0.03000000000000025,1.7400000000000002,6.553672113423474
1.52,Premium,G,VS1,58.8,61.0,0.08999999999999986,3.04,9.48050886653934
1.0,Ideal,D,SI1,62.7,56.0,-0.040000000000000036,2.41,8.63292034493257
1.0,Very Good,I,SI1,59.3,63.0,0.04999999999999982,2.6199999999999997,8.2994943563954
1.01,Very Good,G,VVS2,63.0,59.0,-0.07000000000000028,2.4000000000000004,8.900302419208431
1.29,Premium,G,VS2,61.9,58.0,0.04999999999999982,2.6399999999999997,9.082547978624012
1.52,Good,H,SI1,64.1,59.0,-0.0699999999999994,2.5999999999999996,9.164864068907045
0.52,Very Good,G,SI1,61.9,59.0,-0.04999999999999982,1.9699999999999998,7.096497107802909
2.01,Premium,E,SI2,58.7,54.0,0.07000000000000028,3.369999999999999,9.56184893939919
1.3,Ideal,G,IF,61.3,56.0,-0.02999999999999936,2.7399999999999993,9.400816122556634
1.51,Premium,H,SI1,58.0,59.0,0.03000000000000025,3.16,9.178504822149218
0.7,Very Good,D,VVS2,62.8,60.0,-0.040000000000000036,2.1300000000000003,8.114537256770504
1.0,Premium,F,VS2,62.1,58.0,0.08999999999999986,2.4000000000000004,8.697563948406357
0.42,Ideal,G,VVS1,61.7,55.0,-0.05999999999999961,1.8699999999999997,7.037946276854154
0.5,Fair,D,SI1,64.6,61.0,0.09999999999999964,1.7200000000000002,7.020716924626068
0.46,Good,F,IF,56.2,61.0,-0.08000000000000007,2.3200000000000003,7.41400725796658
0.61,Ideal,G,VS1,60.9,57.0,-0.040000000000000036,2.16,7.646297530407344
0.51,Very Good,E,VS2,63.3,57.0,0.07000000000000028,1.8299999999999996,7.339557667074996
0.61,Ideal,G,SI1,62.0,54.0,-0.019999999999999574,2.1,7.384809575120392
0.3,Very Good,G,VS1,62.1,60.0,-0.05999999999999961,1.65,6.269779887210666
0.6,Premium,E,SI1,61.9,58.0,0.040000000000000036,2.0399999999999996,7.420100547896898
0.33,Premium,G,VVS2,62.0,59.0,-0.04999999999999982,1.71,6.59938415615127
0.34,Very Good,H,VS1,63.1,57.0,0.040000000000000036,1.6100000000000003,6.506930032437119
0.7,Premium,F,SI2,62.9,60.0,0.08000000000000007,2.0100000000000002,7.573874537265558
1.73,Premium,G,VS1,62.8,57.0,0.14999999999999947,2.7700000000000005,9.650354539718073
0.33,Very Good,G,VS2,61.1,59.0,-0.040000000000000036,1.7499999999999996,6.377225830205214
0.42,Premium,E,SI1,61.5,58.0,-0.05999999999999961,1.88,6.709652709718934
1.58,Premium,E,SI2,61.0,60.0,0.03000000000000025,2.92,9.178872046499208
0.32,Very Good,G,VVS1,60.9,57.0,-0.03000000000000025,1.7500000000000004,6.639844202288177
0.4,Ideal,G,VVS1,61.3,56.0,-0.009999999999999787,1.8399999999999999,6.973563896168949
0.51,Ideal,G,VVS2,62.6,57.0,0.020000000000000462,1.8999999999999995,7.5110874073639975
0.31,Ideal,H,VS2,61.7,55.0,-0.040000000000000036,1.69,6.262552958783967
1.2,Fair,F,I1,65.7,56.0,0.07000000000000028,2.2300000000000004,8.08097269314375
0.76,Very Good,I,VS1,59.8,61.0,-0.040000000000000036,2.41,7.895593509784065
1.26,Premium,D,SI1,59.5,59.0,0.07000000000000028,2.84,8.95997579935357
1.62,Ideal,F,SI1,62.5,55.0,0.040000000000000036,2.8099999999999996,9.446041932624242
0.5,Ideal,F,VVS2,61.3,59.0,-0.04999999999999982,1.9899999999999998,7.480310972143443
0.35,Ideal,F,SI1,62.4,55.0,0.03000000000000025,1.6899999999999995,6.589431747358803
0.33,Premium,D,VS2,60.8,60.0,0.05999999999999961,1.73,6.740037144244022
1.01,Fair,F,SI2,67.3,62.0,0.05999999999999961,1.9500000000000002,8.136040698717311
0.52,Good,E,VS2,61.5,61.0,0.07000000000000028,1.94,7.388160949912882
1.01,Good,D,SI2,63.9,57.0,-0.07000000000000028,2.3200000000000003,8.410733919075016
2.01,Ideal,J,SI2,62.9,54.0,0.13000000000000078,2.88,9.481373488995409
0.3,Ideal,J,VS1,59.7,57.0,-0.03000000000000025,1.7800000000000002,6.025861567601187
0.91,Ideal,H,SI1,62.1,57.0,-0.03000000000000025,2.36,8.236333251228274
0.52,Ideal,D,VVS2,62.4,56.0,-0.019999999999999574,1.9499999999999997,7.708555777966226
0.37,Premium,F,VS2,60.5,59.0,0.04999999999999982,1.81,6.74360145969766
0.48,Premium,H,SI2,58.5,59.0,0.03000000000000025,2.12,6.780348241231346
1.23,Premium,J,VS2,58.0,61.0,0.040000000000000036,2.9400000000000004,8.590034205725663
0.51,Premium,D,SI1,60.1,60.0,0.019999999999999574,2.0500000000000003,7.280480568823883
1.01,Premium,F,VS2,62.7,58.0,-0.010000000000000675,2.3900000000000006,8.744201760676537
0.41,Ideal,F,VVS2,61.9,55.0,0.009999999999999787,1.8200000000000003,7.07600020024604
0.39,Very Good,F,SI1,61.3,62.0,-0.03000000000000025,1.83,6.549979922005097
0.4,Good,E,VVS2,57.7,62.0,-0.05999999999999961,2.08,6.998011342605999
0.42,Ideal,H,IF,61.6,56.0,-0.03000000000000025,1.88,7.007308966707131
1.15,Premium,H,SI2,62.4,57.0,0.07000000000000028,2.45,8.406453227644862
1.05,Ideal,D,SI1,61.7,56.0,-0.05999999999999961,2.54,8.70642008891879
0.58,Ideal,F,VS2,60.2,57.0,-0.05000000000000071,2.2000000000000006,7.566164270356347
0.32,Ideal,E,VVS2,62.0,54.0,-0.019999999999999574,1.6899999999999995,6.694512871264307
0.71,Very Good,F,SI2,59.2,60.0,-0.0600000000000005,2.43,7.772952346705951
0.33,Premium,D,SI2,60.7,56.0,0.03000000000000025,1.7299999999999995,6.419026017958574
0.33,Ideal,E,VS2,62.3,57.0,-0.05999999999999961,1.6899999999999995,6.53717925562195
0.3,Premium,G,VVS1,61.7,58.0,-0.040000000000000036,1.6599999999999997,6.460557255923542
0.32,Ideal,F,VVS1,61.8,56.0,0.03000000000000025,1.6799999999999997,6.90529135873149
0.92,Very Good,H,SI2,62.8,59.0,-0.020000000000000462,2.3000000000000003,8.109234361319917
1.01,Very Good,J,SI2,63.3,53.0,0.040000000000000036,2.3,8.136438474992532
0.33,Premium,H,VS1,59.2,58.0,0.04999999999999982,1.8199999999999998,6.508301022171847
0.74,Ideal,F,VS2,61.9,57.0,-0.019999999999999574,2.2199999999999998,8.045041217844064
0.37,Ideal,D,VVS1,62.0,56.0,0.009999999999999787,1.7399999999999998,7.135141222823206
1.11,Ideal,F,SI1,61.1,57.0,-0.020000000000000462,2.6100000000000003,8.698270556245898
0.53,Good,F,VS1,61.8,62.8,-0.03000000000000025,1.98,7.451510868811906
0.43,Ideal,D,VS2,62.0,55.0,0.05000000000000071,1.8099999999999996,7.014160555810399
0.82,Premium,E,VS2,59.7,61.0,0.040000000000000036,2.42,8.190801703022608
0.5,Premium,E,VS2,62.9,60.0,0.03000000000000025,1.8499999999999996,7.2554026237013245
0.71,Premium,G,SI1,61.7,58.0,0.03000000000000025,2.18,7.793427737079391
0.41,Premium,E,SI2,60.0,59.0,0.040000000000000036,1.9000000000000004,6.634539682378087
0.31,Good,D,SI1,63.8,57.0,0.040000000000000036,1.54,6.453459154145728
1.5,Premium,F,VS2,61.0,58.0,0.0600000000000005,2.829999999999999,9.529825849120027
0.4,Very Good,E,VVS1,60.0,58.0,-0.03000000000000025,1.9299999999999997,7.047871535568337
0.8,Premium,I,SI1,60.9,60.0,0.05999999999999961,2.31,7.842078105195936
0.91,Premium,E,SI1,61.5,60.0,0.04999999999999982,2.3700000000000006,8.344452555564772
0.51,Ideal,D,VS2,62.4,55.0,0.02999999999999936,1.9100000000000001,7.432920398246603
0.38,Ideal,E,VVS1,62.4,54.0,-0.020000000000000462,1.7600000000000002,6.96162965505178
0.55,Good,F,VS2,62.8,63.0,-0.0600000000000005,1.9500000000000002,7.322265551061177
0.72,Good,D,SI1,63.1,55.0,-0.05999999999999961,2.14,7.9107856926096805
1.2,Good,E,SI2,63.3,55.0,-0.03999999999999915,2.5,8.623995515392021
0.38,Premium,H,VS2,63.0,56.0,0.040000000000000036,1.6800000000000002,6.635125265134197
0.32,Very Good,D,SI1,63.0,58.0,-0.040000000000000036,1.6400000000000006,6.345088847881635
1.01,Very Good,D,SI1,61.6,59.0,-0.04999999999999982,2.4999999999999996,8.63244211772295
0.53,Ideal,F,VS1,60.7,55.0,0.07000000000000028,2.04,7.58428332732401
0.7,Very Good,F,VS2,61.7,63.0,-0.02999999999999936,2.1699999999999995,7.802398590909557
1.54,Premium,H,VS2,60.3,60.0,0.019999999999999574,2.95,9.293083138709795
0.3,Ideal,F,IF,62.4,56.0,-0.040000000000000036,1.63,6.590189610035042
1.02,Very Good,E,I1,60.6,63.0,0.05999999999999961,2.53,8.070728486378803
1.28,Good,J,SI1,63.4,59.0,-0.04999999999999982,2.54,8.550460404321429
0.7,Good,E,SI1,63.5,59.0,-0.040000000000000036,2.0300000000000002,7.7355773171733
0.54,Very Good,I,SI1,63.2,57.0,-0.040000000000000036,1.9300000000000002,6.936171816669287
0.71,Ideal,F,VS2,61.2,56.0,-0.03999999999999915,2.2499999999999996,8.023840028721201
1.14,Ideal,H,VS1,61.9,53.0,-0.019999999999999574,2.58,8.828575244739831
1.27,Fair,H,SI2,65.2,54.0,0.07000000000000028,2.3,8.542394354587032
0.33,Very Good,G,VVS2,61.9,58.0,-0.040000000000000036,1.6999999999999997,6.567871844038267
1.75,Ideal,J,VS2,62.1,56.0,0.04999999999999982,2.9000000000000004,9.272950062318047
1.1,Very Good,F,VS2,62.7,58.5,-0.08999999999999986,2.49,8.879372667003077
1.23,Ideal,H,IF,61.3,57.0,-0.04999999999999982,2.6899999999999995,9.128008079263857
1.57,Ideal,E,SI2,61.4,56.0,0.07999999999999918,2.8500000000000005,9.20812457933247
0.35,Premium,G,VVS2,62.8,58.0,0.040000000000000036,1.6400000000000006,6.774252324778097
1.64,Very Good,E,SI1,61.8,59.0,-0.040000000000000036,2.8999999999999995,9.450000489974654
0.7,Very Good,F,SI1,62.4,58.0,-0.0600000000000005,2.16,7.780771842650242
0.42,Ideal,E,VVS1,62.1,55.0,-0.02999999999999936,1.8299999999999996,7.1602382594509955
1.15,Ideal,I,VS2,61.7,59.0,-0.05000000000000071,2.5900000000000007,8.64863607755657
0.56,Ideal,D,VVS2,61.7,58.0,-0.040000000000000036,2.04,7.818661938197652
0.3,Ideal,H,VVS1,61.9,57.0,-0.03000000000000025,1.6600000000000001,6.411127149113585
0.53,Ideal,F,VVS2,62.3,56.0,-0.040000000000000036,1.9900000000000002,7.666811175838972
0.58,Ideal,I,VVS2,62.0,56.0,-0.040000000000000036,2.06,7.43454416339578
0.39,Ideal,D,VS1,61.8,54.0,-0.040000000000000036,1.8200000000000003,6.883852296990565
0.3,Ideal,F,VVS1,61.9,54.0,-0.020000000000000462,1.67,6.515382960198623
0.23,Ideal,F,VVS2,62.0,56.0,-0.06000000000000005,1.5299999999999998,6.241731326068539
0.5,Ideal,E,VS2,61.5,57.0,-0.02999999999999936,1.9899999999999998,7.240896237251779
0.3,Premium,G,VS1,62.9,60.0,0.03000000000000025,1.5699999999999998,6.473645217206046
0.7,Ideal,E,SI1,62.4,55.0,0.05000000000000071,2.0999999999999996,7.820284978720699
1.0,Very Good,G,VVS2,64.9,57.0,-0.07000000000000028,2.2300000000000004,8.80652590597397
1.12,Very Good,G,IF,60.9,57.0,-0.11000000000000032,2.6900000000000004,9.172422791531648
2.48,Premium,I,SI1,61.0,60.0,0.07000000000000028,3.34,9.691969614077122
1.06,Premium,D,SI2,62.5,56.0,0.14000000000000057,2.38,8.444915304311797
0.31,Ideal,G,VS1,61.5,56.0,0.040000000000000036,1.6799999999999997,6.613565784554864
0.31,Premium,D,SI2,62.7,59.0,0.04999999999999982,1.5899999999999999,6.393446381535221
0.54,Ideal,E,SI2,60.4,57.0,0.0600000000000005,2.0699999999999994,7.173657017126428
0.34,Premium,H,VS1,60.6,60.0,0.040000000000000036,1.7400000000000002,6.5776725422206495
0.61,Premium,I,VS1,60.0,61.0,0.03000000000000025,2.19,7.43270825117432
0.3,Ideal,F,VS2,62.1,57.0,-0.03000000000000025,1.6399999999999997,6.309324009162558
0.33,Very Good,G,VS1,61.6,57.0,-0.08999999999999986,1.7599999999999998,6.453799254089259
1.03,Premium,E,SI1,61.3,60.0,0.020000000000000462,2.51,8.612816540134354
1.52,Premium,H,VS2,61.1,61.0,0.040000000000000036,2.8500000000000005,9.29945549720073
1.13,Ideal,F,VVS2,62.1,54.0,-0.040000000000000036,2.55,9.261089335808043
0.61,Ideal,E,VS2,61.8,56.0,-0.040000000000000036,2.1,7.646883869596374
1.01,Premium,H,VS2,61.3,58.0,-0.03000000000000025,2.52,8.558656038960075
0.7,Fair,G,SI1,56.6,61.0,-0.08999999999999986,2.6100000000000003,7.752490587359353
0.41,Ideal,F,VS1,61.9,55.0,-0.040000000000000036,1.8399999999999999,6.859791763869344
1.52,Very Good,F,VS2,63.5,57.0,-0.05999999999999961,2.6799999999999997,9.501866183228168
0.51,Ideal,E,SI1,62.2,57.0,-0.040000000000000036,1.9500000000000002,7.118107471963543
2.0,Premium,F,SI2,61.5,59.0,0.07999999999999918,3.0300000000000002,9.559363599450993
0.43,Ideal,F,VVS2,61.9,56.0,0.04999999999999982,1.8200000000000003,7.110447552176974
0.26,Ideal,H,VS1,62.2,55.0,-0.05000000000000071,1.5700000000000003,6.1267830760312965
2.31,Very Good,I,SI1,62.5,55.0,-0.049999999999998934,3.1799999999999997,9.684691475987169
0.31,Premium,G,VVS2,61.8,58.0,-0.040000000000000036,1.6800000000000002,6.5411467535336865
0.7,Ideal,D,SI2,61.3,57.0,-0.02999999999999936,2.2399999999999998,7.807223704366166
0.31,Premium,G,VVS1,62.6,61.0,0.02999999999999936,1.5900000000000003,6.77984779645995
0.24,Very Good,E,VVS2,62.8,58.0,-0.03000000000000025,1.48,6.21319052938864
0.4,Ideal,H,IF,61.9,56.0,-0.03000000000000025,1.8199999999999998,6.958365662895831
1.73,Premium,F,SI2,62.4,60.0,0.04999999999999982,2.8199999999999994,9.281257562946925
0.64,Premium,F,SI1,60.1,60.0,0.04999999999999982,2.2100000000000004,7.621128767747862
0.32,Premium,G,VS2,61.1,58.0,0.03000000000000025,1.71,6.580700476512511
0.7,Very Good,D,SI2,63.7,58.0,-0.0600000000000005,2.06,7.685119684932639
0.35,Ideal,I,VVS2,62.3,57.0,-0.040000000000000036,1.7200000000000002,6.452904490182546
0.32,Premium,F,SI1,60.0,59.0,-0.03000000000000025,1.79,6.31406797112175
0.52,Ideal,D,VS2,61.4,56.0,-0.03000000000000025,2.0100000000000002,7.489162087421465
0.7,Good,E,SI1,57.5,62.0,-0.040000000000000036,2.4999999999999996,7.813976135751699
0.3,Ideal,F,VVS1,62.2,56.0,-0.040000000000000036,1.6399999999999997,6.515382960198623
2.0,Good,J,VS2,61.4,63.0,-0.07000000000000028,3.1399999999999997,9.49305765421168
1.56,Ideal,I,SI1,62.5,54.0,0.08000000000000007,2.74,9.145927372521712
0.3,Very Good,E,SI1,61.9,58.0,-0.0600000000000005,1.67,6.17343178144807
0.32,Premium,H,VS2,61.4,60.0,-0.020000000000000462,1.71,6.28630591529423
2.2,Premium,H,SI2,61.1,59.0,0.0600000000000005,3.2299999999999995,9.57370219377797
1.02,Very Good,E,SI2,63.6,59.0,-0.04999999999999982,2.3000000000000003,8.390199631238623
0.38,Ideal,E,VVS2,62.4,56.0,-0.0600000000000005,1.7800000000000002,6.858078008959191
1.71,Premium,H,SI1,58.1,59.0,0.07000000000000028,3.25,9.371372543196982
0.52,Premium,G,VVS1,61.9,61.0,0.019999999999999574,1.9400000000000004,7.617945423622815
0.55,Very Good,E,VS2,61.7,59.0,-0.0699999999999994,2.0399999999999996,7.450225473992701
0.52,Ideal,F,VS2,61.1,56.0,-0.040000000000000036,2.0500000000000003,7.433167713631072
1.23,Premium,F,SI2,59.9,58.0,0.05999999999999961,2.7699999999999996,8.653505993239081
0.73,Ideal,I,VS1,62.1,54.0,-0.03000000000000025,2.21,7.80468200341536
0.4,Premium,E,VVS2,60.8,59.0,-0.03999999999999915,1.8799999999999994,6.980674523845059
1.51,Good,I,VS2,62.9,57.0,-0.03999999999999915,2.71,9.138128740723765
0.32,Ideal,G,VVS1,60.3,58.0,-0.040000000000000036,1.7900000000000005,6.679769294980089
0.9,Premium,I,VS2,63.0,58.0,0.040000000000000036,2.25,8.103864257579392
0.63,Premium,E,VVS1,60.9,60.0,-0.03000000000000025,2.1799999999999997,8.0220751202829
1.73,Premium,J,SI1,61.0,59.0,0.07000000000000028,2.9699999999999998,9.168729439393125
0.78,Very Good,I,SI2,62.5,58.0,-0.0699999999999994,2.2299999999999995,7.652505620016322
1.5,Premium,E,SI1,61.4,59.0,0.16999999999999993,2.74,9.332809760044778
0.94,Very Good,H,SI2,61.9,57.0,-0.08000000000000007,2.42,8.12936725560373
1.37,Premium,J,VVS2,59.4,61.0,0.040000000000000036,2.9299999999999997,8.802624610636881
1.0,Very Good,G,SI2,58.2,63.0,0.040000000000000036,2.7,8.282576218491375
1.02,Premium,H,SI1,60.3,59.0,0.05999999999999961,2.5400000000000005,8.463784853505816
1.11,Very Good,H,VS1,63.2,57.0,0.08000000000000007,2.38,8.698175653478177
0.33,Very Good,G,VVS1,61.2,57.0,-0.03000000000000025,1.7599999999999998,6.674567106099322
0.32,Ideal,G,VS1,61.9,55.0,0.019999999999999574,1.6700000000000004,6.63745596716803
1.24,Ideal,H,VS2,60.1,59.0,-0.040000000000000036,2.8200000000000003,8.892366501357134
0.4,Ideal,D,VS2,61.7,57.0,-0.03000000000000025,1.83,6.83282167677827
0.32,Ideal,D,VVS2,61.7,55.0,-0.03000000000000025,1.6999999999999997,6.7290950932527585
0.54,Very Good,G,VS1,64.0,59.5,-0.04999999999999982,1.87,7.352567788746459
1.0,Good,E,SI1,63.8,55.0,0.03000000000000025,2.2799999999999994,8.492742142020116
0.7,Very Good,E,SI2,62.0,59.0,-0.0699999999999994,2.1799999999999997,7.68190338701562
0.4,Very Good,G,VS1,61.8,58.0,-0.02999999999999936,1.8099999999999996,6.728537652288255
1.0,Fair,G,SI2,64.6,67.0,0.05999999999999961,2.170000000000001,8.162090976577725
1.05,Very Good,G,SI2,61.6,60.0,-0.0699999999999994,2.54,8.397604725626975
0.9,Premium,E,SI2,61.3,60.0,-0.0600000000000005,2.4300000000000006,8.211682018200758
0.32,Premium,G,VS2,60.5,58.0,-0.009999999999999787,1.75,6.383585916376916
0.9,Very Good,G,SI1,62.9,56.0,-0.05999999999999961,2.31,8.243182837003776
1.4,Ideal,G,VS2,62.1,55.0,0.07000000000000028,2.6499999999999995,9.284818350384407
1.03,Premium,H,VS1,62.0,59.0,0.03000000000000025,2.4400000000000004,8.631268554010074
1.12,Very Good,H,SI2,61.7,59.0,-0.040000000000000036,2.58,8.432470381793124
0.35,Premium,D,SI1,60.1,61.0,0.03000000000000025,1.8099999999999996,6.625083303544317
1.1,Premium,D,SI1,60.4,59.0,-0.03000000000000025,2.66,8.721724648644194
1.01,Very Good,D,VS2,62.8,57.0,-0.07000000000000028,2.4000000000000004,8.839110738005907
0.5,Ideal,G,VVS2,62.1,55.0,0.040000000000000036,1.9,7.393787695775037
1.03,Ideal,G,SI2,61.8,55.0,-0.019999999999999574,2.5,8.421701674741659
1.13,Very Good,F,VVS2,59.6,59.0,-0.04999999999999982,2.79,9.221721121182235
0.92,Premium,F,SI1,62.1,60.0,0.009999999999999787,2.35,8.303826011360977
1.54,Ideal,G,VS2,60.2,59.0,-0.04999999999999982,3.01,9.501069333099425
0.35,Ideal,H,IF,60.8,56.0,-0.019999999999999574,1.8199999999999998,6.750092601208441
0.39,Very Good,G,SI1,62.5,55.0,-0.020000000000000462,1.77,6.520660637935617
0.27,Ideal,D,VVS1,62.2,56.0,-0.03000000000000025,1.5800000000000005,6.505846080541955
0.34,Ideal,E,VVS1,62.2,54.0,-0.03000000000000025,1.73,6.894378605857601
0.32,Ideal,G,VVS1,61.7,56.0,0.040000000000000036,1.6600000000000001,6.825753939143686
1.12,Ideal,F,SI1,61.6,56.0,-0.05999999999999961,2.5999999999999996,8.714240813870767
0.24,Ideal,F,VVS2,61.8,56.0,-0.04999999999999938,1.5499999999999994,6.3263775129694455
0.57,Ideal,H,VS1,61.0,57.0,0.03000000000000025,2.08,7.4483873069004485
0.28,Good,E,IF,64.6,58.0,-0.03000000000000025,1.4700000000000002,6.433284205653875
0.55,Ideal,E,VS2,62.0,55.0,-0.040000000000000036,2.0200000000000005,7.482984204132665
0.55,Ideal,D,VVS2,61.6,56.0,-0.05999999999999961,2.05,7.827554540822165
0.56,Premium,E,VS2,61.1,59.0,-0.07000000000000028,2.0999999999999996,7.5059730466049555
0.3,Very Good,G,VVS1,62.5,56.0,-0.040000000000000036,1.62,6.427892065208151
0.94,Premium,E,SI2,60.4,59.0,0.03000000000000025,2.5,8.200275235169354
1.07,Ideal,J,SI1,62.4,56.0,-0.040000000000000036,2.4799999999999995,8.373616521886657
0.7,Premium,G,SI1,63.0,56.0,0.02999999999999936,2.0800000000000005,7.6969258644669205
0.34,Premium,G,VS2,61.6,58.0,0.05999999999999961,1.6900000000000004,6.636600005089564
0.77,Ideal,D,VS1,62.3,56.0,-0.05999999999999961,2.2399999999999998,8.269425383717993
1.0,Good,D,SI2,64.0,59.0,0.04999999999999982,2.2300000000000004,8.324176755061952
0.39,Ideal,E,VS2,60.4,56.0,0.03000000000000025,1.85,6.921186855476789
1.21,Very Good,H,VS1,62.4,60.0,-0.05999999999999961,2.5700000000000003,8.883512002820368
0.59,Ideal,J,SI1,61.3,57.0,-0.03000000000000025,2.1000000000000005,7.013977081009221
1.52,Premium,H,SI2,62.6,60.0,0.040000000000000036,2.7199999999999998,9.01670168194396
1.0,Premium,F,VS2,58.6,61.0,0.03000000000000025,2.68,8.674340430355915
1.0,Very Good,H,SI1,62.3,60.0,-0.040000000000000036,2.42,8.41362729564413
0.71,Ideal,D,SI2,62.3,56.0,-0.040000000000000036,2.17,7.8248362302432914
0.75,Premium,E,VS2,59.9,61.0,0.05999999999999961,2.35,8.073079489435713
1.12,Very Good,I,VS2,63.9,52.0,-0.07000000000000028,2.42,8.558331118480163
0.33,Ideal,G,IF,62.2,56.0,-0.020000000000000462,1.6900000000000004,6.803615257965732
0.7,Very Good,G,VVS2,63.6,57.0,-0.040000000000000036,2.06,7.906502922436294
1.61,Premium,I,SI1,62.0,58.0,-0.04999999999999982,2.87,9.200307410839049
0.57,Very Good,G,VS1,61.0,55.0,-0.0699999999999994,2.15,7.531283002967759
0.46,Ideal,G,VVS1,61.5,55.0,-0.040000000000000036,1.94,7.177544026906629
0.51,Ideal,G,VS1,62.7,56.0,0.019999999999999574,1.8900000000000001,7.391734051824296
0.5,Ideal,D,VS2,61.8,56.0,-0.02999999999999936,1.9799999999999995,7.2616879742666045
0.3,Very Good,D,VVS2,63.5,58.0,0.07999999999999918,1.5200000000000005,6.570241096415489
0.55,Ideal,E,VVS2,61.9,56.0,-0.040000000000000036,2.0300000000000002,7.745888393244646
0.3,Ideal,G,VS2,61.3,56.0,0.019999999999999574,1.6500000000000004,6.461899647496836
1.02,Ideal,H,VS2,62.0,55.0,0.02999999999999936,2.4400000000000004,8.584433477982639
1.02,Ideal,E,SI2,62.1,55.0,0.10999999999999943,2.3900000000000006,8.419524547310905
0.7,Ideal,D,SI1,61.8,56.0,-0.10000000000000053,2.2200000000000006,7.951562969759425
0.74,Very Good,E,VVS1,63.5,58.0,0.0600000000000005,2.07,8.195666036084008
1.51,Good,G,VS2,64.2,54.0,0.08999999999999986,2.54,9.38110341569871
0.53,Ideal,F,SI2,60.9,55.0,-0.03000000000000025,2.08,7.122082278107676
0.34,Ideal,H,VVS2,60.9,55.0,-0.020000000000000462,1.79,6.55403233538883
0.7,Good,E,SI2,56.9,61.0,-0.05000000000000071,2.5600000000000005,7.684516013952477
0.72,Very Good,I,SI2,63.2,62.0,0.040000000000000036,2.08,7.506432890992527
1.01,Fair,F,SI2,66.7,64.0,0.08999999999999986,1.9900000000000002,8.136040698717311
0.7,Ideal,F,SI1,62.3,56.0,-0.040000000000000036,2.17,7.824273439777207
1.7,Very Good,F,I1,63.1,56.0,0.11000000000000032,2.7299999999999995,8.802412704604674
0.9,Ideal,F,SI1,62.5,56.0,-0.03000000000000025,2.3200000000000003,8.332894727202625
0.43,Ideal,F,VVS2,61.8,57.0,-0.019999999999999574,1.8599999999999994,7.048424324591174
0.7,Ideal,F,VS1,61.6,54.0,0.03000000000000025,2.19,7.986601391128272
0.43,Premium,F,SI1,61.7,58.0,0.019999999999999574,1.8400000000000003,6.815754085360513
0.29,Very Good,E,VVS1,60.9,61.0,-0.03999999999999915,1.6799999999999997,6.433933739403029
0.71,Ideal,G,SI1,61.4,57.0,-0.040000000000000036,2.25,7.883801781449317
0.28,Good,E,VS1,64.3,55.0,-0.020000000000000462,1.4900000000000002,6.198922841258296
0.9,Good,F,SI2,61.3,59.0,-0.03000000000000025,2.3900000000000006,8.152216781646834
0.71,Very Good,G,VS2,61.5,57.0,-0.040000000000000036,2.2200000000000006,7.926248112420734
1.02,Very Good,E,I1,60.4,62.0,-0.04999999999999982,2.5999999999999996,8.165128347658904
1.19,Very Good,G,SI1,62.8,57.0,-0.05999999999999961,2.539999999999999,8.75202397984208
2.01,Premium,J,VS2,60.4,59.0,0.05000000000000071,3.1899999999999995,9.483397831532836
0.31,Ideal,G,IF,62.8,56.0,-0.04999999999999982,1.6499999999999995,6.7414354065122755
1.23,Ideal,I,SI2,62.3,55.0,0.02999999999999936,2.5600000000000005,8.526971138038357
0.31,Premium,G,VS1,59.5,59.0,0.0699999999999994,1.7600000000000002,6.583230567786007
0.7,Ideal,F,VS2,61.8,54.0,-0.03000000000000025,2.19,7.898478073212163
2.0,Good,I,VS2,63.3,56.0,-0.049999999999998934,2.959999999999999,9.62787245924542
1.6,Premium,E,SI2,59.4,59.0,0.0600000000000005,3.05,9.177119173098543
0.34,Premium,H,SI1,60.2,58.0,0.03999999999999915,1.7700000000000005,6.4160651252943
0.31,Premium,D,SI2,61.8,60.0,0.040000000000000036,1.6400000000000001,6.393446381535221
1.22,Ideal,I,VS1,62.3,57.0,-0.040000000000000036,2.5999999999999996,8.832486775770843
1.53,Very Good,I,SI1,63.1,56.0,0.0600000000000005,2.66,9.070996232114629
0.5,Ideal,E,VVS2,62.2,57.0,0.03000000000000025,1.9,7.512154244533981
0.23,Very Good,E,VVS2,59.4,59.0,-0.04999999999999982,1.67,6.0311995328127015
0.81,Very Good,D,VVS2,63.9,56.0,-0.1200000000000001,2.17,8.423728249087992
0.71,Very Good,D,SI1,61.7,59.0,-0.040000000000000036,2.2100000000000004,7.97494048263429
1.62,Premium,J,SI1,62.0,60.0,0.07999999999999918,2.8000000000000007,9.048310832115849
0.7,Good,G,VS2,63.1,55.0,-0.02999999999999936,2.09,7.726322803742484
0.36,Premium,G,IF,62.5,60.0,0.040000000000000036,1.6700000000000004,6.972921036852342
1.77,Very Good,I,VS2,60.2,58.0,0.04999999999999982,3.0999999999999996,9.413564368784511
0.41,Ideal,F,VS2,61.8,57.0,0.04999999999999982,1.7900000000000005,6.897315447552548
1.1,Very Good,H,SI1,63.0,58.0,-0.05999999999999961,2.46,8.53489216384942
1.24,Ideal,F,VS1,62.2,55.0,0.019999999999999574,2.59,9.220912739919742
0.71,Very Good,F,SI1,63.7,56.0,-0.040000000000000036,2.07,7.831658263546104
0.3,Ideal,E,SI1,61.6,54.0,-0.02999999999999936,1.6799999999999997,6.233968692382244
0.58,Premium,H,SI1,58.4,59.0,0.02999999999999936,2.2700000000000005,7.239658235048576
0.85,Ideal,E,SI1,60.7,57.0,-0.02999999999999936,2.4199999999999995,8.160137283449028
0.9,Ideal,F,SI2,62.4,55.0,-0.03000000000000025,2.3400000000000003,8.196240095333385
1.2,Fair,I,I1,65.1,55.0,0.0600000000000005,2.2800000000000002,7.973299417529205
1.11,Very Good,E,SI1,62.4,57.0,-0.019999999999999574,2.4899999999999993,8.683153458298902
1.3,Ideal,F,VVS2,62.1,55.0,0.08000000000000007,2.6100000000000003,9.44507143705886
0.32,Ideal,G,SI1,61.3,57.0,-0.03000000000000025,1.7100000000000004,6.260729967583751
0.8,Very Good,E,SI1,62.9,60.0,-0.019999999999999574,2.1899999999999995,8.036190343246648
0.58,Fair,F,SI2,64.7,56.0,0.0699999999999994,1.83,7.023987338249817
1.24,Ideal,H,VS2,61.8,55.0,-0.040000000000000036,2.67,8.879794318104288
0.43,Good,G,SI2,58.8,61.0,-0.020000000000000462,2.0400000000000005,6.548345604529214
0.29,Premium,E,SI1,58.4,60.0,0.019999999999999574,1.7900000000000005,6.307935901049205
0.4,Good,D,SI2,63.4,56.0,-0.0600000000000005,1.7500000000000004,6.475786741552756
0.5,Ideal,F,IF,60.6,58.0,-0.03000000000000025,2.04,7.625498925206288
0.4,Ideal,D,VS2,60.5,57.0,0.040000000000000036,1.8699999999999997,6.975054060934371
0.42,Ideal,H,VS2,62.5,57.0,0.04999999999999982,1.7699999999999996,6.767360161417868
0.7,Very Good,H,SI1,62.4,59.0,-0.1200000000000001,2.2,7.722811557365187
0.52,Premium,G,VS1,62.6,59.0,-0.03000000000000025,1.9200000000000004,7.369887397850217
1.21,Ideal,F,VVS1,61.1,57.0,-0.040000000000000036,2.7,9.434525915084638
0.3,Good,E,SI1,63.4,56.0,-0.019999999999999574,1.56,6.15564393041967
0.42,Premium,F,SI1,61.8,58.0,-0.03000000000000025,1.8599999999999999,6.676095387955287
0.32,Ideal,D,VS2,62.1,56.0,0.040000000000000036,1.6499999999999995,6.754826698878984
1.1,Very Good,D,SI1,60.7,55.0,-0.03000000000000025,2.66,8.752334551292286
0.55,Ideal,G,VS1,61.6,55.0,-0.03000000000000025,2.0500000000000003,7.492827683591581
0.47,Fair,I,VS2,57.1,61.0,-0.040000000000000036,2.22,6.828147014612686
0.3,Ideal,H,IF,62.1,55.0,0.03000000000000025,1.6099999999999994,6.623527051305079
1.01,Good,H,SI1,63.1,59.0,-0.040000000000000036,2.3600000000000003,8.419557872028745
0.7,Very Good,D,SI2,61.4,58.0,-0.040000000000000036,2.2300000000000004,7.771788957596893
0.31,Ideal,D,SI1,62.3,55.0,-0.040000000000000036,1.6600000000000001,6.377415919042219
1.0,Good,G,VS1,63.7,60.0,0.07000000000000028,2.2699999999999996,8.70545487517841
0.5,Ideal,G,VS2,62.0,56.0,-0.03000000000000025,1.9500000000000002,7.087251285801196
1.2,Premium,G,SI2,62.6,61.0,0.05000000000000071,2.4799999999999995,8.5484177129972
0.7,Very Good,G,VS1,62.5,58.0,-0.0600000000000005,2.1500000000000004,7.830275051343242
0.53,Ideal,H,IF,62.0,54.0,-0.04999999999999982,2.0199999999999996,7.590004596125081
1.01,Premium,E,VS1,60.8,59.0,0.040000000000000036,2.5,8.929488395654475
1.22,Premium,I,VS1,61.1,58.0,-0.07000000000000028,2.71,8.800353345817253
1.7,Ideal,E,SI2,61.6,57.0,0.05999999999999961,2.8900000000000006,9.32623410562793
0.41,Very Good,H,VVS1,62.0,56.0,-0.040000000000000036,1.8399999999999994,6.875346679486728
0.25,Very Good,F,VVS1,60.8,57.0,-0.019999999999999574,1.6199999999999997,6.302502378178965
0.91,Premium,E,SI2,60.0,60.0,0.04999999999999982,2.4800000000000004,8.194111425631576
0.42,Ideal,E,VS1,60.6,57.0,-0.020000000000000462,1.9200000000000004,6.928368191190218
0.5,Ideal,H,IF,61.0,56.0,-0.019999999999999574,2.02,7.412551737026899
1.16,Good,F,SI2,60.8,65.0,0.03000000000000025,2.6399999999999997,8.466759750369224
0.32,Premium,F,VS2,61.2,59.0,0.019999999999999574,1.7000000000000002,6.652216166932584
0.31,Ideal,D,VS1,62.0,57.0,0.019999999999999574,1.6400000000000001,6.752768800328074
0.4,Premium,D,SI1,60.3,62.0,0.04999999999999982,1.85,6.808259714093332
0.59,Fair,G,I1,64.6,56.0,0.05999999999999961,1.8200000000000003,6.685421969086727
1.51,Premium,H,VS2,62.8,60.0,0.03000000000000025,2.6900000000000004,9.252441358976114
1.26,Premium,I,VS2,62.4,58.0,-0.0600000000000005,2.630000000000001,8.750234167356579
0.93,Good,D,SI2,63.4,59.0,-0.02999999999999936,2.2699999999999996,8.18981089837359
0.3,Premium,D,SI1,62.2,58.0,-0.02999999999999936,1.6399999999999997,6.249097580056107
1.59,Very Good,H,SI1,62.2,58.0,-0.03000000000000025,2.8400000000000007,9.281180230327369
0.33,Good,D,VS2,61.8,61.0,-0.040000000000000036,1.7100000000000004,6.498113050848651
1.3,Good,J,VS2,63.6,59.0,-0.03000000000000025,2.5200000000000005,8.639704116122571
0.32,Ideal,G,IF,61.9,56.0,-0.07000000000000028,1.7199999999999998,6.769268037961314
0.35,Ideal,D,SI1,61.3,57.0,0.03000000000000025,1.75,6.65181485750368
0.35,Ideal,D,VS1,60.8,57.0,-0.040000000000000036,1.8200000000000003,6.698115071554751
0.51,Very Good,G,VS1,62.9,58.0,-0.04999999999999982,1.9099999999999997,7.29792127908382
0.25,Premium,H,VVS1,59.8,59.0,-0.019999999999999574,1.65,6.287876147969605
0.6,Very Good,G,VVS2,62.2,56.0,-0.03000000000000025,2.06,7.702211917129072
1.5,Very Good,D,SI1,60.7,62.0,-0.03000000000000025,2.8899999999999997,9.373728564000618
2.05,Very Good,I,SI2,59.8,56.0,-0.08999999999999986,3.41,9.621035598273256
1.02,Ideal,G,SI2,62.3,56.0,0.040000000000000036,2.3799999999999994,8.360632843150285
1.01,Ideal,H,VS1,59.8,59.0,-0.040000000000000036,2.6499999999999995,8.659303747092114
1.71,Very Good,D,SI2,63.5,56.0,0.07000000000000028,2.7199999999999998,9.288075579206275
0.5,Good,G,VVS2,63.4,57.0,-0.040000000000000036,1.8799999999999994,7.286393994598964
1.7,Premium,I,SI1,59.7,60.0,0.04999999999999982,3.0999999999999996,9.271629477939555
1.13,Premium,H,VS2,62.0,57.0,0.05999999999999961,2.5,8.697138047604192
0.78,Ideal,G,VS2,61.1,56.0,-0.07000000000000028,2.34,8.035603033303365
0.92,Good,D,SI1,63.1,58.0,-0.04999999999999982,2.29,8.33551291432486
0.5,Good,D,SI1,61.1,64.0,-0.020000000000000462,1.9800000000000004,7.012270277314528
1.02,Premium,G,SI1,58.9,59.0,0.040000000000000036,2.6799999999999997,8.536685981450514
1.22,Ideal,G,VS2,62.0,55.0,-0.040000000000000036,2.62,9.05790758724687
1.53,Premium,G,SI1,61.7,59.0,-0.09000000000000075,2.8600000000000003,9.323184213442692
0.3,Premium,G,VVS2,61.2,59.0,-0.040000000000000036,1.6999999999999997,6.389708957849371
1.05,Very Good,I,VS2,63.2,56.0,-0.040000000000000036,2.41,8.538946228125376
0.32,Very Good,J,SI1,62.3,57.0,-0.11000000000000032,1.7100000000000004,5.953100747926395
0.91,Good,G,SI2,62.5,60.0,-0.03000000000000025,2.29,8.095289511358152
0.27,Ideal,I,VS1,61.9,54.0,-0.02999999999999936,1.5999999999999996,6.056500407626165
0.75,Very Good,F,SI1,62.1,57.0,-0.05999999999999961,2.25,7.948101356050204
0.31,Very Good,G,SI1,63.1,59.0,0.040000000000000036,1.5699999999999998,6.353450655637537
0.24,Premium,E,VVS1,60.3,61.0,0.02999999999999936,1.5900000000000003,6.475191861362697
0.79,Very Good,D,SI2,62.8,57.0,-0.05000000000000071,2.2100000000000004,7.9542463065166675
0.52,Premium,E,VS2,61.6,59.0,0.020000000000000462,1.9699999999999998,7.473199419719291
1.56,Premium,I,VVS2,60.5,58.0,0.08000000000000007,2.92,9.221928805479775
1.01,Very Good,D,SI2,62.0,59.0,-0.040000000000000036,2.4400000000000004,8.43832756628346
0.32,Ideal,G,SI1,61.3,56.0,0.03000000000000025,1.6899999999999995,6.462016528361677
2.02,Very Good,H,SI2,59.9,55.0,-0.10999999999999943,3.3499999999999996,9.625427378624574
0.32,Very Good,D,VVS2,61.9,54.0,-0.03000000000000025,1.71,6.6775286189627785
0.3,Premium,F,SI2,61.7,62.0,0.019999999999999574,1.62,6.2120153374102225
0.51,Ideal,D,VS2,61.5,55.0,-0.04999999999999982,2.01,7.415331597774377
1.1,Premium,J,SI2,60.0,58.0,0.10999999999999943,2.63,8.225433526087414
0.43,Very Good,E,SI2,63.4,57.0,0.05000000000000071,1.7299999999999995,6.647358910775357
1.02,Premium,E,SI2,60.5,58.0,0.040000000000000036,2.57,8.399610756887618
0.7,Premium,G,VS1,63.0,60.0,0.0699999999999994,2.0400000000000005,7.807926002514472
0.33,Premium,I,VS2,62.0,60.0,-0.04999999999999982,1.71,6.19638860553995
0.37,Ideal,E,SI1,61.0,56.0,-0.019999999999999574,1.8299999999999996,6.499842442111066
0.48,Good,J,SI1,64.4,58.0,-0.04999999999999982,1.77,6.5655366225751655
0.33,Ideal,D,VS2,61.5,56.0,-0.03000000000000025,1.7400000000000002,6.577217159565725
0.35,Ideal,D,SI1,60.7,57.0,0.040000000000000036,1.7700000000000005,6.6501186069452265
0.9,Good,I,IF,63.7,64.0,-0.05000000000000071,2.22,8.288441767267527
0.3,Very Good,E,VS2,62.4,57.0,-0.04999999999999982,1.63,6.2987228621665
1.0,Good,F,SI1,57.9,62.0,-0.03000000000000025,2.7800000000000002,8.483757227880785
1.09,Premium,G,VS2,61.0,59.0,-0.05000000000000071,2.6100000000000003,8.832097525877748
0.51,Premium,D,VS2,62.7,59.0,-0.040000000000000036,1.9099999999999997,7.348555315548837
1.31,Premium,G,SI1,62.2,56.0,0.04999999999999982,2.62,8.926671616897714
0.57,Very Good,D,SI2,62.9,57.0,-0.040000000000000036,1.98,7.192897813292861
1.01,Very Good,H,SI1,61.9,59.0,-0.02999999999999936,2.4599999999999995,8.464034794174705
0.52,Very Good,F,SI1,63.7,58.0,-0.019999999999999574,1.87,7.101598333707374
0.71,Very Good,G,VS1,59.3,55.0,-0.07000000000000028,2.4400000000000004,8.01961722446639
1.01,Good,F,SI2,56.9,60.0,0.040000000000000036,2.8499999999999996,8.301405258174627
2.0,Ideal,I,SI1,61.4,57.0,-0.05999999999999872,3.1499999999999995,9.631894474899793
0.33,Very Good,G,VVS2,60.0,63.0,0.040000000000000036,1.77,6.68055480006098
0.7,Good,E,VS2,57.5,58.0,-0.05000000000000071,2.5200000000000005,7.885571868611885
0.41,Premium,G,SI1,62.5,57.0,0.02999999999999936,1.7500000000000004,6.735377688528485
1.28,Ideal,G,VS1,62.1,56.0,0.02999999999999936,2.62,9.187673773548944
0.62,Premium,H,VVS1,61.9,58.0,0.03000000000000025,2.07,7.711008031360313
0.5,Very Good,F,VS1,62.9,58.0,-0.040000000000000036,1.9,7.211417094466817
0.74,Ideal,J,VS1,61.2,56.0,-0.04999999999999982,2.29,7.747830923953931
1.02,Ideal,E,VVS1,62.2,58.0,-0.020000000000000462,2.4400000000000004,9.232510767456837
0.51,Good,D,SI2,57.7,60.0,0.04999999999999982,2.21,7.128227800695118
1.51,Good,I,VS2,62.2,59.0,-0.10999999999999943,2.79,9.185012972972977
0.38,Good,F,VS2,56.2,61.0,-0.03000000000000025,2.14,6.64167595715529
0.23,Very Good,D,VVS2,61.9,58.0,-0.029999999999999805,1.5099999999999998,6.100107469775434
1.56,Premium,G,VS1,60.9,58.0,0.040000000000000036,2.92,9.531889547998816
0.54,Very Good,E,SI1,63.2,57.0,-0.04999999999999982,1.9300000000000002,7.179352102216324
0.31,Premium,G,VS2,61.5,59.0,0.040000000000000036,1.6500000000000004,6.560383413042249
0.38,Very Good,H,VS2,63.0,56.0,-0.040000000000000036,1.7200000000000002,6.439152913317789
1.0,Very Good,F,VS2,58.7,62.0,-0.08999999999999986,2.7499999999999996,8.698367183863764
0.4,Ideal,F,VVS2,62.4,56.0,0.020000000000000462,1.7699999999999996,7.0627707804043345
2.03,Ideal,F,SI2,61.6,55.0,0.049999999999998934,3.1100000000000003,9.606115925157182
0.62,Good,G,VS1,62.5,60.8,-0.09999999999999964,2.0799999999999996,7.576210028802873
0.3,Premium,G,VS1,61.3,58.0,-0.040000000000000036,1.69,6.301292199323669
0.71,Premium,F,VS1,60.1,62.0,0.02999999999999936,2.2800000000000002,8.066755774802402
0.3,Premium,E,SI1,62.5,60.0,-0.02999999999999936,1.6099999999999994,6.224035234112556
0.36,Premium,F,VS2,62.0,59.0,-0.04999999999999982,1.7499999999999996,6.588882109956357
0.53,Ideal,E,VVS1,62.1,55.0,-0.05000000000000071,2.0000000000000004,7.790950023668587
2.07,Very Good,H,SI2,63.3,56.0,0.019999999999999574,2.96,9.57535676593935
1.24,Ideal,I,SI1,61.3,56.0,-0.02999999999999936,2.6899999999999995,8.680706130674828
0.62,Very Good,F,VS2,59.5,63.0,0.04999999999999982,2.2100000000000004,7.583014682745551
0.37,Premium,D,VS1,61.9,58.0,0.0600000000000005,1.7199999999999998,6.891072127122639
1.2,Very Good,H,SI1,62.4,57.0,-0.040000000000000036,2.5699999999999994,8.692605347903221
1.03,Ideal,G,VS1,61.2,57.0,-0.040000000000000036,2.55,8.856687772725518
0.38,Ideal,D,VVS1,61.3,56.0,-0.05999999999999961,1.8399999999999999,7.050695744579847
0.5,Ideal,F,VVS2,60.5,56.0,0.0600000000000005,1.9899999999999998,7.520652862626202
0.71,Very Good,J,SI2,60.9,55.0,-0.11000000000000032,2.33,7.575805921190328
1.05,Ideal,G,VS1,62.5,56.0,-0.05999999999999961,2.4699999999999998,8.895613617346605
0.7,Premium,G,VVS2,61.8,58.0,0.040000000000000036,2.1399999999999997,7.91966559894167
1.01,Premium,I,SI1,62.3,58.0,0.040000000000000036,2.4000000000000004,8.322552071156816
0.32,Good,F,VVS1,63.8,54.0,0.07000000000000028,1.5399999999999996,6.764473778316393
0.58,Very Good,E,VS1,61.8,55.0,-0.040000000000000036,2.07,7.630453877850268
0.7,Ideal,D,SI1,61.4,54.0,0.040000000000000036,2.19,7.899940023365479
0.44,Ideal,E,VVS1,61.4,55.0,-0.03000000000000025,1.9200000000000004,7.218118885289234
0.5,Very Good,F,SI1,62.7,59.0,-0.03000000000000025,1.9000000000000004,6.924835476095536
0.52,Ideal,E,VS1,62.0,53.0,-0.040000000000000036,1.9900000000000002,7.549094700256313
1.21,Premium,J,VS2,62.4,58.0,0.040000000000000036,2.54,8.577798111465576
0.32,Ideal,D,VS2,62.5,56.0,-0.07000000000000028,1.6900000000000004,6.553672113423474
1.02,Premium,G,VS1,61.0,58.0,0.05999999999999961,2.5100000000000002,8.825366237382497
0.24,Ideal,E,VVS1,60.2,57.0,-0.05000000000000071,1.6300000000000003,6.358609636080948
0.35,Very Good,G,VVS1,59.3,61.0,-0.040000000000000036,1.8900000000000001,6.707959214105151
0.75,Very Good,H,SI2,61.9,56.0,-0.08000000000000007,2.2600000000000002,7.708453092878787
0.71,Ideal,F,SI1,62.9,57.0,0.05999999999999961,2.0800000000000005,7.850773911905303
0.33,Premium,I,VS1,61.1,59.0,0.02999999999999936,1.7200000000000002,6.410727033626028
0.52,Ideal,G,SI1,61.4,56.0,-0.03000000000000025,2.02,7.153502105146501
0.7,Premium,F,VS1,60.7,60.0,0.03000000000000025,2.25,7.981619290819321
0.5,Ideal,G,VVS2,61.8,54.0,-0.040000000000000036,1.9800000000000004,7.358190150261211
0.73,Fair,F,I1,66.9,54.0,0.08000000000000007,1.7999999999999998,7.138014253961448
2.09,Premium,H,SI2,62.1,58.0,-0.05000000000000071,3.130000000000001,9.598089541112923
0.41,Ideal,G,IF,62.1,57.0,-0.009999999999999787,1.8099999999999996,7.089479209259116
0.71,Good,G,IF,57.8,62.0,-0.1299999999999999,2.5500000000000003,8.153311034814697
0.6,Very Good,G,SI1,61.1,57.0,-0.10999999999999943,2.1599999999999997,7.353379768339429
0.38,Premium,I,VS1,59.9,60.0,0.05999999999999961,1.85,6.531355305288932
1.5,Good,H,VS2,64.0,58.0,-0.03000000000000025,2.59,9.231216720274396
0.71,Ideal,F,VS1,61.5,56.0,-0.040000000000000036,2.23,8.09998737359449
1.68,Premium,F,SI1,60.7,62.0,0.05999999999999961,2.99,9.485898836807415
1.01,Very Good,D,SI2,62.0,57.0,-0.04999999999999982,2.4699999999999998,8.473617661310065
1.01,Good,G,SI1,63.7,60.0,0.040000000000000036,2.2700000000000005,8.445762990969216
0.4,Premium,E,VS2,61.9,59.0,0.03000000000000025,1.7899999999999996,6.934044096315864
0.3,Very Good,G,VS1,61.4,58.0,-0.02999999999999936,1.6899999999999995,6.269779887210666
0.7,Very Good,F,SI1,60.3,57.0,-0.03999999999999915,2.2999999999999994,7.85157515059728
1.24,Ideal,G,VVS2,61.4,58.0,-0.040000000000000036,2.6799999999999997,9.2439066112022
1.35,Ideal,H,VS2,60.8,56.0,-0.040000000000000036,2.8200000000000003,9.02771207297181
2.01,Premium,H,VS2,62.8,58.0,0.08999999999999986,2.91,9.656668284047806
1.01,Premium,E,SI2,60.4,60.0,0.03000000000000025,2.55,8.396423141735728
1.02,Ideal,E,VVS2,61.5,57.0,0.04999999999999982,2.49,9.179482272808183
1.5,Premium,H,SI2,62.1,58.0,0.09999999999999964,2.7,9.011916601281783
1.0,Ideal,D,VVS1,60.7,56.0,-0.07000000000000028,2.59,9.338369166722398
2.01,Premium,J,VVS1,62.2,58.0,0.20999999999999996,2.8899999999999997,9.52692038319713
0.51,Very Good,E,VS1,61.1,59.0,-0.0600000000000005,2.04,7.454781694920686
0.42,Ideal,E,VVS1,62.0,56.0,-0.05999999999999961,1.8599999999999999,7.1602382594509955
0.4,Ideal,G,VVS2,61.9,55.0,-0.03000000000000025,1.8199999999999998,6.885357379430203
1.51,Very Good,J,VS2,61.0,58.0,-0.0600000000000005,2.91,9.064321311156696
0.5,Ideal,G,VVS2,60.5,55.0,-0.020000000000000462,2.0400000000000005,7.39584669730264
0.7,Premium,G,I1,59.7,59.0,0.1899999999999995,2.18,7.201405897602274
0.71,Good,H,SI1,63.4,54.0,-0.07000000000000028,2.1,7.71314672895901
0.84,Fair,G,VS1,55.6,64.0,0.09999999999999964,2.7800000000000002,8.17095503279306
0.7,Premium,E,VS1,62.7,57.0,0.040000000000000036,2.09,7.934571022963979
0.3,Very Good,E,VVS2,60.8,60.0,-0.040000000000000036,1.6999999999999997,6.424537096835041
1.53,Premium,G,VS1,61.0,60.0,-0.02999999999999936,2.91,9.538566321109764
1.13,Ideal,G,SI1,61.8,55.0,-0.040000000000000036,2.59,8.714459068217288
0.31,Premium,G,VVS2,60.5,58.0,0.040000000000000036,1.7199999999999998,6.6882624291251815
1.51,Good,G,VS2,63.7,57.0,0.03000000000000025,2.5999999999999996,9.401737949807908
2.17,Premium,G,SI2,62.2,62.0,0.08000000000000007,3.09,9.567985531003398
0.9,Very Good,F,VS2,63.4,58.0,-0.040000000000000036,2.2500000000000004,8.423049279543783
0.7,Very Good,H,SI1,62.6,57.0,-0.0600000000000005,2.1500000000000004,7.689780912602274
0.71,Very Good,H,VS2,62.6,59.0,-0.019999999999999574,2.13,7.801581646931707
1.0,Very Good,F,VS2,61.1,60.0,-0.05999999999999961,2.53,8.728109615869036
0.77,Ideal,E,SI1,61.6,57.0,-0.040000000000000036,2.2800000000000002,8.049189762144588
0.4,Very Good,F,SI1,62.9,57.0,-0.020000000000000462,1.75,6.577373817214068
1.41,Premium,H,VS2,62.0,58.0,0.07000000000000028,2.6799999999999997,9.077452548408564
0.26,Very Good,F,SI1,61.4,56.0,-0.03000000000000025,1.62,6.055171107497387
0.23,Ideal,E,VVS2,62.5,57.0,-0.07000000000000028,1.52,6.152600513157412
1.13,Ideal,G,VS2,62.7,56.0,-0.040000000000000036,2.49,8.91008185672006
0.6,Very Good,D,VS2,63.1,54.0,0.08000000000000007,1.94,7.5734622044483695
0.37,Premium,E,SI1,61.8,58.0,0.04999999999999982,1.7399999999999998,6.65658670718239
0.38,Ideal,H,VVS2,61.6,56.0,-0.04999999999999982,1.8299999999999996,6.647911785010267
0.31,Ideal,E,VS2,61.1,56.0,-0.03000000000000025,1.7200000000000002,6.492952746049459
1.44,Premium,I,I1,62.7,55.0,0.03000000000000025,2.67,8.351900225256953
0.83,Good,G,SI2,63.7,56.0,-0.03000000000000025,2.1700000000000004,7.818577965030078
1.06,Very Good,E,VVS2,61.8,58.0,-0.040000000000000036,2.5199999999999996,9.205384962470378
0.52,Very Good,H,SI1,63.1,57.0,0.04999999999999982,1.8599999999999999,7.054416113469222
1.51,Ideal,H,SI1,62.7,56.0,-0.05999999999999961,2.7699999999999996,9.244478040339938
0.33,Very Good,G,VS1,60.8,57.0,-0.009999999999999787,1.7699999999999996,6.453423570282532
0.32,Good,H,SI1,63.4,55.0,-0.019999999999999574,1.6099999999999999,6.121716615334817
0.88,Ideal,H,SI1,61.6,56.0,-0.040000000000000036,2.38,8.08549047804306
0.47,Premium,G,SI1,59.5,60.0,0.03000000000000025,2.0399999999999996,6.939573380162421
0.36,Premium,G,SI2,62.4,58.0,-0.020000000000000462,1.73,6.239428931103679
0.71,Very Good,I,VVS1,63.5,57.0,-0.02999999999999936,2.0799999999999996,7.822173667670881
1.02,Premium,G,VS2,62.9,58.0,0.040000000000000036,2.3500000000000005,8.71023559026705
1.61,Very Good,I,SI2,60.9,63.0,-0.040000000000000036,2.96,9.085194955552392
0.51,Ideal,G,VS1,61.8,60.0,-0.040000000000000036,1.9700000000000002,7.3341100829636545
1.31,Very Good,G,VVS2,62.2,59.0,-0.07000000000000028,2.66,9.273819281244906
1.18,Very Good,H,SI1,62.6,55.0,-0.03000000000000025,2.55,8.646776920256135
0.54,Ideal,D,VS2,61.1,57.0,-0.09999999999999964,2.09,7.538588898360268
1.0,Good,E,SI2,63.7,61.0,0.05000000000000071,2.26,8.302843677469763
0.71,Very Good,G,VS1,62.0,53.0,-0.040000000000000036,2.1999999999999997,7.9904002606410405
0.41,Very Good,F,VVS1,62.3,54.0,-0.040000000000000036,1.8199999999999998,7.0083711518323355
0.71,Premium,F,SI2,62.3,60.0,-0.03000000000000025,2.16,7.720738714524133
0.34,Premium,E,SI2,59.9,59.0,0.020000000000000462,1.8199999999999998,6.408942574938162
1.7,Very Good,I,VS1,61.9,57.0,0.03000000000000025,2.8999999999999995,9.400995567481045
0.52,Premium,G,SI2,58.4,62.0,0.04999999999999982,2.18,7.052623985109015
0.51,Ideal,E,VS2,61.6,56.3,-0.010000000000000675,1.9900000000000002,7.367123381296221
1.55,Good,H,VS2,61.0,61.0,-0.04999999999999982,2.9299999999999997,9.299900367233679
0.9,Good,F,VS2,63.3,57.0,-0.040000000000000036,2.2700000000000005,8.4158729909822
1.16,Ideal,G,IF,62.3,55.0,-0.05999999999999961,2.58,9.233871340635993
0.41,Ideal,D,SI2,61.0,56.0,-0.04999999999999982,1.9,6.592515235424675
1.06,Premium,G,VS2,60.1,58.0,0.03000000000000025,2.6399999999999997,8.799637169066788
0.74,Ideal,G,VS1,61.8,55.0,0.04999999999999982,2.1999999999999997,8.030986765541265
0.29,Very Good,F,VVS1,62.1,55.0,-0.020000000000000462,1.6300000000000003,6.433306424182706
0.43,Premium,H,SI2,62.8,58.0,0.019999999999999574,1.79,6.548282749578328
1.03,Ideal,H,SI2,61.1,57.0,-0.03999999999999915,2.5499999999999994,8.384168801032738
0.71,Ideal,G,VVS2,62.5,57.0,-0.03000000000000025,2.1600000000000006,8.00676072382695
1.01,Fair,H,SI2,65.4,59.0,0.040000000000000036,2.1499999999999995,8.188787781513794
0.35,Ideal,D,VS2,61.6,56.0,-0.02999999999999936,1.7599999999999998,6.6310759960705425
0.9,Ideal,E,SI1,60.1,56.0,-0.04999999999999982,2.55,8.403948761063484
0.5,Ideal,D,VVS2,60.4,54.0,-0.0600000000000005,2.0900000000000003,7.632623522778547
0.48,Premium,E,VS2,62.5,61.0,0.040000000000000036,1.8499999999999996,7.2237911006882385
0.39,Ideal,H,SI1,61.5,56.0,-0.019999999999999574,1.8199999999999998,6.474114778623446
0.72,Ideal,E,VS2,61.7,55.0,0.03000000000000025,2.1999999999999997,8.06685930357467
0.71,Very Good,G,SI1,63.3,56.0,-0.03000000000000025,2.1000000000000005,7.772660449909562
0.31,Ideal,D,SI1,61.9,57.0,0.03000000000000025,1.6400000000000001,6.575598265456366
0.3,Premium,F,VS1,61.5,59.0,0.020000000000000462,1.6499999999999995,6.522206109247928
0.77,Premium,G,VS1,61.4,58.0,0.05000000000000071,2.26,8.095428637379516
1.11,Premium,D,VVS1,62.0,54.0,0.040000000000000036,2.4699999999999998,9.416623355034538
1.01,Very Good,G,VS1,61.9,58.0,-0.08000000000000007,2.5,8.807041607973476
0.5,Ideal,H,VS1,61.9,53.0,-0.04999999999999982,1.98,7.08039582428467
0.57,Ideal,E,VVS2,62.1,54.6,-0.040000000000000036,2.0399999999999996,7.780867636916444
1.02,Ideal,F,SI2,61.8,57.0,0.0600000000000005,2.4399999999999995,8.381700067116315
0.43,Premium,G,VVS2,62.2,55.0,0.03000000000000025,1.8099999999999996,7.038197169140541
2.08,Ideal,H,SI1,61.3,56.0,-0.02999999999999936,3.21,9.69093478261623
0.4,Ideal,E,SI1,61.2,57.0,-0.040000000000000036,1.85,6.662497636014694
1.12,Premium,D,SI2,61.2,60.0,0.040000000000000036,2.5599999999999996,8.500385510425733
1.0,Good,E,VS2,60.7,62.0,-0.1299999999999999,2.58,8.763067056169987
1.17,Ideal,F,SI1,62.2,56.0,-0.020000000000000462,2.5500000000000007,8.762336067191592
0.33,Ideal,G,VVS1,60.9,57.0,-0.019999999999999574,1.7699999999999996,6.71455953233442
0.41,Good,G,SI2,63.4,58.0,-0.03000000000000025,1.7400000000000002,6.430133265554382
1.0,Ideal,E,VS2,61.5,55.0,0.02999999999999936,2.47,8.802948571668582
0.41,Ideal,D,SI2,62.7,55.0,0.03000000000000025,1.7499999999999996,6.680478693533202
0.3,Premium,G,VVS1,61.8,59.0,-0.04999999999999982,1.67,6.460557255923542
1.04,Premium,I,SI2,61.6,58.0,0.11000000000000032,2.45,8.248395492983787
0.41,Ideal,F,VVS2,61.2,56.0,0.019999999999999574,1.85,7.07600020024604
0.9,Premium,J,SI1,60.9,61.0,0.040000000000000036,2.42,7.950838838569206
2.02,Good,I,VS2,57.9,62.0,-0.08000000000000007,3.539999999999999,9.643825110340625
0.3,Very Good,D,SI1,63.4,54.0,0.040000000000000036,1.5499999999999994,6.364721694182245
1.16,Premium,F,SI2,61.9,59.0,0.04999999999999982,2.5200000000000005,8.484493876620627
0.33,Ideal,H,VVS2,60.9,57.0,0.03999999999999915,1.7400000000000002,6.651480793550623
1.31,Very Good,J,SI2,61.8,59.0,-0.05999999999999961,2.6999999999999993,8.530436929893154
0.52,Very Good,D,SI2,61.7,56.0,-0.03000000000000025,1.9899999999999998,7.120655594733484
0.93,Ideal,H,VS1,61.8,55.0,0.020000000000000462,2.38,8.434515957234657
0.32,Ideal,D,VS2,61.9,57.0,0.019999999999999574,1.6600000000000001,6.751358084555227
0.58,Ideal,D,VVS1,60.6,57.0,-0.03000000000000025,2.14,7.985931201675892
0.41,Ideal,F,VS1,62.1,56.0,0.019999999999999574,1.79,6.973182204504636
0.4,Good,D,VS1,56.3,59.0,-0.02999999999999936,2.1799999999999997,6.89120358936595
1.02,Ideal,G,SI1,59.2,57.0,-0.040000000000000036,2.6899999999999995,8.577721684060164
0.59,Ideal,G,IF,62.0,54.0,-0.04999999999999982,2.0799999999999996,7.816162446304486
2.03,Ideal,G,SI2,61.1,57.0,-0.05000000000000071,3.210000000000001,9.617109198065137
3.04,Premium,I,SI2,59.3,60.0,0.049999999999998934,3.8400000000000007,9.643552446808105
2.01,Ideal,G,SI1,59.2,57.0,0.040000000000000924,3.329999999999999,9.70398522106786
0.9,Good,D,SI1,63.3,57.0,-0.04999999999999982,2.2600000000000002,8.340938084634049
0.7,Premium,H,VS1,62.3,59.0,0.04999999999999982,2.12,7.76951081199673
1.51,Very Good,E,SI2,61.9,57.0,-0.0600000000000005,2.84,9.17097636118353
1.02,Very Good,E,VS1,60.1,59.0,-0.04999999999999982,2.62,8.961149202554958
1.7,Ideal,I,SI2,60.7,59.0,0.05000000000000071,2.9899999999999993,9.183732631815344
1.2,Good,G,SI1,63.5,60.0,-0.0600000000000005,2.4800000000000004,8.75281135480986
0.51,Ideal,E,VS2,61.5,58.0,-0.03000000000000025,1.9900000000000002,7.366045720955354
0.73,Premium,I,VVS2,61.5,58.0,0.04999999999999982,2.1900000000000004,7.810951548030275
0.95,Good,I,SI2,63.8,57.0,-0.10000000000000053,2.2900000000000005,8.006088360075761
0.72,Premium,F,VS1,62.4,58.0,0.1299999999999999,2.1,7.976706490510698
0.33,Ideal,F,VVS2,61.4,56.0,0.04999999999999982,1.7000000000000002,6.825888331372965
1.0,Fair,I,SI1,64.8,59.0,0.09000000000000075,2.13,8.157675038808865
1.33,Very Good,G,SI2,62.0,59.0,0.05999999999999961,2.66,8.695748269744367
0.4,Ideal,D,SI1,63.0,57.0,0.040000000000000036,1.71,6.837832152009885
0.32,Ideal,D,SI1,62.8,56.0,0.04999999999999982,1.6100000000000003,6.599383943250385
0.3,Good,D,SI1,63.3,59.0,-0.03000000000000025,1.5699999999999998,6.18088807947662
0.34,Premium,I,SI1,60.2,59.0,-0.03000000000000025,1.8199999999999998,6.132926544617538
1.28,Premium,H,SI1,59.9,59.0,0.03000000000000025,2.8199999999999994,8.812742226943431
1.65,Ideal,D,SI2,61.5,56.0,-0.0600000000000005,2.9800000000000004,9.284770480124722
0.52,Very Good,G,VS1,62.2,63.0,0.08999999999999986,1.9099999999999997,7.4070223346050685
2.01,Very Good,H,VS2,60.7,56.0,-0.08999999999999986,3.24,9.674955261794414
1.14,Premium,H,VS2,61.3,59.0,0.040000000000000036,2.59,8.714144889753674
0.31,Ideal,G,SI1,62.2,55.0,0.010000000000000675,1.6399999999999997,6.441699464891415
0.7,Ideal,H,VS2,62.8,55.0,0.040000000000000036,2.08,7.735609967051454
0.29,Very Good,G,VVS1,62.0,58.0,-0.040000000000000036,1.6200000000000006,6.407732971129136
0.39,Premium,D,VS2,61.3,58.0,-0.03000000000000025,1.8400000000000003,6.809310149559591
0.41,Very Good,D,SI1,63.2,58.0,0.04999999999999982,1.7199999999999998,6.805879125947242
0.95,Very Good,D,SI2,60.1,61.0,-0.020000000000000462,2.5500000000000003,8.253560616771523
1.24,Very Good,J,SI1,60.0,59.0,-0.04999999999999982,2.83,8.53584589327245
1.06,Premium,G,SI1,61.5,59.0,0.040000000000000036,2.5,8.575748668963712
1.71,Ideal,I,SI2,61.1,55.0,0.04999999999999982,2.99,9.189813821328805
0.56,Ideal,E,VS1,61.0,57.0,-0.019999999999999574,2.09,7.624411734147625
0.31,Ideal,E,IF,61.9,54.0,-0.03000000000000025,1.69,6.851662216575806
0.42,Very Good,G,VS2,62.6,57.0,-0.040000000000000036,1.8099999999999996,6.709745438963718
0.78,Good,G,SI2,57.9,63.0,0.04999999999999982,2.51,7.751394861005449
1.01,Fair,G,I1,64.5,56.0,0.0600000000000005,2.2,7.869279806432236
0.5,Ideal,I,VVS1,61.6,56.0,-0.03000000000000025,1.98,7.219441063780955
0.25,Very Good,D,VVS2,62.0,61.0,-0.04999999999999982,1.5499999999999998,6.242571602606389
0.42,Premium,G,SI1,62.7,59.0,-0.03000000000000025,1.7799999999999998,6.628962431257691
1.12,Premium,D,SI2,58.2,60.0,0.09000000000000075,2.8199999999999994,8.486976417092508
1.67,Premium,H,SI2,61.6,57.0,0.04999999999999982,2.91,9.185568578619897
1.16,Very Good,G,VVS2,61.6,58.0,-0.0600000000000005,2.6000000000000005,9.109027194647199
0.73,Ideal,F,VVS1,61.1,56.0,-0.03000000000000025,2.2900000000000005,8.300558069752485
2.01,Very Good,F,SI2,60.8,57.0,-0.0600000000000005,3.21,9.58596435480192
0.9,Ideal,H,VS1,62.1,56.0,-0.04999999999999982,2.37,8.40064421659514
1.04,Very Good,I,VS2,61.9,58.0,-0.08000000000000007,2.5199999999999996,8.499664203255833
1.7,Ideal,I,VS1,61.9,55.0,-0.0699999999999994,2.9699999999999998,9.435966663406628
0.35,Premium,H,VVS1,61.2,60.0,0.03000000000000025,1.7399999999999998,6.782211410806127
1.71,Very Good,I,VS2,63.4,59.0,0.08000000000000007,2.7,9.315845259182167
0.71,Good,H,SI1,58.4,62.1,-0.03000000000000025,2.43,7.74354059525298
0.32,Premium,F,SI1,62.7,57.0,0.03000000000000025,1.62,6.5239625855545755
0.4,Premium,F,SI2,62.6,60.0,-0.02999999999999936,1.7599999999999998,6.472753853095481
0.31,Ideal,G,VVS1,61.8,55.0,-0.040000000000000036,1.6899999999999995,6.652390964727712
0.73,Very Good,G,VVS2,61.4,58.0,-0.03000000000000025,2.2700000000000005,8.091739570137795
0.3,Very Good,E,VS2,61.6,61.0,-0.04999999999999982,1.6699999999999995,6.292557415076356
0.74,Premium,I,SI2,61.0,60.0,0.04999999999999982,2.23,7.577915364412777
1.05,Premium,H,VS2,59.0,59.0,0.03000000000000025,2.7299999999999995,8.644418118454652
0.38,Ideal,H,VS1,61.1,55.0,-0.040000000000000036,1.8499999999999996,6.528406247356159
0.5,Ideal,F,VS1,61.6,57.0,-0.019999999999999574,1.96,7.242309685623503
0.54,Ideal,G,VVS1,62.2,53.9,-0.03000000000000025,1.9900000000000002,7.629053386485199
0.75,Ideal,G,SI1,62.2,57.0,0.040000000000000036,2.1799999999999997,7.8327790999369595
0.5,Premium,F,SI1,59.6,60.0,0.03000000000000025,2.06,7.0639797427450866
1.12,Very Good,H,SI1,62.3,55.0,-0.05000000000000071,2.54,8.557712800352169
0.27,Ideal,E,VS2,62.7,55.0,-0.02999999999999936,1.5699999999999998,6.228235298611157
0.41,Very Good,J,VVS1,60.1,58.0,-0.040000000000000036,1.94,6.687035895645847
0.35,Ideal,E,VVS1,61.7,54.0,-0.020000000000000462,1.7600000000000002,6.894378605857601
1.24,Ideal,J,VS2,61.7,55.0,-0.04999999999999982,2.6799999999999997,8.635005199197066
1.51,Ideal,F,SI1,63.0,57.0,0.040000000000000036,2.67,9.328158756660228
0.7,Very Good,G,VVS1,62.8,56.0,-0.040000000000000036,2.12,7.971325663452455
0.5,Ideal,D,SI2,62.4,56.0,-0.040000000000000036,1.9299999999999997,6.909911067765807
0.31,Ideal,D,SI1,62.4,56.0,0.040000000000000036,1.6099999999999994,6.579066879780123
0.9,Premium,D,SI1,63.0,56.0,0.04999999999999982,2.2399999999999998,8.342317987529187
0.59,Good,I,VS2,63.4,56.0,-0.040000000000000036,1.98,7.240398164126681
1.0,Ideal,E,VS2,59.6,57.0,0.009999999999999787,2.59,8.770531638051713
0.42,Ideal,H,IF,61.0,56.0,-0.03000000000000025,1.8900000000000001,7.007308966707131
1.3,Premium,D,SI2,60.2,59.0,-0.04999999999999982,2.8199999999999994,8.811475250918614
0.23,Very Good,D,VVS2,61.4,58.0,-0.040000000000000036,1.54,6.100107469775434
0.64,Good,F,I1,57.3,64.0,0.05999999999999961,2.4100000000000006,7.109376886318541
1.13,Ideal,I,SI1,61.4,57.0,0.02999999999999936,2.5700000000000003,8.504047465047798
0.31,Ideal,H,VS2,61.9,55.0,-0.03000000000000025,1.6799999999999997,6.262552958783967
0.31,Ideal,E,VS1,61.3,55.0,-0.02999999999999936,1.7299999999999995,6.543654969662038
0.42,Ideal,G,VVS1,60.6,56.0,-0.019999999999999574,1.9299999999999997,7.048392108663189
1.04,Premium,G,SI2,62.9,58.0,0.040000000000000036,2.37,8.331380310317023
2.01,Premium,J,VS1,60.2,61.0,0.07000000000000028,3.2300000000000004,9.50776081473232
0.9,Good,J,VS2,64.0,61.0,0.009999999999999787,2.1700000000000004,7.912207994615917
0.3,Premium,I,VS1,61.6,60.0,-0.03000000000000025,1.6599999999999997,6.127797300664205
0.31,Ideal,H,VS2,62.6,57.0,0.040000000000000036,1.5999999999999996,6.46023892991572
0.91,Ideal,E,SI2,62.5,56.0,-0.03000000000000025,2.3300000000000005,8.239970504389554
0.31,Very Good,E,VVS1,62.5,59.0,-0.040000000000000036,1.6399999999999997,6.709517508510762
0.32,Ideal,F,VVS1,61.5,56.0,-0.03000000000000025,1.71,6.759761015764555
0.7,Ideal,I,SI1,61.9,58.0,-0.019999999999999574,2.17,7.57867650654229
1.04,Very Good,F,VVS2,62.5,58.0,-0.08999999999999986,2.45,9.085766633571026
1.02,Ideal,H,VS2,61.2,56.0,0.04999999999999982,2.5000000000000004,8.60960437798465
1.01,Very Good,E,VVS1,63.1,57.0,0.02999999999999936,2.3400000000000007,9.155376058168292
1.59,Ideal,H,VS1,61.8,56.0,-0.040000000000000036,2.8900000000000006,9.402935225550932
0.71,Very Good,F,SI1,63.0,55.0,-0.05999999999999961,2.13,7.833738040352917
1.31,Ideal,G,VS1,62.2,56.0,0.040000000000000036,2.6399999999999997,9.187569665499765
1.71,Ideal,H,VS2,62.4,58.0,-0.040000000000000036,2.8999999999999995,9.491635149199888
0.54,Ideal,D,VVS1,61.2,57.0,-0.019999999999999574,2.0499999999999994,7.939402471198942
1.31,Premium,J,SI1,59.4,60.0,-0.0600000000000005,2.91,8.605472503789894
0.7,Ideal,G,SI2,62.9,56.0,0.03000000000000025,2.0900000000000003,7.5860815892780336
2.42,Premium,J,SI2,62.3,58.0,0.08000000000000007,3.200000000000001,9.605890842781685
1.25,Ideal,I,VS1,61.4,58.0,-0.040000000000000036,2.6899999999999995,8.852031711755592
0.7,Premium,E,SI1,60.0,59.0,0.040000000000000036,2.29,7.870110480385844
1.2,Good,J,VS2,63.7,58.0,0.0699999999999994,2.38,8.533594380524761
1.13,Ideal,H,SI1,62.3,56.0,-0.03000000000000025,2.5300000000000002,8.615788007473439
0.52,Ideal,E,VS2,61.5,56.0,0.03000000000000025,1.9699999999999998,7.488780083107943
0.51,Very Good,I,SI1,62.5,58.0,-0.07000000000000028,1.94,6.8542348184595525
0.5,Very Good,F,IF,59.7,60.0,-0.0600000000000005,2.1300000000000003,7.575842760765236
1.01,Good,F,VS2,62.1,58.0,-0.0699999999999994,2.4299999999999997,8.72605057232008
1.02,Premium,D,SI2,62.1,57.0,0.040000000000000036,2.4,8.422052164185152
0.44,Ideal,H,IF,62.0,57.0,-0.040000000000000036,1.8900000000000001,7.044983540206425
1.01,Good,D,SI2,63.6,61.0,0.019999999999999574,2.3,8.354045415426546
0.25,Ideal,F,IF,62.3,54.0,-0.03000000000000025,1.5499999999999998,6.450810336746309
0.46,Ideal,E,VVS2,62.6,55.0,0.03000000000000025,1.83,7.247850475340896
0.32,Very Good,D,SI1,62.6,58.0,-0.03000000000000025,1.6400000000000001,6.345088847881635
0.3,Ideal,F,VS1,62.3,53.8,-0.03000000000000025,1.6400000000000001,6.357556010691984
0.71,Very Good,F,SI2,61.6,59.0,-0.05999999999999961,2.23,7.776892367561411
0.33,Very Good,G,SI2,59.4,59.0,-0.019999999999999574,1.8399999999999994,6.091995299921039
0.51,Ideal,D,SI1,62.4,57.0,-0.040000000000000036,1.9500000000000002,7.15597724829968
1.0,Very Good,G,I1,62.5,62.0,0.07000000000000028,2.3599999999999994,7.958036828091625
0.51,Ideal,E,SI2,62.0,56.0,-0.019999999999999574,1.9599999999999995,6.980346408262817
1.5,Good,F,SI2,64.1,55.0,0.040000000000000036,2.54,9.011903448688432
1.57,Very Good,H,SI1,62.0,60.0,-0.040000000000000036,2.8400000000000007,9.281180230327369
0.3,Premium,G,IF,60.0,59.0,-0.019999999999999574,1.7399999999999998,6.552903902000729
0.98,Fair,G,I1,58.7,57.0,0.11000000000000032,2.63,7.756993969122013
0.51,Ideal,E,SI1,62.3,56.0,-0.03000000000000025,1.9500000000000002,7.117743072003566
0.24,Ideal,G,VVS1,62.0,56.0,-0.03999999999999959,1.5399999999999996,6.3396290326956395
0.39,Ideal,E,VS1,60.2,56.0,-0.009999999999999787,1.9100000000000001,6.842729774596015
1.64,Premium,E,SI1,61.8,59.0,0.040000000000000036,2.8599999999999994,9.434223426126696
0.39,Good,E,VS2,63.1,56.0,-0.0600000000000005,1.7500000000000004,6.711358845318724
0.33,Ideal,H,VVS2,61.7,56.0,0.03000000000000025,1.6800000000000002,6.655325091681107
0.58,Good,G,VS2,63.2,58.0,0.08000000000000007,1.9200000000000004,7.354432769981091
0.59,Ideal,H,VS2,62.2,59.0,0.040000000000000036,2.01,7.3961912565215195
1.66,Ideal,I,VS1,61.0,55.0,0.03000000000000025,2.9699999999999998,9.395180803601855
0.34,Premium,H,VS1,60.8,59.0,0.04999999999999982,1.7400000000000002,6.5776725422206495
1.01,Good,E,SI2,63.3,58.0,-0.05999999999999961,2.3499999999999996,8.387493439921592
0.41,Ideal,G,VVS2,61.1,55.0,0.03000000000000025,1.8599999999999999,7.009850836113024
0.33,Very Good,G,VVS2,59.7,59.0,-0.04999999999999982,1.8400000000000003,6.553705075018109
0.23,Very Good,E,VVS2,61.1,58.0,-0.06000000000000005,1.5700000000000003,6.068992896930707
0.31,Premium,G,VS1,59.5,59.0,-0.0699999999999994,1.8299999999999996,6.415837572678359
1.19,Premium,H,SI1,61.3,58.0,0.040000000000000036,2.6100000000000003,8.666049304986938
0.38,Premium,I,SI2,60.0,59.0,0.019999999999999574,1.8700000000000006,6.254541338808674
0.73,Ideal,F,VS2,62.6,56.0,0.02999999999999936,2.14,7.9669164801529435
2.0,Premium,G,SI2,60.4,61.0,0.09000000000000163,3.1899999999999995,9.541969041149198
0.3,Very Good,E,VVS2,62.4,57.0,-0.009999999999999787,1.6099999999999994,6.427675407694339
1.09,Ideal,H,SI1,62.3,55.0,-0.03000000000000025,2.5,8.55998522948095
1.01,Fair,G,SI2,64.7,58.0,-0.09000000000000075,2.2300000000000004,8.291705715512732
0.54,Ideal,H,VVS2,60.9,57.0,0.040000000000000036,2.03,7.4980967128298515
0.3,Ideal,D,SI1,61.0,54.0,0.009999999999999787,1.69,6.456919762142299
0.91,Fair,J,VS2,64.4,62.0,0.02999999999999936,2.14,7.91004777166765
1.85,Ideal,I,VVS2,62.4,57.0,0.04999999999999982,2.9400000000000004,9.471839226394534
0.4,Premium,D,SI1,59.9,60.0,0.019999999999999574,1.9,6.820937618934794
1.04,Ideal,H,SI2,62.0,57.0,0.10000000000000053,2.41,8.32724893400724
0.31,Ideal,J,VS2,62.1,53.6,-0.02999999999999936,1.6699999999999995,6.072120719817386
0.45,Ideal,H,SI1,61.3,55.0,-0.03000000000000025,1.9400000000000004,6.660573629706879
1.11,Very Good,H,SI1,60.8,60.0,-0.14999999999999947,2.6999999999999993,8.553432452343737
1.01,Very Good,G,VS2,63.2,55.0,0.04999999999999982,2.3200000000000003,8.67265722720945
0.71,Premium,H,SI2,61.5,60.0,0.019999999999999574,2.1900000000000004,7.635788586061218
1.09,Ideal,G,VVS2,62.5,56.0,-0.040000000000000036,2.4800000000000004,9.059211652710905
0.43,Ideal,E,VS1,61.2,56.0,-0.05000000000000071,1.9300000000000006,6.961870842171469
1.4,Very Good,I,VS2,59.2,60.0,0.04999999999999982,2.96,8.987276379882871
0.34,Ideal,G,VS2,61.4,57.0,0.02999999999999936,1.7200000000000006,6.646481515211205
1.22,Premium,I,SI2,62.3,58.0,0.04999999999999982,2.55,8.497718605205096
0.57,Very Good,D,SI1,59.8,60.0,0.0600000000000005,2.13,7.380026555328055
0.3,Ideal,G,VS2,63.0,56.0,0.03000000000000025,1.5699999999999994,6.461899647496836
0.73,Very Good,J,VS2,62.7,57.0,-0.03000000000000025,2.1500000000000004,7.566990519108416
1.23,Ideal,I,VVS1,62.1,57.0,-0.07000000000000028,2.6400000000000006,8.950864882028467
0.82,Ideal,F,SI2,62.4,54.0,-0.04999999999999982,2.2799999999999994,7.983828160658875
0.68,Ideal,D,VVS1,61.3,57.0,-0.03000000000000025,2.2100000000000004,8.258924395033183
0.3,Ideal,H,VVS2,61.7,54.0,-0.03000000000000025,1.67,6.336051652426748
1.07,Ideal,E,SI2,61.2,56.0,-0.03000000000000025,2.59,8.528865531589112
0.9,Premium,H,VVS1,62.3,59.0,0.0600000000000005,2.28,8.495415345951743
1.2,Good,D,SI2,63.7,52.0,0.040000000000000036,2.41,8.577303227490802
0.9,Very Good,G,VS1,61.5,56.0,-0.03000000000000025,2.4100000000000006,8.508586342849656
0.23,Ideal,G,SI1,62.1,53.0,-0.029999999999999805,1.5099999999999998,5.9297005839414565
0.3,Very Good,D,VVS2,59.6,61.0,0.04999999999999982,1.7399999999999998,6.561084860701099
1.8,Ideal,H,VS1,62.3,56.0,0.03000000000000025,2.92,9.572523221518809
0.42,Ideal,G,VS1,62.5,54.0,-0.04999999999999982,1.83,6.822401606936648
1.1,Very Good,G,VVS1,61.5,57.0,-0.04999999999999982,2.58,9.109270913264883
0.3,Ideal,F,VVS2,62.5,56.0,-0.04999999999999982,1.6400000000000001,6.445972769217686
0.23,Very Good,E,VVS2,63.3,56.0,0.040000000000000036,1.4099999999999997,6.194521223929328
1.05,Ideal,G,VS1,62.0,56.0,-0.0600000000000005,2.5,8.895613617346605
0.56,Premium,D,SI1,61.9,58.0,0.0600000000000005,1.9899999999999998,7.372900511030901
0.31,Ideal,D,SI1,62.0,55.0,0.019999999999999574,1.6500000000000004,6.579066879780123
1.03,Ideal,F,VVS2,62.0,56.0,0.03000000000000025,2.4400000000000004,9.103275166687661
1.01,Good,E,SI1,63.9,56.0,0.0600000000000005,2.26,8.505789807946584
0.93,Very Good,E,SI1,62.8,56.0,-0.04999999999999982,2.3400000000000003,8.354493556842067
2.01,Ideal,J,SI2,62.1,56.0,-0.07000000000000028,3.1000000000000005,9.517605828647966
1.08,Ideal,G,SI2,62.1,57.0,-0.020000000000000462,2.5,8.44595655892712
0.78,Ideal,G,SI1,61.7,56.0,-0.02999999999999936,2.28,7.951306724989225
1.58,Ideal,I,SI1,61.7,56.0,0.0699999999999994,2.8400000000000007,9.181562224759032
1.15,Ideal,G,VVS1,62.7,56.0,0.020000000000000462,2.4799999999999995,9.162254666212748
0.56,Ideal,F,VVS2,62.3,54.0,-0.04999999999999982,2.03,7.712715040521689
0.36,Ideal,F,SI1,61.5,57.0,-0.040000000000000036,1.7799999999999998,6.464418981364142
2.01,Very Good,I,VS1,63.0,59.0,-0.07000000000000028,2.96,9.651024652561432
0.24,Ideal,F,IF,61.0,57.0,-0.03000000000000025,1.6,6.444256475975427
1.01,Very Good,I,SI1,63.2,54.0,0.0600000000000005,2.3199999999999994,8.31760915899912
0.52,Very Good,G,SI1,60.0,57.0,-0.040000000000000036,2.13,7.152031247526454
0.32,Premium,G,VS1,62.1,55.0,0.03000000000000025,1.6600000000000001,6.631354948264613
0.92,Good,D,SI2,57.8,63.0,-0.040000000000000036,2.7100000000000004,8.187873040018092
0.31,Ideal,I,VS2,62.0,54.0,-0.03000000000000025,1.6800000000000002,6.16780890319432
0.71,Ideal,I,VS2,61.6,57.0,0.08000000000000007,2.13,7.71541204519623
0.34,Premium,D,SI2,59.2,59.0,0.040000000000000036,1.8399999999999999,6.4174703630396115
1.0,Very Good,F,SI2,63.4,58.0,0.05999999999999961,2.27,8.288040373972391
0.43,Very Good,G,VS1,58.4,60.0,-0.03000000000000025,2.0800000000000005,6.876844649014689
0.4,Very Good,G,SI1,58.3,62.0,-0.05000000000000071,2.0400000000000005,6.5686626818076945
0.7,Very Good,D,SI1,63.7,59.0,-0.0600000000000005,2.0700000000000003,7.819122169861968
0.73,Ideal,F,IF,61.2,55.0,0.0600000000000005,2.23,8.306371512177762
0.27,Ideal,E,VS1,60.5,56.0,-0.009999999999999787,1.67,6.256602268795794
0.5,Ideal,G,VS1,62.0,55.0,-0.0600000000000005,1.9600000000000004,7.1757959215305105
0.81,Very Good,E,SI2,62.9,56.0,-0.03000000000000025,2.2,7.976761830154847
0.53,Ideal,G,VVS1,60.8,56.0,-0.020000000000000462,2.06,7.650211248911997
0.9,Premium,D,VS2,61.6,62.0,0.03000000000000025,2.33,8.528965595673744
1.01,Premium,G,VS1,62.7,58.0,-0.03000000000000025,2.4000000000000004,8.775040646822102
0.3,Ideal,F,IF,62.0,56.0,0.040000000000000036,1.6199999999999997,6.712459197920161
1.51,Premium,F,SI1,62.2,58.0,0.05000000000000071,2.7299999999999995,9.306909189252009
0.4,Ideal,E,VVS1,61.5,56.0,-0.03000000000000025,1.8300000000000005,7.095855878765791
1.01,Ideal,E,SI1,60.8,56.0,-0.02999999999999936,2.5599999999999996,8.64039687562685
0.5,Very Good,G,VVS2,62.9,55.0,-0.040000000000000036,1.9,7.322001346381376
0.42,Ideal,G,VVS2,61.7,56.0,-0.040000000000000036,1.88,6.949739760115407
1.01,Good,E,SI2,60.7,62.0,-0.0600000000000005,2.5700000000000003,8.404405483266922
1.19,Very Good,F,SI1,60.8,59.0,-0.040000000000000036,2.71,8.797695002109995
1.01,Good,J,VS1,60.4,64.0,0.040000000000000036,2.5400000000000005,8.354909676420691
1.03,Ideal,G,VVS1,62.4,57.0,-0.08000000000000007,2.46,9.028391227798748
0.41,Ideal,D,VS1,61.1,56.0,-0.03000000000000025,1.8900000000000001,6.93060135866561
0.42,Very Good,F,SI1,63.4,56.0,0.040000000000000036,1.73,6.770586966024729
0.35,Ideal,D,VS2,62.4,55.0,0.03999999999999915,1.6700000000000004,6.810726227456036
0.72,Good,D,SI2,59.7,61.0,-0.05999999999999961,2.3699999999999997,7.812921349420711
0.9,Good,F,SI1,58.8,60.0,-0.040000000000000036,2.59,8.267972922683171
0.32,Premium,E,IF,60.0,61.0,0.040000000000000036,1.77,6.966177016090773
0.47,Very Good,G,VS1,60.5,59.4,-0.04999999999999982,2.02,7.10367011518286
1.01,Premium,D,SI1,61.5,61.0,0.09999999999999964,2.42,8.591350866437176
0.72,Premium,F,VS2,62.1,57.0,0.020000000000000462,2.16,7.918847494919823
0.48,Good,G,VS1,58.6,62.0,-0.0600000000000005,2.1700000000000004,7.131164780710192
0.32,Very Good,G,VS2,58.4,57.0,-0.020000000000000462,1.8900000000000001,6.327773753754075
0.33,Premium,I,VVS1,61.9,60.0,0.03000000000000025,1.67,6.606962954465513
1.03,Ideal,F,SI1,62.4,57.0,0.040000000000000036,2.41,8.584061273965679
1.01,Premium,D,SI1,59.8,54.0,0.09999999999999964,2.57,8.60578629481828
0.9,Very Good,F,SI1,62.6,57.0,-0.040000000000000036,2.33,8.301375358633805
1.0,Premium,F,SI1,60.5,56.0,0.03000000000000025,2.54,8.520888499070953
0.27,Very Good,F,VVS2,61.8,56.0,-0.009999999999999787,1.6,6.315089434283288
0.71,Very Good,G,VS2,62.1,58.0,-0.07999999999999918,2.2099999999999995,7.921340617957693
1.2,Ideal,F,VS2,62.6,56.0,0.04999999999999982,2.5,9.063060966748951
0.33,Ideal,H,VVS1,62.5,56.0,0.020000000000000462,1.65,6.752871890719957
0.74,Premium,F,VS2,61.9,56.0,0.03000000000000025,2.1899999999999995,7.993842875919991
1.63,Ideal,G,VS1,61.7,55.0,-0.040000000000000036,2.92,9.622959498571781
1.52,Premium,J,VS2,62.0,59.0,0.02999999999999936,2.7600000000000007,9.03000407146523
0.91,Fair,H,VVS1,56.5,67.0,-0.020000000000000462,2.7900000000000005,8.478044708315863
0.55,Ideal,H,VVS1,60.5,57.0,-0.02999999999999936,2.1199999999999997,7.535904537572799
1.03,Ideal,D,SI2,61.8,54.0,-0.05999999999999961,2.51,8.505048466512267
1.71,Very Good,D,SI2,63.5,59.0,-0.019999999999999574,2.7800000000000002,9.329035133670944
0.97,Premium,F,SI1,62.7,59.0,-0.02999999999999936,2.3599999999999994,8.30827628526459
0.36,Very Good,G,SI1,63.3,56.0,0.03000000000000025,1.6400000000000001,6.5449456916362125
0.33,Ideal,F,VS2,60.5,55.0,-0.08000000000000007,1.8199999999999998,6.476494753747409
0.37,Ideal,E,VS2,61.6,57.0,0.040000000000000036,1.7600000000000002,6.813803071733865
0.51,Ideal,G,VVS2,61.6,56.0,0.04999999999999982,1.9500000000000002,7.5145560216877545
0.54,Ideal,D,VS2,61.1,56.0,0.040000000000000036,2.03,7.565525722403855
0.71,Very Good,F,VVS2,62.0,56.0,-0.03000000000000025,2.1900000000000004,8.139302432790615
0.52,Premium,E,I1,60.8,60.0,0.03000000000000025,2.02,7.047615205919561
2.03,Ideal,J,VS2,60.5,57.0,0.0600000000000005,3.219999999999999,9.54044852230322
1.02,Premium,G,SI1,60.8,58.0,0.040000000000000036,2.52,8.54042288046324
1.01,Premium,E,SI1,58.2,59.0,0.04999999999999982,2.72,8.551877279352484
0.4,Premium,E,SI2,61.4,57.0,0.0600000000000005,1.7899999999999996,6.626813845468219
0.3,Ideal,F,IF,61.1,57.0,-0.040000000000000036,1.7199999999999998,6.595693383151561
0.3,Very Good,G,VS1,61.7,57.0,-0.040000000000000036,1.6700000000000004,6.268991408568255
0.3,Very Good,I,SI1,63.0,57.0,-0.040000000000000036,1.6100000000000003,5.967722667016443
1.01,Very Good,D,VS2,62.7,57.0,-0.02999999999999936,2.3899999999999997,8.839110738005907
0.93,Ideal,I,SI2,62.3,57.0,-0.019999999999999574,2.3499999999999996,8.077600003607987
0.37,Very Good,E,SI1,60.6,54.0,-0.04999999999999982,1.8599999999999999,6.448810233458887
1.12,Very Good,G,IF,61.0,58.0,-0.019999999999999574,2.63,9.167890980875331
0.56,Ideal,D,VS1,62.6,55.0,-0.040000000000000036,1.9900000000000002,7.629844770243079
1.03,Ideal,F,SI2,61.9,56.0,0.040000000000000036,2.46,8.409408805271694
1.52,Premium,E,SI1,62.5,59.0,-0.07000000000000028,2.7700000000000005,9.358287178302913
0.58,Ideal,H,VS2,61.8,55.0,-0.02999999999999936,2.07,7.344050896930413
1.2,Ideal,H,SI1,62.2,56.0,0.03000000000000025,2.539999999999999,8.705670051220466
0.23,Very Good,G,VVS2,62.3,57.0,-0.020000000000000018,1.4899999999999998,6.115672355262573
0.49,Premium,D,SI1,61.3,57.0,0.1900000000000004,1.8799999999999994,7.080485370038024
0.36,Good,F,VS1,63.9,54.0,0.019999999999999574,1.62,6.755710660674061
1.11,Ideal,G,VS1,61.3,55.0,-0.040000000000000036,2.6100000000000003,8.968870312144952
1.02,Very Good,D,SI1,63.3,58.0,0.040000000000000036,2.3199999999999994,8.603689420404526
0.7,Very Good,E,VS1,60.7,57.0,-0.03000000000000025,2.27,8.048245024616039
0.55,Ideal,E,VS2,62.2,54.0,0.03000000000000025,1.98,7.500402753698137
1.06,Ideal,G,SI1,62.0,56.0,0.03000000000000025,2.4699999999999998,8.605001201796973
1.01,Premium,E,SI1,62.9,59.0,0.08000000000000007,2.3099999999999996,8.550479508483644
0.5,Very Good,E,VVS2,60.9,59.0,-0.040000000000000036,2.0100000000000002,7.485500601952621
0.45,Premium,E,SI1,62.8,58.0,0.040000000000000036,1.79,6.895103711553023
0.32,Ideal,G,VS2,59.8,57.0,0.03000000000000025,1.7699999999999996,6.575318492641247
1.01,Very Good,G,VS1,59.1,58.0,-0.07000000000000028,2.73,8.818583661650665
0.51,Ideal,G,VS1,61.9,56.0,0.040000000000000036,1.9299999999999997,7.387224889592196
0.35,Ideal,E,SI1,60.9,55.0,0.040000000000000036,1.7600000000000002,6.62352335750725
1.5,Premium,I,SI2,62.7,57.0,0.0699999999999994,2.6900000000000004,8.937433972674294
1.63,Very Good,F,SI1,59.7,62.0,-0.08000000000000007,3.1400000000000006,9.404401779073405
0.32,Premium,H,VS1,60.6,60.0,-0.040000000000000036,1.7600000000000002,6.338617821899053
1.51,Ideal,J,VS2,61.7,57.0,0.040000000000000036,2.8200000000000003,9.0622884791304
0.24,Very Good,F,VS2,61.3,54.0,-0.05000000000000071,1.6,6.0947518166297465
0.71,Very Good,F,VS2,63.1,58.0,-0.04999999999999982,2.12,7.8974800714427165
0.72,Ideal,D,SI2,60.5,57.0,-0.0699999999999994,2.3499999999999996,7.909909146759092
0.3,Ideal,E,IF,61.1,57.0,-0.020000000000000462,1.69,6.6497340569557695
0.54,Ideal,G,VVS2,61.9,57.0,-0.03000000000000025,2.01,7.561421557079388
0.9,Good,G,VS1,63.7,56.0,0.08000000000000007,2.18,8.344131862247172
1.06,Ideal,H,SI1,62.7,57.0,0.04999999999999982,2.4000000000000004,8.511678636274278
0.7,Very Good,E,VS2,61.4,57.0,-0.03000000000000025,2.2200000000000006,7.934708757228251
0.3,Very Good,F,VS1,63.1,59.0,-0.0699999999999994,1.5999999999999996,6.299249638701064
0.35,Ideal,H,SI1,61.9,55.0,-0.03000000000000025,1.7500000000000004,6.254739120672843
0.85,Very Good,E,VS2,63.6,56.0,-0.040000000000000036,2.1999999999999997,8.225306876108224
1.51,Ideal,I,VS1,61.6,56.0,-0.05999999999999961,2.87,9.260123212652621
0.8,Very Good,H,SI2,62.7,57.0,-0.07000000000000028,2.24,7.825945481419289
0.51,Premium,E,VS2,61.7,58.0,-0.03000000000000025,1.9800000000000004,7.330137843523179
1.35,Premium,I,SI2,62.3,59.0,0.05999999999999961,2.63,8.63602078734762
1.01,Very Good,G,SI2,61.8,58.0,-0.02999999999999936,2.4499999999999997,8.359410103649447
2.1,Ideal,H,SI1,62.9,57.0,0.07000000000000028,2.9899999999999993,9.671767270178451
1.22,Ideal,G,VS2,61.4,56.0,-0.020000000000000462,2.67,9.05790758724687
0.34,Ideal,I,VS1,62.4,55.0,0.040000000000000036,1.67,6.477935994576243
1.5,Very Good,H,SI1,61.0,55.0,-0.09000000000000075,2.9300000000000006,9.248922354784357
1.59,Ideal,H,SI1,61.5,57.0,-0.05999999999999961,2.9399999999999995,9.309790952461924
1.01,Good,E,VVS2,63.3,55.0,-0.04999999999999982,2.37,9.093246824587975
0.3,Ideal,E,VS2,62.5,56.0,0.019999999999999574,1.6,6.558972298255339
1.07,Very Good,D,VS1,59.9,55.0,-0.019999999999999574,2.7,9.082233588157248
0.5,Very Good,E,VS1,61.4,55.0,-0.04999999999999982,1.9999999999999996,7.303781079868005
0.31,Premium,E,VS2,60.8,58.0,0.020000000000000462,1.6999999999999997,6.676830417557863
0.58,Ideal,D,SI1,61.1,57.0,0.04999999999999982,2.0700000000000003,7.431960778935602
0.52,Ideal,H,SI1,61.0,56.0,-0.03000000000000025,2.0500000000000003,7.08476155960614
0.24,Very Good,E,VS2,63.1,56.0,-0.029999999999999805,1.48,6.069045589498824
0.32,Ideal,F,VVS2,60.9,56.0,-0.019999999999999574,1.75,6.65201913159587
0.5,Ideal,E,VS2,63.0,54.0,0.04999999999999982,1.85,7.270983287089977
0.7,Premium,D,SI2,58.6,60.0,0.10999999999999943,2.3600000000000003,7.748818460280603
0.33,Ideal,F,VVS2,61.1,55.0,-0.020000000000000462,1.7500000000000004,6.688062602158742
1.0,Very Good,D,VS2,59.8,60.0,-0.03000000000000025,2.62,8.812593687031779
0.77,Premium,I,VS2,61.6,58.0,-0.040000000000000036,2.3,7.820465686797717
1.29,Ideal,G,VS2,62.9,57.0,0.020000000000000462,2.55,9.09001229293967
1.7,Ideal,H,VS2,62.3,57.0,0.02999999999999936,2.87,9.48814251056954
1.29,Very Good,J,VS2,61.3,60.0,-0.020000000000000462,2.710000000000001,8.655164077463148
0.3,Very Good,G,VVS2,62.9,58.0,-0.03000000000000025,1.6,6.358196645736368
0.3,Ideal,D,VVS1,62.2,57.0,-0.04999999999999982,1.6599999999999997,6.614814591115834
1.01,Good,H,SI1,63.4,58.0,-0.040000000000000036,2.3499999999999996,8.419557872028745
0.55,Good,H,SI1,63.6,55.0,0.05000000000000071,1.8699999999999997,7.045171685324941
0.31,Ideal,G,VVS1,62.5,55.0,0.009999999999999787,1.62,6.797921307694647
1.01,Ideal,F,VVS1,60.5,60.0,-0.019999999999999574,2.5599999999999996,9.15355339550139
1.55,Premium,H,SI1,60.7,58.0,0.040000000000000036,2.92,9.220599569762559
0.55,Ideal,E,SI1,61.7,56.0,-0.04999999999999982,2.04,7.301998131746747
1.51,Premium,G,VS2,62.5,59.0,0.05999999999999961,2.71,9.430554628118696
1.07,Ideal,E,VVS2,61.4,56.0,0.10000000000000053,2.5,9.246206637272236
0.36,Premium,D,VS2,61.0,59.0,0.040000000000000036,1.7700000000000005,6.842539993812632
0.51,Good,I,SI1,63.1,56.0,-0.08000000000000007,1.9199999999999995,6.850968540268297
1.3,Premium,H,VS2,62.4,58.0,-0.03000000000000025,2.62,8.910718313237407
0.3,Premium,G,SI2,62.7,55.0,0.03000000000000025,1.5799999999999996,6.1873196375479855
1.72,Ideal,J,SI1,62.0,57.0,0.040000000000000036,2.88,9.187558831205244
2.11,Premium,J,SI2,60.7,60.0,0.07000000000000028,3.1999999999999993,9.486754175891875
0.58,Ideal,G,VS2,60.6,55.0,-0.03000000000000025,2.1500000000000004,7.447941331085807
0.86,Very Good,H,SI1,63.8,56.0,-0.03000000000000025,2.1999999999999997,7.990498002758298
0.34,Ideal,D,VS1,60.9,56.0,-0.04999999999999982,1.7999999999999998,6.697750671594774
1.2,Very Good,E,SI1,62.7,57.0,-0.08999999999999986,2.5599999999999996,8.849563484416704
0.76,Premium,E,VS2,61.7,62.0,0.02999999999999936,2.22,8.074615118806541
0.32,Ideal,G,VS1,62.0,56.0,-0.040000000000000036,1.6799999999999997,6.459455744166688
0.35,Ideal,G,SI1,61.3,56.0,-0.019999999999999574,1.7699999999999996,6.337769450270843
0.96,Good,H,SI2,61.6,59.0,-0.04999999999999982,2.43,8.10515373899674
0.41,Premium,G,VS1,62.5,59.0,-0.03999999999999915,1.7999999999999994,6.785939480409895
1.01,Very Good,H,SI1,61.9,57.0,-0.04999999999999982,2.46,8.468942288637747
0.91,Premium,H,VS2,62.3,57.0,0.08999999999999986,2.28,8.27097391204983
0.9,Very Good,G,SI2,62.6,60.0,-0.0600000000000005,2.3200000000000003,8.11271335278749
1.17,Ideal,D,SI2,62.5,56.0,0.0699999999999994,2.49,8.574548342650457
0.78,Very Good,H,SI2,62.7,56.0,-0.040000000000000036,2.2099999999999995,7.7509580499620405
1.21,Very Good,I,SI1,62.8,57.0,-0.0699999999999994,2.55,8.586456353042117
0.23,Very Good,F,VVS1,59.3,58.0,-0.020000000000000462,1.65,6.1844866170360095
1.7,Very Good,H,VVS2,63.1,57.0,0.09000000000000075,2.75,9.469478601639521
0.9,Fair,I,SI2,66.4,60.0,0.05999999999999961,1.9500000000000002,7.824911523275111
1.51,Premium,F,IF,60.5,61.0,0.09999999999999964,2.95,9.756676614345988
0.71,Ideal,G,SI1,60.5,56.0,0.040000000000000036,2.26,7.880606545227977
0.3,Good,F,VVS1,63.7,59.0,-0.07000000000000028,1.56,6.428314371544962
1.12,Premium,H,VS1,59.6,57.0,0.05000000000000071,2.7199999999999998,8.7358857396178
1.1,Premium,J,VS2,61.2,57.0,0.04999999999999982,2.5500000000000007,8.448193662423526
1.1,Ideal,F,VS2,60.7,57.0,-0.040000000000000036,2.6500000000000004,8.92989620058128
1.0,Good,E,SI2,64.3,58.0,0.0699999999999994,2.16,8.237606754162162
0.97,Premium,F,SI2,61.9,58.0,0.040000000000000036,2.3899999999999997,8.147693485765448
1.21,Ideal,H,SI1,62.1,56.0,-0.03000000000000025,2.6099999999999994,8.740881289742724
0.42,Ideal,G,VS1,62.7,54.0,-0.03000000000000025,1.81,6.822401606936648
0.74,Ideal,F,IF,61.9,55.0,-0.04999999999999982,2.2399999999999998,8.324901427238684
0.4,Ideal,E,VS2,62.3,56.0,0.03000000000000025,1.7699999999999996,6.949624759704516
0.54,Good,H,VS2,63.2,55.0,-0.040000000000000036,1.9400000000000004,7.162109483917651
1.5,Good,G,SI1,63.7,59.0,0.040000000000000036,2.6000000000000005,9.237477351977294
1.34,Premium,D,SI2,61.5,58.0,0.03000000000000025,2.7,8.782803606837415
1.5,Very Good,E,SI2,62.7,56.0,-0.04999999999999982,2.7699999999999996,9.160270928730382
1.01,Very Good,G,SI2,59.3,61.0,0.040000000000000036,2.6399999999999997,8.332161096336774
0.3,Ideal,F,IF,62.2,57.0,-0.020000000000000462,1.6400000000000001,6.595693383151561
0.37,Very Good,E,VVS2,59.7,61.0,-0.040000000000000036,1.9100000000000001,6.761856477097835
0.7,Premium,G,VS1,62.6,55.0,0.09000000000000075,2.0799999999999996,7.821042276270407
1.02,Ideal,H,VS2,61.8,55.0,-0.02999999999999936,2.5,8.622153475643918
0.31,Premium,F,VS2,61.5,56.0,0.07000000000000028,1.65,6.639148209004302
0.34,Ideal,G,IF,61.9,54.0,-0.03000000000000025,1.7200000000000002,6.8463049024973
0.8,Ideal,E,SI1,61.7,56.0,-0.04999999999999982,2.33,8.145843432394287
1.31,Premium,H,VS2,62.5,58.0,0.02999999999999936,2.5900000000000007,8.908071323480906
2.37,Premium,H,SI2,62.3,57.0,0.05000000000000071,3.1900000000000004,9.584279164286015
0.94,Very Good,F,SI2,62.6,57.0,-0.019999999999999574,2.3499999999999996,8.181658989682447
0.51,Good,D,VS2,63.7,57.0,0.04999999999999982,1.7999999999999998,7.371308671746707
1.01,Very Good,E,VS2,60.6,59.0,-0.040000000000000036,2.5599999999999996,8.812786950706894
0.7,Very Good,I,SI1,62.5,60.0,-0.040000000000000036,2.1399999999999997,7.56070239154227
0.24,Very Good,D,VVS2,62.9,58.0,-0.03000000000000025,1.4900000000000002,6.244305102233366
0.98,Very Good,H,SI2,62.1,59.0,-0.05999999999999961,2.4399999999999995,8.124459761140688
0.32,Premium,D,VS2,61.7,59.0,-0.04999999999999982,1.7099999999999995,6.544185322393695
0.33,Ideal,G,VS2,62.6,56.0,0.03000000000000025,1.63,6.5960912930301445
0.51,Very Good,D,SI1,63.4,59.0,0.05000000000000071,1.8199999999999994,7.180321459012964
0.59,Premium,G,VS2,61.1,57.0,0.02999999999999936,2.0900000000000003,7.4593967444913805
1.01,Very Good,H,VS2,61.9,62.0,-0.08000000000000007,2.48,8.554133816562874
0.7,Premium,F,VS1,59.0,59.0,0.020000000000000462,2.3599999999999994,7.998827990893796
1.82,Very Good,J,VS1,62.2,56.0,-0.1299999999999999,3.05,9.327968608306296
1.51,Premium,E,SI1,60.3,58.0,0.040000000000000036,2.9399999999999995,9.340822785192685
2.11,Premium,J,SI2,60.7,60.0,-0.07000000000000028,3.2699999999999996,9.511141523226827
0.28,Very Good,H,VVS1,61.5,58.0,-0.04999999999999982,1.6399999999999997,6.328469107100322
0.42,Premium,G,VS1,62.5,59.0,-0.07000000000000028,1.8199999999999998,6.814698687610214
1.54,Very Good,I,SI2,59.4,61.0,-0.0699999999999994,3.09,8.970646044429314
0.7,Premium,G,SI2,60.0,60.0,0.040000000000000036,2.1400000000000006,7.573139196673235
0.73,Ideal,E,SI2,61.2,54.0,0.019999999999999574,2.2700000000000005,7.857591576138244
1.01,Fair,D,SI1,64.6,60.0,0.040000000000000036,2.14,8.45534352303967
1.0,Premium,G,SI2,62.7,59.0,0.0600000000000005,2.3299999999999996,8.287730696815798
0.31,Ideal,J,VS1,61.9,54.7,-0.020000000000000462,1.6700000000000004,6.121235191086032
0.38,Premium,E,VS2,60.3,58.0,0.04999999999999982,1.8399999999999999,6.826469104574892
1.51,Ideal,I,SI1,62.8,54.0,0.040000000000000036,2.6899999999999995,9.100660996356792
0.36,Ideal,E,SI1,60.9,57.0,-0.040000000000000036,1.8200000000000003,6.49851059151259
0.7,Very Good,F,SI1,63.3,59.0,-0.04999999999999982,2.08,7.750580518192556
0.42,Premium,G,VVS1,62.7,58.0,0.04999999999999982,1.75,7.092822357253972
0.84,Very Good,E,SI2,62.1,58.0,-0.07000000000000028,2.33,8.00999207598408
0.34,Premium,H,VS1,61.4,59.0,-0.03000000000000025,1.7600000000000002,6.427199562215015
0.41,Good,F,I1,63.8,57.0,0.02999999999999936,1.6900000000000004,6.451771646804262
1.0,Good,H,VS1,61.8,61.0,0.09000000000000075,2.3799999999999994,8.554150634403591
0.36,Premium,F,VS1,60.7,58.0,-0.04999999999999982,1.83,6.674007598185323
0.3,Ideal,G,VVS1,60.6,57.0,-0.019999999999999574,1.73,6.468248891403226
0.42,Ideal,G,VVS1,60.0,57.0,0.020000000000000462,1.9299999999999997,7.092293115425648
1.06,Ideal,I,VS2,62.3,56.0,0.04999999999999982,2.4399999999999995,8.553260667552768
1.16,Premium,F,VVS1,60.4,60.0,0.13000000000000078,2.6399999999999997,9.291168839660699
1.2,Fair,H,SI2,65.6,57.0,0.16000000000000014,2.21,8.426084991928562
0.35,Ideal,H,VS1,61.8,57.0,-0.02999999999999936,1.7499999999999996,6.435266881501426
0.32,Ideal,D,VS1,61.4,57.0,0.02999999999999936,1.6900000000000004,6.785772474321577
0.31,Premium,H,VS2,60.0,60.0,0.02999999999999936,1.7500000000000004,6.441278550139969
2.03,Good,I,SI1,62.7,61.0,0.10999999999999943,2.92,9.623560368489835
0.27,Very Good,F,VVS2,61.2,57.0,-0.03000000000000025,1.63,6.315453834243265
1.32,Very Good,I,SI2,60.9,59.0,-0.17000000000000082,2.8600000000000003,8.671171142882605
0.32,Premium,G,VS2,62.0,59.0,0.040000000000000036,1.65,6.580700476512511
1.4,Very Good,I,VS1,61.6,59.0,-0.04999999999999982,2.79,9.043300241582278
1.28,Very Good,G,VVS2,59.5,56.0,-0.040000000000000036,2.91,9.286651957096977
1.02,Premium,F,SI2,60.4,60.0,0.040000000000000036,2.56,8.366889061852845
0.24,Very Good,E,VVS2,62.4,58.0,-0.03000000000000025,1.5100000000000002,6.21319052938864
0.31,Premium,H,VVS1,61.8,58.0,0.040000000000000036,1.63,6.687707456524684
0.4,Ideal,F,VS1,62.7,55.0,0.019999999999999574,1.7600000000000002,6.9599527846629305
1.2,Good,E,VS2,61.8,61.0,-0.019999999999999574,2.5700000000000003,9.0501643326797
0.71,Good,F,SI1,63.7,58.0,0.03000000000000025,2.0300000000000002,7.78186619604899
0.83,Premium,D,SI1,62.5,54.0,0.0600000000000005,2.2399999999999998,8.119127660672046
1.2,Ideal,G,VS2,59.9,61.0,-0.03000000000000025,2.7699999999999996,9.03573126045935
0.81,Ideal,D,VS2,59.5,60.0,-0.07000000000000028,2.5100000000000002,8.290441900436752
0.7,Very Good,F,VS2,62.4,57.0,-0.040000000000000036,2.16,7.815983235669939
0.42,Ideal,G,VS2,61.7,57.0,0.03000000000000025,1.8299999999999996,6.866247342299603
1.75,Very Good,E,SI1,60.3,61.0,-0.08000000000000007,3.13,9.532246309506982
1.51,Premium,J,VVS2,62.6,59.0,0.020000000000000462,2.7299999999999995,9.081611790743718
1.0,Very Good,F,VS2,62.9,59.0,-0.03000000000000025,2.36,8.702938715867024
1.59,Ideal,G,VVS2,62.6,55.0,0.02999999999999936,2.7700000000000005,9.581199818391601
1.01,Very Good,J,SI1,58.9,59.0,-0.0600000000000005,2.74,8.229091545530263
0.26,Ideal,H,SI1,60.5,58.0,-0.009999999999999787,1.65,6.005443303356039
0.55,Ideal,D,VS2,61.4,57.0,-0.040000000000000036,2.0599999999999996,7.560352552404384
0.41,Ideal,G,VS1,61.5,56.0,0.020000000000000462,1.8299999999999996,6.90703284037162
0.31,Premium,F,VS2,58.3,61.0,0.040000000000000036,1.8400000000000003,6.574943760191494
2.01,Premium,H,VS2,61.1,61.0,0.05000000000000071,3.13,9.656326112095476
0.86,Ideal,G,VS1,62.2,57.0,-0.04999999999999982,2.32,8.32105637705594
0.5,Ideal,G,VVS1,61.8,54.0,-0.03000000000000025,1.98,7.426186379627
0.32,Premium,G,VS1,61.4,58.0,0.040000000000000036,1.6700000000000004,6.624105842722632
0.5,Ideal,I,SI1,62.0,55.0,-0.04999999999999982,1.9699999999999998,6.751239821881474
0.7,Premium,J,VS1,62.0,58.0,-0.0600000000000005,2.2,7.568371698952936
0.25,Premium,E,VVS2,62.0,59.0,-0.03000000000000025,1.56,6.292805744229491
0.5,Ideal,G,VVS2,62.2,56.0,-0.03000000000000025,1.9400000000000004,7.340830928372577
0.4,Ideal,E,VS2,62.2,55.0,-0.05999999999999961,1.8199999999999994,6.796536220692129
1.01,Good,D,SI1,63.8,58.0,0.040000000000000036,2.2800000000000002,8.540247987762632
1.23,Premium,F,VS1,61.3,60.0,-0.040000000000000036,2.7,9.190848312475913
0.54,Ideal,D,SI1,60.7,56.0,0.03000000000000025,2.0599999999999996,7.379036572558166
0.74,Premium,E,VS1,62.8,59.0,0.08000000000000007,2.09,8.038925724280558
0.42,Very Good,F,SI1,60.6,58.0,-0.08000000000000007,1.9499999999999997,6.657578153271598
0.53,Ideal,F,SI1,61.8,56.0,-0.040000000000000036,2.0100000000000002,7.232170402544304
0.88,Very Good,I,VS1,63.3,55.0,0.05000000000000071,2.2099999999999995,8.03559726144467
0.71,Very Good,G,SI2,63.4,56.0,0.11000000000000032,2.01,7.584534077537151
1.22,Ideal,F,VVS2,62.7,54.0,-0.04999999999999982,2.5700000000000003,9.38299424925129
0.7,Ideal,G,VVS2,63.0,55.0,-0.040000000000000036,2.1200000000000006,7.945017402876673
0.34,Ideal,E,VVS1,61.9,56.0,0.040000000000000036,1.69,7.01840459475452
1.23,Premium,F,SI2,61.7,57.0,0.02999999999999936,2.62,8.64617537553209
0.51,Ideal,E,SI1,62.1,55.0,-0.0600000000000005,1.9700000000000002,7.1479804836959735
1.2,Ideal,D,SI1,62.7,55.0,0.08000000000000007,2.4799999999999995,8.880611495609049
0.3,Very Good,G,VS1,60.3,62.0,-0.03000000000000025,1.73,6.256062865967262
1.52,Premium,H,VS1,60.6,58.0,0.07000000000000028,2.8899999999999997,9.334295021258956
1.0,Fair,I,I1,65.4,57.0,0.08000000000000007,2.12,7.68113261288355
0.31,Premium,G,VVS1,62.5,57.0,0.10000000000000053,1.5799999999999996,6.788351674467473
0.72,Ideal,H,VS2,62.0,56.0,0.05999999999999961,2.16,7.850075958474996
0.41,Premium,G,VS2,61.9,59.0,0.03999999999999915,1.7900000000000005,6.8403009807333115
0.33,Premium,H,SI1,63.0,58.0,0.019999999999999574,1.6200000000000006,6.367676766390515
0.71,Ideal,F,VS2,61.2,56.0,0.03999999999999915,2.2100000000000004,8.018001199977425
1.29,Good,I,I1,64.2,54.0,0.09999999999999964,2.41,8.107219894569267
0.91,Good,F,SI1,63.9,55.0,-0.07000000000000028,2.25,8.253495714839799
0.7,Premium,F,VS1,60.4,60.0,0.03000000000000025,2.25,7.969773766253647
0.9,Good,H,SI1,63.8,58.0,-0.07000000000000028,2.24,8.14211091529628
1.11,Good,F,SI1,62.1,61.0,-0.040000000000000036,2.5200000000000005,8.615943447969745
0.42,Ideal,J,VS1,60.9,57.0,0.03000000000000025,1.88,6.615967727579212
0.76,Premium,J,VS2,59.9,59.0,0.020000000000000462,2.37,7.686210153055584
0.31,Ideal,E,VS1,61.2,55.0,0.019999999999999574,1.7000000000000002,6.72165519266338
0.41,Premium,D,SI2,62.4,60.0,0.05999999999999961,1.75,6.66534469738446
0.63,Premium,E,VS1,61.8,60.0,0.019999999999999574,2.0900000000000003,7.809404789015664
0.37,Premium,G,VS1,61.4,58.0,-0.03000000000000025,1.7900000000000005,6.601703814718552
1.2,Ideal,F,VS1,62.1,58.0,-0.05999999999999961,2.6099999999999994,9.204289528906294
0.4,Ideal,E,VS1,62.2,55.0,-0.040000000000000036,1.8099999999999996,6.8662459809125265
0.42,Fair,D,SI1,64.7,61.0,-0.03000000000000025,1.6800000000000006,6.669485920418833
0.5,Premium,E,VS2,61.3,60.0,0.040000000000000036,1.9500000000000002,7.250893461469224
0.3,Premium,J,VS2,61.6,61.0,0.04999999999999982,1.6300000000000003,6.173778639565871
0.37,Good,G,SI2,63.4,57.0,-0.020000000000000462,1.6800000000000002,6.199289184037778
1.62,Ideal,I,VS1,60.8,56.0,-0.05000000000000071,2.99,9.325036540554565
0.4,Ideal,D,VVS2,62.5,55.0,-0.03999999999999915,1.7999999999999994,7.0268864546616525
1.02,Very Good,H,SI1,59.9,58.0,-0.08999999999999986,2.7,8.491469493779501
0.81,Ideal,G,SI2,61.7,57.0,-0.02999999999999936,2.3099999999999996,7.920571519280341
0.41,Premium,D,SI1,62.9,58.0,0.04999999999999982,1.73,6.841632328677048
1.03,Ideal,H,I1,61.5,57.0,0.03999999999999915,2.4800000000000004,8.044679630394896
0.3,Very Good,E,SI1,62.9,57.0,-0.04999999999999982,1.6099999999999999,6.174873841748914
1.08,Ideal,H,SI1,62.2,57.0,-0.040000000000000036,2.51,8.552964018698512
1.6,Premium,H,VS1,60.0,59.0,0.03000000000000025,3.0200000000000005,9.360985068974983
0.55,Premium,F,VS2,62.5,56.0,0.03999999999999915,1.9500000000000006,7.4152062195050625
1.01,Premium,E,SI2,58.6,58.0,0.040000000000000036,2.73,8.369208118657584
0.35,Premium,F,VS2,61.9,58.0,-0.05999999999999961,1.75,6.5341126692431075
1.5,Premium,E,SI1,61.3,59.0,0.13999999999999968,2.76,9.349051823737122
1.02,Very Good,E,IF,58.1,59.0,-0.040000000000000036,2.84,9.229050666758518
1.02,Very Good,D,VS2,59.8,61.0,-0.07000000000000028,2.68,8.858133254454616
0.32,Premium,E,VVS2,61.5,58.0,-0.05999999999999961,1.7199999999999998,6.684579412994619
0.56,Very Good,E,SI1,58.5,59.0,-0.03000000000000025,2.27,7.365032335698774
0.9,Premium,F,SI2,61.4,58.0,0.0600000000000005,2.35,8.145980622668338
0.3,Ideal,F,IF,62.1,54.0,-0.02999999999999936,1.6599999999999997,6.590189610035042
0.5,Good,E,VS2,64.9,59.0,-0.05000000000000071,1.7500000000000004,7.10517681779355
0.7,Ideal,F,VVS1,62.2,57.0,-0.040000000000000036,2.18,8.11846343580277
1.43,Ideal,E,VVS2,62.4,57.0,0.09999999999999964,2.66,9.634511925883073
0.91,Premium,E,VS2,62.3,58.0,0.05999999999999961,2.3000000000000003,8.515704998176657
0.31,Premium,G,VS1,58.2,61.0,0.03000000000000025,1.8399999999999999,6.560784093889009
1.01,Very Good,F,VS2,60.6,55.0,-0.05999999999999961,2.5999999999999996,8.805147024956977
1.33,Fair,F,SI2,64.5,58.0,0.10999999999999943,2.4000000000000004,8.636041903578265
0.5,Ideal,I,VS2,62.0,55.0,-0.020000000000000462,1.9500000000000002,6.892221147146957
1.5,Ideal,G,VS2,63.0,56.0,0.0600000000000005,2.67,9.459807160951957
1.08,Ideal,H,VVS2,62.4,55.0,-0.040000000000000036,2.4800000000000004,8.858013113322889
0.52,Premium,F,SI1,59.5,59.0,-0.0699999999999994,2.1699999999999995,7.241143622347882
1.07,Ideal,G,VS1,62.1,57.0,-0.08999999999999986,2.5200000000000005,8.9337587306915
0.42,Very Good,D,SI1,60.2,57.0,-0.040000000000000036,1.9599999999999995,6.720726037609464
0.53,Good,H,SI1,63.7,55.0,0.03000000000000025,1.85,7.037813642659102
1.13,Premium,E,SI2,60.4,59.0,0.04999999999999982,2.6400000000000006,8.50260946411439
1.01,Premium,E,VS2,62.4,60.0,0.040000000000000036,2.3899999999999997,8.780039374216475
0.41,Good,D,SI2,63.1,54.0,-0.03000000000000025,1.7599999999999998,6.515735353541898
1.03,Premium,D,SI2,60.6,60.0,0.05999999999999961,2.53,8.43968005120405
0.3,Very Good,G,VVS2,59.7,63.0,0.03000000000000025,1.7399999999999998,6.485102606517555
1.0,Premium,F,SI1,62.0,60.0,0.05999999999999961,2.4000000000000004,8.510044477287439
0.24,Very Good,H,VVS2,61.9,57.0,-0.03999999999999959,1.5399999999999996,6.162155969529143
1.22,Premium,J,SI1,61.9,58.0,0.03000000000000025,2.5999999999999996,8.501348222753277
1.02,Ideal,F,SI2,62.1,56.0,0.03000000000000025,2.42,8.384572313332876
0.53,Premium,F,SI1,61.4,58.0,0.020000000000000462,1.9899999999999998,7.286226564435485
1.26,Ideal,H,SI2,62.0,55.0,-0.0699999999999994,2.6799999999999997,8.70451594490742
1.54,Premium,G,SI2,62.4,57.0,0.02999999999999936,2.7600000000000007,9.067550253486644
0.31,Premium,D,VS1,59.7,58.0,-0.04999999999999982,1.81,6.541464263657636
1.19,Ideal,F,VS2,62.0,57.0,-0.020000000000000462,2.58,9.060175915396869
1.2,Very Good,G,VS1,63.4,56.0,0.040000000000000036,2.4400000000000004,9.045838996680818
1.31,Premium,H,VS1,62.1,58.0,0.010000000000000675,2.6399999999999997,8.960722605926644
0.41,Very Good,G,SI1,60.3,60.0,-0.040000000000000036,1.92,6.586943987397954
1.53,Very Good,I,SI2,61.6,56.0,-0.0600000000000005,2.88,9.028769696768634
1.52,Premium,I,SI2,62.2,59.0,0.09000000000000075,2.71,8.937467726937573
0.38,Very Good,E,SI1,62.8,58.0,-0.03000000000000025,1.73,6.485668903899711
0.32,Ideal,E,VS2,62.0,55.0,-0.020000000000000462,1.6800000000000002,6.513269809519722
0.35,Ideal,E,VS2,62.5,55.0,-0.019999999999999574,1.6999999999999997,6.59067369216679
0.71,Ideal,I,SI1,61.4,56.0,-0.03999999999999915,2.2399999999999998,7.697692391121793
1.02,Ideal,H,SI1,61.6,56.0,-0.040000000000000036,2.5300000000000002,8.520702169709185
2.43,Very Good,H,SI2,63.2,57.0,0.0600000000000005,3.1100000000000003,9.587684568749172
0.75,Ideal,D,VS2,61.7,55.0,0.02999999999999936,2.22,8.136528244380631
1.08,Ideal,H,SI2,59.3,57.0,-0.03000000000000025,2.75,8.441278290808649
0.4,Ideal,F,SI2,62.5,53.0,-0.04999999999999982,1.7999999999999998,6.480456772421915
1.61,Premium,J,IF,62.1,58.0,0.0600000000000005,2.8099999999999996,9.163880652426352
1.5,Premium,J,SI2,61.0,60.0,0.040000000000000036,2.84,8.885685227585666
0.29,Ideal,E,VS1,61.2,56.0,-0.020000000000000462,1.6800000000000002,6.3313426561595145
0.9,Good,H,VS2,61.5,61.0,-0.08999999999999986,2.43,8.258559262765544
1.17,Ideal,I,SI2,61.8,54.0,-0.040000000000000036,2.62,8.450352467874925
0.5,Ideal,E,VS1,61.9,56.0,-0.03000000000000025,1.96,7.278172658471341
0.53,Good,H,VS1,57.6,64.0,0.04999999999999982,2.2600000000000002,7.359464497622213
0.3,Ideal,F,IF,61.4,56.0,-0.019999999999999574,1.6799999999999997,6.590189610035042
0.52,Very Good,F,VS1,61.7,56.0,-0.03000000000000025,1.9899999999999998,7.481186257649401
1.06,Very Good,G,SI2,63.4,61.0,0.08999999999999986,2.3,8.326910647827143
1.51,Good,E,I1,63.6,60.0,0.040000000000000036,2.63,8.59103644488461
0.31,Ideal,D,VS2,62.0,55.0,0.019999999999999574,1.6400000000000001,6.734509635408721
0.93,Very Good,E,SI2,63.0,58.0,-0.019999999999999574,2.2899999999999996,8.184620472962644
0.53,Very Good,F,VS1,61.5,59.0,-0.02999999999999936,2.0199999999999996,7.502605815397027
0.4,Ideal,H,IF,60.9,58.0,-0.03000000000000025,1.8800000000000003,6.964282230848034
0.82,Ideal,E,SI1,62.1,55.0,-0.019999999999999574,2.28,8.132811794514597
0.7,Very Good,E,VS2,62.9,57.0,-0.03000000000000025,2.1200000000000006,7.851850397076733
0.84,Good,G,VS2,63.6,59.0,-0.05000000000000071,2.1800000000000006,8.003229492604092
0.7,Very Good,F,VS2,62.3,56.0,-0.04999999999999982,2.17,7.823004446452378
0.72,Good,G,VS1,58.0,57.8,-0.020000000000000462,2.47,7.998179422107708
0.5,Ideal,E,VS1,62.0,58.0,-0.04999999999999982,1.9699999999999998,7.307332409822882
0.25,Ideal,G,SI1,62.6,53.0,-0.03000000000000025,1.5300000000000002,6.0383445444383845
0.5,Ideal,E,VVS1,61.9,58.0,-0.040000000000000036,1.9600000000000004,7.565140077207
1.23,Ideal,D,SI2,62.4,56.0,-0.0600000000000005,2.6000000000000005,8.76058078019653
0.74,Premium,G,SI1,58.3,58.0,0.040000000000000036,2.4599999999999995,7.890331049324352
1.0,Fair,D,SI1,66.3,58.0,0.11000000000000032,2.0,8.410001381951123
1.31,Premium,H,VS2,59.8,58.0,0.10000000000000053,2.8200000000000003,8.924523224919213
0.91,Very Good,E,SI2,62.8,59.0,-0.03000000000000025,2.3000000000000003,8.193235227924887
1.2,Very Good,G,SI1,62.8,57.0,-0.05000000000000071,2.5200000000000005,8.781308165543388
0.76,Very Good,E,VS2,63.0,59.0,-0.03000000000000025,2.15,8.020248825927366
1.01,Premium,G,SI1,58.8,58.0,0.08000000000000007,2.6599999999999997,8.505857637991722
0.31,Ideal,H,VS1,62.4,55.0,-0.03000000000000025,1.6500000000000004,6.311667430052613
1.54,Ideal,G,VS1,61.2,56.0,-0.009999999999999787,2.8899999999999997,9.57966384626063
1.61,Premium,H,SI1,62.8,58.0,0.0699999999999994,2.7300000000000004,9.270422203391274
1.0,Ideal,G,VS2,62.3,54.0,0.040000000000000036,2.3899999999999997,8.684763158158592
0.57,Ideal,F,VVS2,61.6,57.0,-0.040000000000000036,2.0700000000000003,7.755873626437111
0.54,Ideal,F,IF,62.2,54.0,-0.02999999999999936,1.9999999999999996,7.784330813498492
1.5,Premium,G,SI2,61.7,55.0,0.0699999999999994,2.7800000000000002,9.071541540089498
0.72,Good,F,VS2,63.5,55.0,-0.040000000000000036,2.1100000000000003,7.884257120999931
1.99,Good,J,VS2,62.9,61.0,-0.15000000000000036,3.0700000000000003,9.485024266587894
0.38,Ideal,E,VS1,62.6,53.5,-0.04999999999999982,1.7600000000000002,6.751392973323674
0.71,Ideal,G,IF,61.8,57.0,-0.04999999999999982,2.21,8.197280433564453
0.31,Premium,H,VS1,62.4,58.0,-0.040000000000000036,1.6500000000000004,6.303964510726179
0.69,Fair,G,VS1,57.8,66.0,0.0600000000000005,2.4499999999999997,7.789649789970242
0.71,Ideal,E,SI1,62.9,57.0,-0.04999999999999982,2.1399999999999997,7.922189129809737
0.35,Ideal,G,IF,61.7,55.0,-0.03000000000000025,1.75,6.8463049024973
0.41,Premium,E,SI2,62.9,58.0,0.03000000000000025,1.7399999999999998,6.644207691372956
0.35,Very Good,H,VS1,60.0,57.0,-0.02999999999999936,1.8499999999999996,6.3970399192778205
0.31,Ideal,E,VVS2,61.8,58.0,-0.040000000000000036,1.67,6.660431536929937
1.6,Very Good,J,SI1,62.7,58.0,-0.040000000000000036,2.7800000000000002,9.053244668260701
0.73,Ideal,E,SI2,60.9,57.0,-0.03000000000000025,2.29,7.870689286856689
2.01,Very Good,H,SI2,63.1,59.0,0.08000000000000007,2.88,9.56331731809892
0.38,Ideal,E,SI1,61.4,57.0,0.03000000000000025,1.7799999999999998,6.7049388364705225
0.74,Good,G,VS2,64.2,53.0,0.02999999999999936,2.0300000000000002,7.8263868150651765
0.31,Ideal,H,VS1,62.2,57.0,0.03000000000000025,1.63,6.486199038730198
0.41,Ideal,G,SI1,62.1,55.0,-0.02999999999999936,1.8299999999999996,6.607906143383806
0.3,Premium,I,VS1,63.0,53.0,0.04999999999999982,1.5599999999999996,6.307399424088563
0.5,Fair,G,VS1,66.5,58.0,0.08999999999999986,1.6100000000000003,7.131172197915992
0.42,Very Good,E,SI1,61.5,61.0,-0.04999999999999982,1.8900000000000001,6.671637150081287
1.09,Ideal,H,VS2,62.9,58.0,0.04999999999999982,2.3999999999999995,8.64261216475295
0.34,Ideal,H,IF,61.7,56.0,-0.009999999999999787,1.73,6.750468285015168
0.54,Ideal,E,VS1,62.0,56.0,0.02999999999999936,1.9800000000000004,7.597934155796878
0.5,Good,G,VVS2,64.4,57.0,-0.08000000000000007,1.8299999999999996,7.2831673900915455
0.3,Premium,F,VVS2,61.5,58.0,-0.019999999999999574,1.6699999999999995,6.4382698498912525
1.09,Fair,H,SI1,64.4,60.0,0.07000000000000028,2.26,8.429508666081448
0.35,Ideal,D,SI1,63.0,57.0,0.05999999999999961,1.63,6.65181485750368
0.9,Good,E,VS2,63.7,58.0,-0.03000000000000025,2.2199999999999998,8.448958080552018
0.7,Good,E,VS1,58.4,60.0,-0.03000000000000025,2.45,7.979375195854322
1.33,Premium,E,SI2,62.0,57.0,0.07000000000000028,2.67,8.764177824434352
0.3,Ideal,D,VS2,60.9,57.0,-0.02999999999999936,1.7099999999999995,6.388124411365523
0.71,Very Good,I,VS2,63.4,56.0,0.040000000000000036,2.0400000000000005,7.702018422894894
1.21,Very Good,G,SI1,62.2,60.0,-0.020000000000000462,2.5500000000000007,8.776400671080346
0.34,Premium,E,VS2,58.8,59.0,0.03000000000000025,1.8699999999999997,6.706177623794373
0.56,Ideal,D,SI1,61.2,56.0,0.03000000000000025,2.05,7.392217434690852
0.24,Ideal,F,VS1,62.7,54.0,-0.02999999999999936,1.5099999999999998,6.225513774045011
0.37,Premium,F,VS2,61.9,58.0,0.05999999999999961,1.71,6.755063458014975
1.0,Ideal,F,VVS2,59.7,60.0,-0.03999999999999915,2.6399999999999997,9.046720356698767
1.55,Ideal,G,VS1,62.0,57.0,-0.04999999999999982,2.84,9.56462203873736
1.5,Very Good,I,SI1,60.2,63.0,0.04999999999999982,2.9000000000000004,9.087983835788553
0.55,Ideal,H,VS2,62.5,54.0,-0.04999999999999982,2.0,7.2366074559818685
0.82,Premium,I,SI1,62.6,57.0,0.040000000000000036,2.2100000000000004,7.7830530457166605
0.71,Ideal,D,SI1,60.6,57.0,0.10000000000000053,2.2199999999999998,8.006558515786752
0.81,Ideal,J,VS2,62.1,56.0,-0.02999999999999936,2.2699999999999996,7.810296373473772
0.26,Very Good,I,VVS2,62.7,55.0,-0.03000000000000025,1.5500000000000003,6.1249074224665465
1.22,Premium,I,SI2,61.5,61.0,0.05999999999999961,2.6100000000000003,8.507406219427263
0.7,Good,F,SI2,63.6,56.0,0.07000000000000028,1.9999999999999996,7.541156293849741
0.32,Very Good,F,SI2,62.6,56.0,-0.040000000000000036,1.6600000000000001,6.130609981190803
0.7,Premium,F,SI1,59.5,57.0,0.019999999999999574,2.34,7.824794459712094
0.51,Very Good,G,SI1,63.1,56.0,-0.08000000000000007,1.9300000000000002,7.015992672607869
0.4,Ideal,E,SI2,61.2,55.0,0.02999999999999936,1.83,6.636383478695394
0.36,Ideal,F,VS1,60.1,57.0,0.04999999999999982,1.83,6.8171503461525536
0.42,Premium,G,SI1,61.7,58.0,0.040000000000000036,1.8099999999999996,6.756088645896887
1.16,Premium,I,SI1,61.5,57.0,0.05999999999999961,2.5700000000000003,8.479647893480221
1.51,Ideal,E,VS2,61.2,57.0,0.09999999999999964,2.83,9.574764848628714
0.9,Fair,G,I1,66.0,58.0,0.08000000000000007,1.9699999999999998,7.515570948387153
2.06,Ideal,G,SI2,62.9,56.0,0.09000000000000163,2.959999999999999,9.587898069195019
1.04,Premium,D,SI2,59.8,58.0,0.05000000000000071,2.6199999999999997,8.437970165105169
0.71,Premium,G,VS2,60.3,60.0,-0.04999999999999982,2.3199999999999994,7.931095637349289
1.34,Ideal,J,VS1,62.0,57.0,-0.08000000000000007,2.7300000000000004,8.753364790066438
1.3,Very Good,G,VS1,62.5,58.0,-0.04999999999999982,2.62,9.16239241479046
0.7,Premium,G,SI1,61.4,60.0,-0.04999999999999982,2.2300000000000004,7.780576426972827
0.9,Very Good,G,VS2,63.5,62.0,-0.040000000000000036,2.24,8.3545611380743
2.0,Premium,I,SI2,58.6,61.0,0.11999999999999922,3.34,9.537230466143818
1.05,Very Good,I,VS2,63.2,59.0,0.02999999999999936,2.3600000000000003,8.516232633026686
0.77,Ideal,E,SI2,61.0,57.0,-0.019999999999999574,2.32,7.947031853344767
0.27,Ideal,F,VVS1,61.0,57.0,-0.019999999999999574,1.65,6.456599362192816
0.41,Premium,D,SI1,61.4,58.0,-0.020000000000000462,1.85,6.710238355424159
0.9,Premium,D,SI1,61.4,62.0,0.14000000000000057,2.29,8.334545096780769
0.45,Ideal,G,SI1,61.6,54.0,-0.020000000000000462,1.9200000000000004,6.743603959304878
1.5,Very Good,J,SI1,62.7,58.0,-0.040000000000000036,2.7199999999999998,8.938805894522186
1.54,Premium,I,SI1,61.8,57.0,0.05999999999999961,2.8,9.098651613209546
0.85,Ideal,E,VS2,59.3,57.0,-0.02999999999999936,2.5399999999999996,8.259339576848918
0.41,Ideal,E,SI2,60.7,57.0,0.040000000000000036,1.8799999999999994,6.6546234898793974
1.5,Premium,G,VS1,62.7,58.0,-0.04999999999999982,2.74,9.511135026880499
0.28,Very Good,E,VVS1,60.9,60.0,-0.009999999999999787,1.67,6.404831848511596
0.76,Premium,E,SI2,61.3,59.0,0.019999999999999574,2.25,7.858001181368911
0.34,Good,H,VS1,63.1,57.0,-0.040000000000000036,1.6500000000000004,6.380092752564297
0.35,Ideal,D,VS2,61.8,56.0,0.040000000000000036,1.71,6.810726227456036
0.31,Ideal,H,VS2,62.4,55.0,0.03000000000000025,1.62,6.463707544239477
0.43,Premium,D,SI1,61.2,58.0,0.040000000000000036,1.8599999999999999,6.878656260029705
0.7,Ideal,H,SI1,62.6,55.0,-0.04999999999999982,2.1500000000000004,7.72621561623584
2.04,Premium,I,I1,59.3,61.0,0.05000000000000071,3.34,9.057326828745493
0.8,Ideal,G,SI2,62.2,56.0,0.040000000000000036,2.22,7.869838972989288
1.1,Premium,F,VS2,60.5,57.0,0.009999999999999787,2.6400000000000006,8.879612906994584
0.7,Very Good,F,VS2,62.1,58.0,-0.040000000000000036,2.1799999999999997,7.811075741206897
1.51,Ideal,H,VS1,62.5,54.0,-0.05999999999999961,2.7699999999999996,9.350968438907318
0.7,Ideal,H,SI2,61.6,56.0,0.04999999999999982,2.19,7.595892078786411
0.72,Premium,H,SI1,62.7,59.0,-0.040000000000000036,2.1500000000000004,7.754267131193045
0.33,Ideal,F,SI2,62.3,55.0,-0.04999999999999982,1.7100000000000004,6.20845991079683
0.34,Premium,H,VS2,61.9,60.0,0.040000000000000036,1.67,6.537712824207828
0.51,Ideal,E,SI1,62.7,55.0,-0.02999999999999936,1.9099999999999997,7.117743072003566
0.43,Very Good,G,VVS2,60.2,56.0,-0.019999999999999574,1.9799999999999995,6.971505074691227
1.02,Fair,E,SI2,65.3,59.0,0.0600000000000005,2.1399999999999997,8.244775537170685
0.35,Ideal,D,VS2,62.5,55.0,-0.04999999999999982,1.7199999999999998,6.6310759960705425
0.55,Ideal,D,VS1,61.7,55.0,-0.009999999999999787,2.0199999999999996,7.637994415786112
0.33,Ideal,D,VS1,61.1,57.0,-0.020000000000000462,1.7500000000000004,6.645952485608388
0.44,Ideal,H,SI1,61.9,57.0,-0.019999999999999574,1.88,6.600463337744878
0.5,Very Good,E,VS1,62.7,56.0,-0.03000000000000025,1.92,7.246491588672244
0.3,Premium,G,VVS1,60.6,61.0,0.019999999999999574,1.7000000000000002,6.595341323175486
1.28,Good,J,VS1,59.1,62.0,-0.10000000000000053,2.96,8.694704259806882
1.56,Very Good,I,SI1,62.9,58.0,-0.040000000000000036,2.7399999999999993,9.127955174741425
1.96,Fair,F,I1,66.6,60.0,0.03000000000000025,2.5199999999999996,8.859604437639833
1.07,Ideal,E,VVS2,61.7,57.0,-0.0600000000000005,2.5500000000000007,9.252173799368189
1.04,Ideal,G,SI2,60.4,58.0,-0.0600000000000005,2.64,8.41537654023349
2.01,Very Good,H,SI1,62.6,59.0,-0.03000000000000025,2.99,9.667912770695127
0.43,Premium,D,SI1,61.0,57.0,0.03000000000000025,1.8799999999999994,6.8846672901911825
0.3,Premium,I,VVS1,62.6,60.0,0.03000000000000025,1.58,6.467576437769299
0.8,Very Good,I,SI1,61.9,56.0,-0.040000000000000036,2.2900000000000005,7.836802732850326
1.01,Good,H,VS2,60.8,61.0,-0.07000000000000028,2.57,8.53851892049473
0.51,Ideal,E,VS2,62.0,56.0,0.040000000000000036,1.9300000000000002,7.384712181768447
0.33,Premium,E,SI1,60.3,60.0,0.020000000000000462,1.7699999999999996,6.5443181098549195
1.14,Premium,H,SI1,60.7,58.0,-0.0600000000000005,2.7,8.59323077081689
0.53,Ideal,E,VS2,61.9,56.0,0.019999999999999574,1.9700000000000002,7.493044711032298
0.83,Very Good,E,SI1,63.5,58.0,-0.05000000000000071,2.2000000000000006,8.086473384614788
0.4,Premium,I,VVS1,60.8,58.0,0.020000000000000462,1.8599999999999999,6.856338056397488
1.03,Ideal,E,VVS2,61.9,57.0,0.040000000000000036,2.45,9.154311372806172
0.5,Ideal,F,VS1,61.0,56.0,-0.010000000000000675,2.0100000000000002,7.299234776859287
0.79,Ideal,D,SI1,61.3,54.0,0.04999999999999982,2.29,8.102202154442432
1.01,Very Good,E,VS2,62.9,58.0,-0.02999999999999936,2.38,8.785414141677142
1.1,Very Good,G,IF,59.8,56.0,-0.07000000000000028,2.7600000000000007,9.159088628762456
1.2,Very Good,H,VS2,62.5,60.0,-0.0600000000000005,2.5600000000000005,8.81088327832674
1.16,Ideal,D,SI1,62.0,56.0,0.02999999999999936,2.5500000000000007,8.79367476700139
2.31,Very Good,I,SI1,62.5,55.0,-0.07000000000000028,3.21,9.684691475987169
0.7,Good,D,VVS2,63.6,57.0,0.03000000000000025,2.02,8.082681032893863
0.34,Ideal,E,SI1,62.1,55.0,-0.040000000000000036,1.7199999999999998,6.445073001397817
1.05,Premium,G,SI2,61.3,58.0,-0.04999999999999982,2.5699999999999994,8.390774664477613
0.59,Ideal,F,SI1,62.0,57.0,0.07000000000000028,2.01,7.363351332095216
0.74,Ideal,I,VVS2,61.3,57.0,-0.02999999999999936,2.28,7.905177640570026
1.02,Ideal,E,SI2,61.6,56.0,-0.0699999999999994,2.5599999999999996,8.48089495904907
0.51,Ideal,G,VVS2,62.0,57.0,0.03000000000000025,1.9299999999999997,7.5110874073639975
0.9,Good,D,VS2,63.5,61.0,-0.07000000000000028,2.27,8.495653667579795
0.37,Premium,D,VS1,61.9,58.0,-0.0600000000000005,1.7800000000000002,6.748045141518189
2.01,Ideal,I,SI1,62.5,57.0,0.07000000000000028,2.9799999999999995,9.619748173244453
1.03,Good,J,I1,58.2,64.0,-0.05000000000000071,2.8100000000000005,7.923844843227588
0.55,Ideal,D,VVS2,60.8,56.0,-0.03000000000000025,2.0999999999999996,7.825858290263711
0.72,Ideal,H,VVS1,62.2,56.0,-0.03000000000000025,2.18,8.002512962133874
0.41,Very Good,F,VS1,60.7,56.0,-0.05000000000000071,1.9100000000000001,6.820869240444939
0.32,Ideal,H,VVS2,61.8,55.0,0.040000000000000036,1.6599999999999997,6.642482225746705
1.09,Ideal,E,SI2,61.7,58.0,-0.040000000000000036,2.55,8.497733199514172
0.3,Premium,G,VVS1,60.7,59.0,0.040000000000000036,1.69,6.600064709964785
0.54,Good,D,SI2,63.2,57.0,-0.03000000000000025,1.9200000000000004,7.0771741246947535
0.31,Ideal,E,VS2,61.9,55.0,0.04999999999999982,1.6399999999999997,6.694107331504969
0.3,Very Good,D,VS2,62.2,58.0,-0.04999999999999982,1.6399999999999997,6.336812127333153
0.54,Very Good,F,VS2,62.0,59.0,-0.05999999999999961,1.9999999999999996,7.369558040843164
0.6,Premium,H,SI1,62.4,58.0,0.0600000000000005,1.9899999999999998,7.266323534132445
0.33,Ideal,G,VS2,62.5,57.0,0.020000000000000462,1.6399999999999997,6.5926226787063875
0.31,Ideal,D,SI1,62.6,57.0,0.020000000000000462,1.5999999999999996,6.575598265456366
1.0,Very Good,G,VS2,62.4,58.0,-0.07000000000000028,2.42,8.663044791816356
2.01,Very Good,H,VS2,63.5,59.0,0.05999999999999961,2.8500000000000005,9.660073688510963
0.3,Very Good,H,VS2,60.9,61.0,-0.02999999999999936,1.7099999999999995,6.136815502276177
0.35,Premium,G,VS1,62.3,59.0,-0.040000000000000036,1.7200000000000002,6.53995888134949
1.0,Very Good,E,SI2,63.7,60.0,-0.08000000000000007,2.3200000000000003,8.382042224649814
0.41,Ideal,F,SI1,61.6,57.0,-0.019999999999999574,1.8499999999999996,6.655403500041379
0.35,Premium,G,IF,60.6,60.0,-0.03000000000000025,1.8100000000000005,6.843365672520681
0.3,Ideal,G,IF,61.4,57.0,-0.03000000000000025,1.6800000000000002,6.562808390151058
0.9,Very Good,D,VS1,63.0,58.0,-0.02999999999999936,2.28,8.6292215361819
1.61,Ideal,G,SI1,61.2,55.0,0.04999999999999982,2.92,9.430935417508321
1.06,Premium,G,VS2,60.9,57.0,0.040000000000000036,2.5700000000000003,8.791681275844633
1.01,Very Good,J,SI1,63.0,54.0,-0.0600000000000005,2.3900000000000006,8.227521307114744
0.91,Ideal,H,SI2,60.6,57.0,0.040000000000000036,2.4499999999999997,8.104238260865955
0.4,Very Good,H,SI1,62.8,59.0,-0.020000000000000462,1.7500000000000004,6.46085049736878
1.0,Premium,G,VS2,61.6,58.0,-0.040000000000000036,2.4799999999999995,8.681385630669006
0.3,Very Good,E,VS2,62.3,57.0,-0.03000000000000025,1.63,6.2987228621665
0.7,Premium,E,SI2,63.0,58.0,0.05000000000000071,2.07,7.6441459547923
0.25,Ideal,H,VVS1,62.4,55.0,-0.040000000000000036,1.5500000000000003,6.311634715557804
1.7,Ideal,H,SI1,61.2,57.0,0.03000000000000025,2.9699999999999998,9.424972922226729
0.26,Good,F,VVS2,60.4,61.0,-0.04999999999999982,1.67,6.259349228314701
0.55,Ideal,F,VVS2,62.3,54.0,0.020000000000000462,1.9799999999999995,7.680152697317683
1.03,Ideal,G,VS1,62.0,54.8,-0.040000000000000036,2.4800000000000004,8.863708983507957
0.9,Very Good,I,VS2,63.2,54.0,0.019999999999999574,2.23,8.10345202617049
1.05,Ideal,D,SI2,61.9,56.0,0.03000000000000025,2.4699999999999998,8.485293972823875
0.33,Ideal,G,IF,61.6,55.0,-0.02999999999999936,1.7399999999999998,6.803615257965732
0.65,Ideal,H,VVS1,62.4,54.0,-0.020000000000000462,2.1,7.786202968683398
0.3,Very Good,D,VVS2,63.0,56.0,-0.019999999999999574,1.5999999999999996,6.4610222512865585
1.08,Ideal,G,SI2,62.2,56.0,-0.03000000000000025,2.5,8.452977769709559
2.31,Premium,J,SI1,61.1,60.0,0.07000000000000028,3.29,9.566905031228389
0.52,Very Good,F,SI1,61.0,59.0,-0.03000000000000025,2.04,7.19482321539423
1.02,Ideal,I,SI1,61.9,55.0,-0.03000000000000025,2.4699999999999998,8.437303538091296
0.31,Premium,E,VS1,61.9,58.0,-0.010000000000000675,1.6500000000000004,6.53372151139235
0.71,Ideal,H,SI1,62.3,54.0,-0.019999999999999574,2.1799999999999997,7.795364656343907
0.59,Ideal,E,VVS1,62.0,56.0,-0.019999999999999574,2.05,7.920298412617609
0.3,Ideal,G,VS2,61.2,55.0,-0.03000000000000025,1.71,6.260745062041327
1.01,Very Good,F,VVS1,62.8,58.0,-0.040000000000000036,2.3899999999999997,9.106810349251283
1.2,Premium,E,VVS2,62.3,59.0,0.040000000000000036,2.55,9.385533684144228
0.23,Very Good,E,VVS1,59.3,62.0,-0.009999999999999787,1.63,6.075918713155569
1.56,Premium,H,SI1,61.9,59.0,0.05999999999999961,2.8000000000000007,9.249755099952546
0.41,Good,J,VS2,64.3,55.0,-0.040000000000000036,1.6900000000000004,6.388549647051022
0.57,Very Good,G,SI1,61.9,59.0,-0.02999999999999936,2.03,7.234755299860441
0.35,Ideal,E,VS2,62.4,57.0,0.03000000000000025,1.6899999999999995,6.766855309228527
1.07,Very Good,H,SI1,62.3,57.0,-0.10999999999999943,2.54,8.53062525994249
0.31,Ideal,H,VVS2,61.5,56.0,0.020000000000000462,1.6699999999999995,6.607453230767105
0.5,Ideal,E,VS2,62.3,57.0,0.040000000000000036,1.8900000000000001,7.26751467276622
0.93,Very Good,H,SI2,61.9,57.0,-0.05999999999999961,2.4199999999999995,8.12936725560373
1.14,Premium,H,SI2,60.6,59.0,0.03000000000000025,2.6599999999999993,8.436613737867331
0.58,Ideal,F,VS1,60.3,57.0,0.02999999999999936,2.1500000000000004,7.633157408093501
0.68,Ideal,E,VS1,61.3,55.0,-0.040000000000000036,2.2199999999999998,7.952361480498688
0.55,Ideal,G,SI1,61.7,55.0,-0.03000000000000025,2.0300000000000002,7.194360969595407
0.53,Ideal,G,VVS2,61.4,57.0,-0.03000000000000025,2.02,7.581315764959544
0.27,Ideal,F,VVS2,62.7,55.0,-0.020000000000000462,1.54,6.386824771251902
0.5,Good,D,VS1,64.3,54.0,-0.040000000000000036,1.8199999999999994,7.267051946211556
0.3,Ideal,F,VVS1,61.8,57.0,-0.040000000000000036,1.67,6.5157473601586
1.0,Fair,E,SI2,65.1,59.0,0.0699999999999994,2.1500000000000004,8.228540256092327
0.28,Very Good,F,VS2,61.7,58.0,-0.020000000000000462,1.6100000000000003,6.180935700783639
1.13,Ideal,G,SI2,61.1,54.0,0.02999999999999936,2.6100000000000003,8.488746652629935
1.26,Ideal,G,VVS1,61.1,57.0,0.03999999999999915,2.7,9.311405711714322
0.32,Ideal,E,VS2,62.6,53.0,0.009999999999999787,1.63,6.714424394975231
0.5,Good,D,IF,63.2,59.0,-0.04999999999999982,1.87,7.817012645412475
0.78,Very Good,D,VS1,63.2,58.0,0.0600000000000005,2.1199999999999997,8.145962881453425
1.03,Ideal,F,I1,61.1,55.0,0.03000000000000025,2.5199999999999996,8.116289364241462
0.45,Ideal,G,VS1,59.0,60.0,-0.0699999999999994,2.09,6.968185995022961
0.4,Ideal,H,IF,62.7,57.0,0.020000000000000462,1.7399999999999998,7.047842629181419
0.91,Very Good,D,SI2,58.3,60.0,-0.07000000000000028,2.6900000000000004,8.226079747777392
0.5,Ideal,E,SI2,61.4,57.0,0.04999999999999982,1.9499999999999997,6.9207180006381055
0.56,Ideal,G,VS2,61.9,55.0,-0.040000000000000036,2.0400000000000005,7.3770954567769085
0.23,Good,E,VS1,56.9,65.0,-0.020000000000000462,1.7600000000000002,5.8362813854533675
0.52,Very Good,D,SI1,62.7,56.0,-0.04999999999999982,1.9299999999999997,7.205655044491022
0.32,Ideal,D,SI1,62.9,56.0,0.020000000000000462,1.62,6.599383943250385
0.51,Very Good,E,SI2,63.3,56.0,0.040000000000000036,1.85,6.956095631757854
0.71,Very Good,F,SI1,62.3,60.0,-0.02999999999999936,2.15,7.849920882758309
0.92,Very Good,F,SI2,59.9,60.0,-0.03000000000000025,2.5300000000000002,8.181910949906111
2.0,Fair,I,VS1,66.3,54.0,0.10000000000000053,2.62,9.559387400765662
1.03,Ideal,H,SI1,59.8,57.0,0.0699999999999994,2.62,8.500384821004433
0.3,Ideal,G,VVS1,61.5,57.0,-0.02999999999999936,1.6699999999999995,6.468624575209953
0.7,Very Good,F,SI1,59.8,59.0,-0.040000000000000036,2.35,7.850447131567648
0.3,Premium,H,SI1,59.3,59.0,0.019999999999999574,1.7700000000000005,6.257523622037184
0.7,Very Good,E,SI1,63.2,57.0,0.019999999999999574,2.0600000000000005,7.778513835136512
1.41,Ideal,J,VS1,61.6,56.0,-0.02999999999999936,2.7799999999999994,8.93005887602598
0.58,Premium,F,VS1,61.1,59.0,0.040000000000000036,2.07,7.62174695409872
1.51,Fair,E,SI1,65.3,62.0,0.07000000000000028,2.4399999999999995,9.229890000962511
0.51,Ideal,H,VVS1,62.2,56.0,-0.019999999999999574,1.9499999999999997,7.458299868863015
1.16,Premium,E,VS1,58.7,58.0,0.019999999999999574,2.83,9.053524533053059
0.4,Premium,E,VS2,62.2,59.0,-0.03000000000000025,1.8000000000000003,6.786602762422441
0.7,Very Good,F,SI1,60.6,58.0,-0.04999999999999982,2.29,7.848371384556006
0.55,Ideal,G,SI2,61.8,55.0,-0.05000000000000071,2.0500000000000003,7.083847559600239
1.2,Ideal,H,SI2,62.7,55.0,0.04999999999999982,2.4800000000000004,8.555446176589358
1.01,Ideal,H,VS2,62.1,54.0,0.05999999999999961,2.420000000000001,8.562033566449662
0.66,Very Good,F,SI1,59.2,58.0,-0.02999999999999936,2.34,7.5959628773151
0.31,Ideal,F,VVS1,62.0,54.0,-0.03000000000000025,1.67,6.722814892935179
0.29,Ideal,H,IF,60.7,57.0,-0.03000000000000025,1.71,6.491568678620761
0.41,Ideal,F,VVS2,61.4,57.0,-0.040000000000000036,1.8699999999999997,6.9816442992878285
0.31,Premium,H,IF,60.4,58.0,-0.019999999999999574,1.7599999999999998,6.63257092871023
0.37,Very Good,H,SI1,62.6,63.0,0.09999999999999964,1.65,6.445876059824407
0.61,Ideal,E,VVS2,60.8,56.0,0.03000000000000025,2.13,7.9072847790112855
0.3,Ideal,D,SI1,61.0,56.0,-0.03000000000000025,1.7000000000000002,6.255268801404395
0.31,Very Good,F,SI1,63.5,56.0,0.03000000000000025,1.5599999999999996,6.413124311048107
0.56,Very Good,G,VS2,62.5,57.0,-0.03000000000000025,1.9900000000000002,7.346394477693668
1.2,Ideal,J,VS2,62.2,54.0,0.040000000000000036,2.5599999999999996,8.607050644298837
0.57,Premium,D,VS2,60.8,59.0,-0.040000000000000036,2.12,7.580286787049339
0.42,Ideal,E,SI1,62.6,57.0,-0.03000000000000025,1.8199999999999998,6.719950567948599
0.31,Ideal,I,SI1,62.2,56.0,-0.03000000000000025,1.6600000000000001,6.055958483368123
0.32,Ideal,D,VS2,61.9,55.0,-0.03000000000000025,1.7000000000000002,6.553672113423474
0.73,Very Good,F,SI1,61.4,60.0,-0.019999999999999574,2.23,7.9218050003111475
0.38,Premium,D,VS1,61.9,60.0,-0.040000000000000036,1.79,6.776488404282347
0.31,Ideal,G,IF,60.7,58.0,-0.040000000000000036,1.7400000000000002,6.747351974464478
0.44,Ideal,D,VS1,61.1,56.0,0.040000000000000036,1.9000000000000004,7.0680799712794835
1.03,Premium,H,VS1,62.4,60.0,0.05000000000000071,2.3999999999999995,8.631268554010074
1.5,Fair,G,SI1,65.5,58.0,0.040000000000000036,2.4400000000000004,9.183040261511826
0.42,Ideal,D,SI1,62.4,57.0,0.07000000000000028,1.7699999999999996,6.874473589407169
0.47,Fair,E,SI1,67.9,56.0,0.1899999999999995,1.4100000000000001,6.880434041438825
0.91,Premium,F,SI2,61.7,58.0,-0.07000000000000028,2.43,8.170553791918737
1.31,Premium,I,SI2,60.5,59.0,0.07000000000000028,2.76,8.60562254035651
1.25,Ideal,G,IF,60.6,57.0,-0.020000000000000462,2.76,9.36514713197405
0.51,Good,E,VVS1,58.6,65.0,0.08000000000000007,2.14,7.6571729757170965
0.41,Good,F,VVS2,63.6,56.0,-0.040000000000000036,1.7299999999999995,6.913078429864859
1.0,Premium,E,SI2,59.9,55.0,0.08000000000000007,2.5400000000000005,8.37990957876349
0.31,Ideal,E,VVS1,62.3,57.0,-0.02999999999999936,1.6499999999999995,6.7807600184522165
0.9,Premium,D,SI1,61.7,56.0,0.07000000000000028,2.31,8.37127572561348
0.9,Premium,I,VS2,61.8,59.0,-0.05999999999999961,2.39,8.16846603269257
0.32,Ideal,G,IF,60.9,56.0,0.019999999999999574,1.7200000000000002,6.891161942039707
0.31,Premium,G,VVS1,62.1,59.0,-0.04999999999999982,1.6799999999999997,6.644688045401279
0.71,Premium,D,VS2,62.7,58.0,-0.13999999999999968,2.13,7.993556329398168
0.79,Ideal,E,VS2,62.2,55.0,-0.0699999999999994,2.28,8.166285054670189
0.31,Good,F,SI1,63.2,56.0,-0.040000000000000036,1.5999999999999996,6.23323943261101
0.53,Ideal,F,SI1,62.6,55.0,-0.04999999999999982,1.9699999999999998,7.20511832304095
0.59,Ideal,E,SI1,62.2,57.0,-0.03000000000000025,2.04,7.37175796516593
0.55,Ideal,H,IF,61.9,56.0,-0.08000000000000007,2.08,7.605698469968905
0.54,Ideal,F,SI1,61.2,56.0,-0.05999999999999961,2.07,7.273242348829315
0.41,Ideal,F,VS2,62.4,58.0,0.019999999999999574,1.7799999999999998,6.8935349563343244
1.26,Ideal,I,SI1,62.6,57.0,-0.03000000000000025,2.5999999999999996,8.721632540463645
0.51,Very Good,D,SI1,61.7,58.0,-0.03000000000000025,1.9700000000000002,7.160984306195474
0.43,Ideal,D,VS1,61.6,56.0,-0.010000000000000675,1.87,6.9915313662487035
0.46,Ideal,G,IF,62.1,56.0,-0.03000000000000025,1.8900000000000001,7.231921818625977
1.03,Very Good,H,SI1,61.1,59.0,-0.05999999999999961,2.5699999999999994,8.486434705707682
0.33,Ideal,D,VS2,60.9,55.0,-0.040000000000000036,1.77,6.575520909007271
0.39,Very Good,I,VS2,62.9,57.0,-0.040000000000000036,1.7499999999999996,6.463858423357888
1.11,Ideal,H,SI2,61.3,55.0,-0.08000000000000007,2.630000000000001,8.45584591453736
0.7,Good,E,SI1,64.4,58.0,-0.03999999999999915,1.9799999999999995,7.693022418711102
1.92,Ideal,H,SI1,61.3,57.0,-0.0600000000000005,3.1400000000000006,9.565680178165124
0.3,Ideal,D,VS2,62.3,56.0,-0.019999999999999574,1.6299999999999994,6.389456261964
0.6,Premium,G,VVS2,59.7,60.0,0.04999999999999982,2.2,7.773033170137731
0.79,Ideal,D,SI1,61.3,54.0,-0.04999999999999982,2.34,8.136717091297106
1.02,Very Good,H,SI2,62.6,57.0,-0.040000000000000036,2.4299999999999997,8.336993550337898
0.51,Ideal,D,SI1,62.4,57.0,-0.040000000000000036,1.94,7.15597724829968
1.02,Very Good,G,VS2,60.9,56.0,-0.040000000000000036,2.5599999999999996,8.754493678198843
0.31,Very Good,G,VS2,58.8,62.0,-0.009999999999999787,1.8200000000000003,6.294825367264447
0.41,Premium,F,VS2,61.3,58.0,-0.04999999999999982,1.8899999999999997,6.756536339460411
1.5,Very Good,J,VS2,60.5,63.0,-0.05000000000000071,2.91,9.031980152928316
1.78,Good,G,SI2,63.8,57.0,0.11000000000000032,2.7199999999999998,9.238985484486017
1.23,Good,J,VS2,63.6,60.0,0.03999999999999915,2.4400000000000004,8.549321983999764
0.55,Ideal,G,SI2,61.6,56.0,-0.02999999999999936,2.05,7.083847559600239
1.0,Good,H,VS2,62.7,54.0,-0.04999999999999982,2.3699999999999997,8.497305741868079
0.3,Premium,G,SI1,62.7,58.0,0.04999999999999982,1.5599999999999996,6.338267120806594
0.3,Very Good,G,VVS2,61.3,58.0,-0.05999999999999961,1.6999999999999997,6.358196645736368
0.82,Ideal,I,VS1,61.4,57.0,-0.04999999999999982,2.3400000000000003,8.046762794400623
0.33,Premium,G,VS2,59.4,61.0,0.040000000000000036,1.81,6.555343873600458
0.52,Ideal,F,SI2,60.9,57.0,0.019999999999999574,2.0300000000000002,7.121834368684946
1.7,Premium,F,VS2,62.5,61.0,0.08999999999999986,2.76,9.668707286579872
1.51,Very Good,H,SI2,62.3,58.0,0.040000000000000036,2.7199999999999998,9.008665877919599
0.24,Very Good,F,VVS1,57.2,63.0,-0.05000000000000071,1.7900000000000005,6.245294653406612
0.46,Ideal,H,VVS1,62.3,54.0,-0.03000000000000025,1.8900000000000001,7.075216609129841
0.32,Premium,E,VVS1,60.8,58.0,0.03000000000000025,1.71,6.945595170341444
0.38,Very Good,F,VS1,58.7,63.0,-0.040000000000000036,1.9900000000000002,6.669787479345785
1.01,Good,E,VS1,63.6,57.0,0.0600000000000005,2.29,8.846992667273712
0.55,Very Good,E,VS2,62.3,61.0,-0.04999999999999982,1.98,7.406173793248622
0.32,Ideal,D,VS2,62.2,56.0,0.02999999999999936,1.6400000000000001,6.754826698878984
1.1,Ideal,H,SI1,62.7,57.0,-0.03000000000000025,2.4799999999999995,8.562138417068486
1.76,Premium,D,SI1,61.0,60.0,0.08000000000000007,2.91,9.54389797844377
0.4,Very Good,D,VS1,62.9,56.0,-0.040000000000000036,1.7599999999999998,6.85938502111058
0.59,Premium,I,SI1,62.8,59.0,0.020000000000000462,1.98,7.132057109856437
2.01,Very Good,I,VS2,59.6,60.0,-0.05999999999999872,3.329999999999999,9.635038090250172
2.24,Ideal,I,SI2,61.7,58.0,0.0600000000000005,3.1899999999999995,9.621500756863412
0.41,Very Good,I,VVS1,61.9,57.0,-0.040000000000000036,1.85,6.771911043612794
0.4,Ideal,G,VS2,60.5,57.0,-0.05999999999999961,1.9099999999999997,6.708091008738294
0.5,Fair,G,VS1,64.9,57.0,0.040000000000000036,1.7200000000000002,7.178935479882863
1.22,Premium,G,SI1,60.7,59.0,-0.040000000000000036,2.75,8.855457517119333
0.9,Good,F,SI2,63.2,56.0,-0.04999999999999982,2.3000000000000003,8.137535124649856
1.01,Very Good,G,SI2,63.3,56.0,-0.07000000000000028,2.34,8.356113409074156
0.72,Very Good,I,VS2,63.3,57.0,-0.05999999999999961,2.1199999999999997,7.699127794374107
0.31,Ideal,H,VS1,62.6,55.0,0.040000000000000036,1.6099999999999999,6.489667653053955
1.19,Very Good,J,SI1,60.0,57.0,0.040000000000000036,2.7399999999999993,8.42312486758181
0.7,Ideal,G,VS2,62.9,56.0,0.04999999999999982,2.0800000000000005,7.772510577925922
0.4,Premium,G,IF,60.8,58.0,0.03999999999999915,1.8400000000000003,7.1276410649322886
1.52,Ideal,I,SI2,62.5,58.0,-0.040000000000000036,2.76,9.012396677078735
1.01,Ideal,G,VS2,61.4,57.0,-0.05999999999999961,2.53,8.747786998446175
0.4,Ideal,H,SI2,62.6,55.0,-0.019999999999999574,1.7699999999999996,6.383822263289688
0.61,Ideal,H,VVS2,60.2,57.0,0.0600000000000005,2.1599999999999997,7.680295670466071
0.4,Ideal,E,VVS2,61.7,57.0,-0.03999999999999915,1.8399999999999994,6.992668632633179
1.25,Ideal,F,VS2,62.8,57.0,0.020000000000000462,2.54,9.098425870040346
0.81,Premium,J,SI1,61.8,57.0,0.05999999999999961,2.26,7.695320133948065
0.31,Ideal,H,VVS1,61.5,54.0,-0.02999999999999936,1.6999999999999997,6.549746250200252
1.05,Premium,H,SI1,61.9,58.0,0.04999999999999982,2.4400000000000004,8.48077357132694
1.5,Good,G,VS1,63.6,57.0,0.09000000000000075,2.5699999999999994,9.454954517549883
0.43,Very Good,F,SI2,61.6,59.0,-0.040000000000000036,1.8699999999999997,6.533152312502812
0.52,Very Good,E,SI1,58.4,58.0,-0.040000000000000036,2.23,7.2985763287136916
1.19,Ideal,G,VVS2,60.8,55.0,0.009999999999999787,2.71,9.201357630172447
0.78,Very Good,G,VS2,61.3,60.0,-0.07000000000000028,2.33,8.001335569301865
0.3,Premium,G,VVS2,61.2,58.0,-0.019999999999999574,1.69,6.389708957849371
0.32,Premium,H,SI2,60.4,59.0,0.03000000000000025,1.7299999999999995,6.221523666174964
0.78,Ideal,F,VS1,61.6,56.0,-0.019999999999999574,2.28,8.2219041781713
0.28,Very Good,G,VS2,62.0,56.0,-0.03000000000000025,1.6000000000000005,6.141623529265385
0.71,Ideal,H,SI1,61.3,58.0,-0.04999999999999982,2.2500000000000004,7.821374090324381
0.42,Premium,F,VS1,61.8,59.0,-0.020000000000000462,1.85,6.8808480517432296
1.5,Very Good,H,VS2,62.8,57.0,-0.04999999999999982,2.7299999999999995,9.278028542089212
1.0,Fair,D,SI1,64.9,59.0,0.07000000000000028,2.13,8.41418430946233
1.11,Premium,F,VVS2,59.2,59.0,0.03000000000000025,2.76,9.16652073064078
0.55,Ideal,F,VVS2,61.5,57.0,-0.02999999999999936,2.0399999999999996,7.70545530409464
1.34,Very Good,H,VVS2,59.7,60.0,-0.02999999999999936,2.92,9.068265117284628
0.83,Fair,H,SI2,65.1,59.0,0.03000000000000025,2.0199999999999996,7.688188966859284
0.4,Good,G,VVS2,61.4,64.0,-0.04999999999999982,1.83,6.823273342264867
1.52,Ideal,G,VS2,61.1,57.0,-0.0600000000000005,2.92,9.525823514293613
0.43,Ideal,E,VVS1,61.0,57.0,-0.03000000000000025,1.9099999999999997,7.218483285249212
0.53,Premium,E,VS2,59.8,58.0,0.009999999999999787,2.11,7.485349935635317
0.31,Premium,H,VVS1,60.6,59.0,-0.019999999999999574,1.73,6.541667647067092
0.31,Very Good,G,VVS1,63.4,57.0,0.040000000000000036,1.5700000000000003,6.713452989658992
0.5,Premium,E,SI2,61.4,58.0,0.020000000000000462,1.96,6.90860595157321
0.41,Premium,F,VVS1,61.3,59.0,0.05999999999999961,1.8100000000000005,7.13561874512885
0.31,Ideal,H,SI1,61.8,54.0,-0.020000000000000462,1.6700000000000004,6.145879362189078
0.31,Ideal,E,VS2,61.6,56.0,0.05999999999999961,1.6400000000000001,6.694107331504969
0.4,Ideal,D,VS2,62.3,57.0,0.03000000000000025,1.7699999999999996,6.982077201506923
1.02,Ideal,E,SI2,63.0,57.0,0.05000000000000071,2.3499999999999996,8.416652301094343
1.01,Premium,G,SI2,61.1,58.0,0.019999999999999574,2.47,8.35302918710395
0.27,Ideal,E,VS1,61.6,56.0,-0.03000000000000025,1.6099999999999999,6.264200969311126
1.36,Ideal,G,VVS2,61.1,57.0,-0.0600000000000005,2.8200000000000003,9.329555646695951
0.23,Very Good,G,VVS1,62.0,56.0,-0.029999999999999805,1.52,6.191908430420355
0.5,Premium,G,VS2,61.5,57.0,0.03000000000000025,1.9499999999999997,7.160913431335858
0.43,Very Good,D,SI2,63.4,57.0,0.02999999999999936,1.7400000000000002,6.675942025850278
2.02,Good,H,SI2,60.2,55.0,-0.10999999999999943,3.289999999999999,9.607337278425923
0.73,Premium,I,VS1,61.2,59.0,0.019999999999999574,2.2500000000000004,7.766339257289902
0.32,Good,I,VS2,63.4,55.0,-0.040000000000000036,1.6100000000000003,6.1398911484516105
0.31,Very Good,F,VS1,61.0,57.5,-0.019999999999999574,1.7199999999999998,6.448332746220893
1.22,Very Good,D,SI2,62.2,58.0,-0.0600000000000005,2.63,8.727430095683177
0.75,Very Good,E,SI1,63.6,56.0,-0.019999999999999574,2.1,7.902161378068477
0.43,Very Good,I,VS1,60.9,55.0,-0.10000000000000053,1.9800000000000004,6.649718261287403
0.71,Very Good,G,VS2,63.3,56.0,-0.07000000000000028,2.1300000000000003,7.850410963051655
0.76,Very Good,H,SI1,61.4,57.0,-0.05000000000000071,2.3100000000000005,7.85915526019854
0.9,Very Good,E,SI1,62.9,56.0,-0.03000000000000025,2.2800000000000002,8.334561023111501
1.02,Ideal,F,VS2,62.7,57.0,-0.02999999999999936,2.42,8.800677986577941
1.13,Ideal,H,SI2,60.4,56.0,0.08000000000000007,2.63,8.454872437358427
0.27,Very Good,E,VVS2,61.9,58.0,-0.040000000000000036,1.5899999999999999,6.322136386851365
1.54,Ideal,D,SI2,61.6,57.0,-0.040000000000000036,2.87,9.208433263025134
1.75,Very Good,G,VS2,62.6,58.0,-0.040000000000000036,2.88,9.676194359434385
1.11,Ideal,H,SI2,62.0,54.0,-0.02999999999999936,2.5299999999999994,8.438872826651156
2.07,Premium,H,SI1,61.2,60.0,0.08000000000000007,3.129999999999999,9.64997630781681
0.7,Very Good,E,SI1,63.5,58.0,0.03000000000000025,2.04,7.766039268653886
1.05,Very Good,E,SI2,62.2,59.0,-0.0699999999999994,2.4799999999999995,8.451220664012524
1.5,Fair,I,I1,66.1,57.0,0.08000000000000007,2.3600000000000003,8.328191512408113
0.72,Ideal,D,VS1,61.7,56.0,-0.040000000000000036,2.2399999999999998,8.178158296668549
1.72,Very Good,I,VVS2,62.7,58.0,-0.05999999999999961,2.8499999999999996,9.397914300701872
0.6,Very Good,F,SI1,62.4,56.0,-0.03000000000000025,2.0400000000000005,7.360411736467138
1.09,Ideal,G,VS2,62.3,57.0,0.02999999999999936,2.4700000000000006,8.838857734851743
0.71,Very Good,F,VVS2,62.1,60.0,-0.02999999999999936,2.1799999999999997,8.083472992666831
0.35,Ideal,E,SI2,61.4,56.0,-0.040000000000000036,1.77,6.286140775366125
1.2,Ideal,I,VVS2,62.9,55.0,-0.040000000000000036,2.5300000000000002,8.90558180758357
0.39,Very Good,E,SI2,59.1,56.0,-0.0600000000000005,1.9900000000000002,6.500809643258659
1.01,Ideal,D,VVS1,62.5,55.0,-0.05000000000000071,2.4300000000000006,9.327768044132865
0.31,Ideal,D,VS2,62.2,54.0,-0.03000000000000025,1.65,6.533355049953212
0.31,Very Good,H,VS2,63.1,57.0,0.02999999999999936,1.5700000000000003,6.379239226203822
0.34,Ideal,E,VVS1,62.1,57.0,-0.040000000000000036,1.7200000000000002,6.8947430058175785
0.31,Ideal,D,VS2,61.2,55.0,0.03000000000000025,1.6799999999999997,6.734509635408721
0.71,Ideal,I,VS1,61.8,56.0,-0.040000000000000036,2.1999999999999997,7.8079878373607725
0.3,Very Good,F,SI1,63.5,57.0,0.02999999999999936,1.54,6.296272333826108
0.8,Very Good,F,VS2,62.3,57.0,-0.03000000000000025,2.2500000000000004,8.159079382618922
1.72,Premium,G,VS1,59.4,60.0,-0.040000000000000036,3.2,9.628494563527813
1.07,Premium,H,SI1,58.9,59.0,0.04999999999999982,2.7399999999999998,8.515455566815502
0.38,Ideal,F,VVS1,62.3,54.0,-0.0600000000000005,1.79,6.90404892949472
0.57,Ideal,F,VVS1,61.3,56.0,0.03000000000000025,2.0700000000000003,7.828189618311899
0.4,Very Good,F,SI2,62.6,53.0,-0.04999999999999982,1.79,6.43112081432819
0.51,Ideal,F,VS2,59.2,56.0,0.05000000000000071,2.0999999999999996,7.367229922158574
0.32,Ideal,I,VVS1,62.4,55.0,0.040000000000000036,1.6199999999999997,6.6074702129765095
0.69,Fair,I,VS1,57.9,63.0,-0.03999999999999915,2.4399999999999995,7.604689561256602
1.11,Premium,G,SI2,61.5,58.0,-0.07000000000000028,2.59,8.437253087509111
1.01,Good,G,SI2,64.5,61.0,-0.0699999999999994,2.26,8.304224807369367
0.37,Ideal,J,IF,61.9,54.0,-0.04999999999999982,1.7999999999999998,6.542537332976468
0.33,Ideal,F,VVS2,62.4,56.0,-0.019999999999999574,1.67,6.688062602158742
0.51,Premium,F,SI1,61.4,59.0,0.0,1.9699999999999998,7.184825535922638
1.67,Very Good,J,SI1,62.3,59.0,-0.040000000000000036,2.8899999999999997,9.13176556184286
0.42,Very Good,D,VS1,58.4,61.0,-0.040000000000000036,2.0700000000000003,6.954987075518615
2.2,Premium,I,VS2,58.9,60.0,0.11000000000000121,3.4699999999999998,9.675026209573428
0.39,Ideal,E,IF,61.5,55.5,-0.040000000000000036,1.8399999999999999,7.141740513363397
0.87,Ideal,D,SI2,61.4,54.0,-0.04999999999999982,2.41,8.126701753766033
0.71,Premium,D,VS1,58.1,62.0,0.04999999999999982,2.4299999999999997,8.123968800659512
0.7,Ideal,D,SI1,62.3,53.0,-0.019999999999999574,2.1599999999999997,7.8930052447460435
0.52,Premium,E,VS2,62.8,55.0,0.040000000000000036,1.8900000000000001,7.456950814744218
0.4,Premium,G,SI1,61.4,60.0,-0.040000000000000036,1.83,6.571509499323787
2.01,Very Good,I,VS2,62.1,60.0,-0.04999999999999982,3.05,9.629778381776687
0.71,Good,E,VS2,63.2,57.0,-0.03000000000000025,2.1,7.929401101746878
1.09,Very Good,E,SI1,62.5,57.0,-0.0600000000000005,2.5,8.673979059928929
1.05,Premium,D,SI1,60.5,60.0,0.08999999999999986,2.5500000000000003,8.652339842126953
2.04,Very Good,H,SI1,62.5,61.0,-0.040000000000000924,3.04,9.667570598742797
0.51,Ideal,E,VVS1,61.9,54.0,0.05999999999999961,1.9300000000000002,7.726143090545741
1.14,Good,G,VS1,63.4,58.0,-0.05999999999999961,2.46,8.943009233320975
0.4,Very Good,E,VS1,60.1,58.0,-0.040000000000000036,1.9099999999999997,6.816480049388393
1.02,Very Good,F,VS2,62.8,57.0,-0.04999999999999982,2.4000000000000004,8.77617982879156
0.9,Premium,E,SI1,60.7,61.0,0.020000000000000462,2.42,8.335285009426837
0.52,Ideal,H,SI1,61.9,56.0,-0.05999999999999961,2.0199999999999996,7.055965827772554
0.59,Very Good,F,IF,62.8,56.0,-0.05000000000000071,2.0100000000000002,7.842725168302152
1.08,Premium,F,SI1,62.1,58.0,-0.040000000000000036,2.5200000000000005,8.632205711620264
0.72,Ideal,D,SI1,61.1,59.0,-0.040000000000000036,2.27,8.013975263448103
0.72,Premium,D,SI1,61.8,58.0,0.05999999999999961,2.18,7.924848452693272
0.71,Very Good,E,VS2,63.2,57.0,0.03000000000000025,2.07,7.9401500230321576
0.52,Ideal,E,SI1,63.0,54.0,0.040000000000000036,1.8800000000000003,7.267379672789106
0.34,Ideal,F,IF,62.3,54.0,-0.02999999999999936,1.71,6.91160453013696
0.71,Ideal,D,VS2,61.2,55.0,-0.040000000000000036,2.2500000000000004,8.115980516722406
0.72,Very Good,G,SI1,62.8,59.0,-0.04999999999999982,2.1500000000000004,7.790923069121767
0.31,Good,E,SI1,63.6,57.0,-0.019999999999999574,1.5699999999999998,6.269836187031718
1.15,Good,J,SI2,63.8,60.0,0.07000000000000028,2.3499999999999996,8.250364664779134
0.24,Ideal,H,VVS2,62.5,54.0,-0.029999999999999805,1.5,6.230618161987132
1.16,Ideal,G,SI2,61.6,55.0,-0.019999999999999574,2.62,8.54329097712412
0.24,Very Good,E,VVS2,60.0,57.0,-0.02999999999999936,1.6499999999999995,6.1983685490038845
0.38,Ideal,F,IF,62.2,54.0,-0.05000000000000071,1.7900000000000005,6.97044952175559
1.01,Very Good,F,VS2,62.0,60.0,-0.02999999999999936,2.4399999999999995,8.748872422795541
0.3,Ideal,H,IF,60.8,56.0,-0.020000000000000462,1.7200000000000002,6.495100791810337
2.09,Premium,J,VS1,61.2,59.0,-0.08999999999999986,3.250000000000001,9.546424661854875
1.11,Very Good,D,SI2,59.9,57.0,-0.020000000000000462,2.71,8.526612137777803
0.55,Ideal,E,VS1,62.2,55.0,0.040000000000000036,1.96,7.575054786770309
0.3,Ideal,E,SI1,61.6,57.0,0.03000000000000025,1.6400000000000001,6.43215103879639
0.5,Fair,H,VS1,66.5,60.0,0.08000000000000007,1.5999999999999996,7.018412878781517
0.3,Premium,D,VS2,61.0,58.0,-0.019999999999999574,1.6999999999999997,6.383285040615712
0.91,Very Good,F,SI1,59.7,55.0,-0.03000000000000025,2.5700000000000003,8.311600675066849
1.01,Good,I,SI1,58.4,64.0,0.02999999999999936,2.6900000000000004,8.288667377913034
0.92,Ideal,D,SI1,61.8,55.0,-0.03000000000000025,2.41,8.426701879006108
0.7,Premium,I,VS2,61.0,59.0,0.04999999999999982,2.19,7.624895306877
1.1,Premium,H,SI2,58.9,57.0,0.040000000000000036,2.79,8.388671515568594
1.17,Premium,G,SI1,62.6,55.0,0.04999999999999982,2.49,8.68410856607167
1.06,Premium,I,VS1,62.4,55.0,0.07000000000000028,2.42,8.602934235533485
0.9,Ideal,G,SI1,61.6,57.0,-0.07000000000000028,2.4200000000000004,8.273266605093081
1.28,Premium,H,SI1,62.3,58.0,0.05999999999999961,2.6000000000000005,8.802729045109617
1.02,Premium,H,SI1,62.9,59.0,0.03000000000000025,2.3600000000000003,8.449983470652695
0.71,Ideal,E,SI1,62.0,56.0,0.04999999999999982,2.1599999999999997,7.9196253432864525
0.34,Premium,H,VS2,61.1,58.0,-0.03000000000000025,1.7599999999999998,6.363709797941299
0.31,Ideal,I,VS2,61.6,55.0,-0.03000000000000025,1.7000000000000002,6.16780890319432
1.5,Ideal,I,VS2,60.0,61.0,-0.03000000000000025,2.9799999999999995,9.188177905099506
0.9,Premium,H,SI2,59.6,59.0,0.13999999999999968,2.4800000000000004,8.070526732353398
0.73,Very Good,E,VS1,61.5,57.0,-0.04999999999999982,2.2600000000000002,8.14705305940233
1.23,Very Good,E,VS2,58.9,59.0,-0.0699999999999994,2.92,9.108827716666884
1.54,Premium,J,VS2,59.3,59.0,0.040000000000000036,3.04,9.013995686500483
1.2,Ideal,I,I1,61.9,56.0,0.02999999999999936,2.59,8.238321356354328
1.29,Very Good,F,I1,58.2,61.0,-0.040000000000000036,3.0,8.393271604214586
0.46,Ideal,G,SI2,62.2,53.0,-0.03000000000000025,1.8900000000000006,6.632333097478644
0.76,Ideal,E,VS1,60.5,56.0,-0.04999999999999982,2.3800000000000003,8.270028056883286
1.04,Ideal,E,VVS2,61.0,57.0,0.040000000000000036,2.5500000000000007,9.193208549017404
1.06,Premium,I,SI2,60.9,58.0,0.040000000000000036,2.55,8.308171180120763
0.71,Ideal,E,SI2,62.3,57.0,-0.08000000000000007,2.1900000000000004,7.806283128336627
0.4,Very Good,D,VS1,62.9,55.0,-0.03999999999999915,1.7799999999999994,6.85938502111058
0.25,Ideal,E,VS2,60.6,57.0,-0.03000000000000025,1.6300000000000003,6.150432574626431
0.31,Good,H,VVS1,63.3,56.0,-0.020000000000000462,1.5900000000000003,6.494127627509295
0.77,Ideal,H,VS1,61.3,56.0,-0.05999999999999961,2.3299999999999996,8.050432312652259
0.32,Very Good,F,VS2,63.4,57.0,0.040000000000000036,1.5700000000000003,6.5620068327908445
0.38,Ideal,E,VS2,61.7,55.0,0.019999999999999574,1.7800000000000002,6.853511766280859
0.7,Good,I,SI1,61.6,63.0,-0.08999999999999986,2.2099999999999995,7.571506139645045
0.3,Good,G,VS1,63.3,56.0,-0.02999999999999936,1.5899999999999994,6.253376495959145
0.75,Premium,H,VS2,60.8,57.0,0.03000000000000025,2.29,7.876738736952204
0.74,Ideal,I,SI1,62.3,57.0,-0.03000000000000025,2.19,7.687171651822266
0.37,Ideal,E,VVS2,62.2,56.0,0.03000000000000025,1.7299999999999995,6.956323227519854
0.42,Ideal,G,VS2,61.8,56.0,-0.03000000000000025,1.8599999999999999,6.745865509289569
1.08,Ideal,I,VS2,61.8,54.0,0.02999999999999936,2.5,8.582399748321663
1.19,Very Good,I,VS1,59.9,61.0,-0.0600000000000005,2.79,8.754396077472078
0.3,Ideal,F,VS2,61.8,56.0,0.009999999999999787,1.6399999999999997,6.51011419465809
0.88,Ideal,E,SI2,62.2,57.0,-0.1200000000000001,2.3800000000000003,8.128636508752473
0.3,Very Good,H,VS1,62.9,54.0,-0.02999999999999936,1.6099999999999994,6.189876165538461
1.64,Premium,I,SI1,62.4,58.0,0.0600000000000005,2.8099999999999996,9.181634312608805
1.18,Ideal,E,VVS2,61.6,58.0,-0.040000000000000036,2.63,9.37308218779414
1.22,Very Good,G,VS1,61.2,58.0,-0.05000000000000071,2.6900000000000004,9.110140985991732
0.6,Ideal,G,VVS1,62.0,55.5,-0.04999999999999982,2.07,7.804156757428923
0.9,Good,F,SI1,62.8,64.0,0.1899999999999995,2.1700000000000004,8.162922341885125
1.01,Good,G,SI2,63.8,56.0,0.10000000000000053,2.2199999999999998,8.269062090264631
0.54,Ideal,I,VS1,61.9,54.0,-0.04999999999999982,2.0300000000000002,7.218860073030952
1.54,Ideal,H,SI2,61.8,57.0,0.08000000000000007,2.7799999999999994,9.070358872509955
1.01,Premium,F,SI2,62.2,59.0,0.03000000000000025,2.4,8.352132165347724
0.35,Ideal,I,VVS2,61.5,55.0,-0.020000000000000462,1.77,6.452540090222569
1.5,Very Good,F,VS2,62.6,59.0,-0.04999999999999982,2.7299999999999995,9.505319130261979
1.0,Fair,G,SI1,66.1,62.0,0.0699999999999994,2.0200000000000005,8.287116107592283
1.52,Very Good,J,VVS2,62.1,60.0,-0.03000000000000025,2.8000000000000007,9.088796747554403
1.44,Premium,G,VS1,61.8,57.0,0.1200000000000001,2.67,9.325721718916045
0.31,Good,G,VS2,63.5,58.0,-0.07000000000000028,1.5899999999999999,6.318557701697396
0.5,Very Good,F,SI1,61.6,60.0,-0.02999999999999936,1.9699999999999998,6.955072887787944
1.0,Ideal,I,SI1,61.4,56.0,0.0600000000000005,2.4499999999999997,8.326568005461514
0.33,Ideal,F,VVS1,62.4,55.0,-0.019999999999999574,1.67,6.794108235768973
0.4,Good,E,SI2,63.5,56.0,-0.03000000000000025,1.73,6.447203626477835
1.0,Premium,D,SI2,59.4,60.0,0.07999999999999918,2.6100000000000003,8.402114967835413
0.7,Ideal,E,VVS2,62.6,54.0,-0.04999999999999982,2.1500000000000004,8.111998489361515
0.51,Very Good,E,VS2,63.1,55.0,0.03000000000000025,1.8699999999999997,7.343026281398753
0.38,Ideal,H,VVS1,61.1,56.0,-0.03000000000000025,1.8399999999999999,6.739981100401703
1.27,Premium,I,I1,60.2,62.0,0.04999999999999982,2.7699999999999996,8.199223736956009
0.7,Ideal,D,VVS2,60.7,57.0,-0.03000000000000025,2.2800000000000002,8.265099400341706
0.28,Very Good,H,VVS2,62.4,54.0,-0.03000000000000025,1.6000000000000005,6.252605131771074
0.3,Ideal,E,VVS1,61.6,56.0,-0.040000000000000036,1.6799999999999997,6.572963685755683
0.91,Premium,E,SI2,62.8,61.0,0.019999999999999574,2.2500000000000004,8.139608460651553
0.96,Good,H,SI2,60.1,64.0,0.08000000000000007,2.51,8.06948065362108
1.23,Ideal,F,VS2,61.9,57.0,-0.040000000000000036,2.6400000000000006,9.107130588988017
1.01,Premium,D,VVS2,60.2,58.0,0.0600000000000005,2.57,9.186786433435284
0.5,Good,F,SI1,57.9,62.0,0.03000000000000025,2.17,7.003240490129258
0.73,Ideal,E,SI1,60.9,56.0,0.04999999999999982,2.25,7.989813210280837
0.57,Premium,F,SI2,61.4,56.0,0.08999999999999986,2.0100000000000002,7.1646812245368245
0.23,Ideal,F,VVS2,62.5,55.0,-0.020000000000000018,1.4899999999999998,6.241731326068539
0.9,Ideal,G,SI1,61.9,55.0,-0.05000000000000071,2.3900000000000006,8.28028781587552
0.32,Ideal,F,VS1,61.3,55.0,-0.03000000000000025,1.7399999999999998,6.540431270847726
0.38,Ideal,F,VS2,61.3,57.0,-0.02999999999999936,1.8199999999999998,6.633189509466005
1.0,Very Good,G,VVS2,63.5,55.0,0.0600000000000005,2.2800000000000002,8.831007220012856
0.52,Very Good,H,VS2,62.0,57.0,-0.040000000000000036,1.96,7.160120733340011
0.5,Very Good,I,VS2,61.7,58.0,-0.04999999999999982,1.98,6.903343043497886
0.32,Ideal,E,VS2,62.0,55.0,0.020000000000000462,1.6599999999999997,6.714424394975231
0.56,Premium,I,VVS1,60.6,59.0,0.040000000000000036,2.07,7.434994500808374
0.27,Ideal,G,VVS2,60.8,57.0,-0.020000000000000462,1.6600000000000001,6.329216709057176
0.32,Premium,H,VS2,60.5,59.0,0.040000000000000036,1.7199999999999998,6.475246093056996
0.8,Premium,H,VS1,62.0,60.0,0.05999999999999961,2.2100000000000004,8.069080837997227
0.3,Ideal,E,VS1,61.6,57.0,-0.03000000000000025,1.67,6.394147783459776
1.57,Premium,E,VS1,61.4,58.0,-0.040000000000000036,2.9000000000000004,9.630139791858703
0.51,Very Good,D,VS2,63.2,56.0,-0.040000000000000036,1.88,7.3105946370431765
1.09,Ideal,G,I1,61.0,56.0,-0.040000000000000036,2.6100000000000003,8.22399088783106
0.3,Premium,H,SI1,62.9,58.0,0.020000000000000462,1.5599999999999996,6.2745087143606435
0.42,Very Good,G,SI1,62.2,58.0,-0.019999999999999574,1.7999999999999998,6.601333758900684
0.76,Ideal,F,SI1,61.4,56.0,-0.040000000000000036,2.3,8.023479276441378
2.02,Very Good,H,SI1,61.1,58.0,-0.08999999999999986,3.2,9.667912770695127
1.58,Ideal,I,VS2,61.1,55.0,-0.04999999999999982,2.9400000000000004,9.250660777557187
1.5,Premium,E,SI1,61.5,58.0,-0.08000000000000007,2.8600000000000003,9.364572613050981
0.46,Ideal,H,SI1,61.2,56.0,-0.03000000000000025,1.9500000000000002,6.69025299393967
0.42,Good,F,SI2,64.1,56.0,0.040000000000000036,1.6799999999999997,6.566137997762938
1.2,Ideal,H,SI2,61.0,57.0,-0.0600000000000005,2.71,8.60163039334568
0.43,Good,J,SI2,63.7,57.0,-0.03000000000000025,1.75,6.33725808129488
0.4,Very Good,F,VS2,62.9,57.0,-0.02999999999999936,1.7599999999999998,6.698706558961132
0.84,Ideal,I,VS1,62.3,59.0,-0.04999999999999982,2.29,8.01299520348679
0.33,Ideal,D,VS2,61.9,53.0,-0.03000000000000025,1.7200000000000002,6.577217159565725
0.93,Ideal,G,IF,62.2,58.0,0.03000000000000025,2.34,8.80578515906689
2.28,Premium,J,VS2,62.4,58.0,0.09999999999999964,3.1099999999999994,9.559987907526104
1.01,Very Good,I,SI1,63.6,58.0,-0.05000000000000071,2.33,8.329301725460997
0.31,Premium,H,IF,61.0,58.0,-0.040000000000000036,1.7199999999999998,6.631896430493817
1.22,Premium,H,SI1,60.6,58.0,0.04999999999999982,2.6900000000000004,8.74093164267473
1.01,Good,E,SI1,63.4,59.0,-0.040000000000000036,2.3499999999999996,8.55154481414652
0.56,Premium,G,VS1,61.2,60.0,-0.040000000000000036,2.07,7.4999434219510785
0.91,Very Good,D,SI1,60.2,60.0,-0.04999999999999982,2.51,8.401002209068153
0.3,Very Good,J,VS1,61.2,61.0,-0.03000000000000025,1.69,6.007312796236075
0.72,Ideal,H,VVS1,61.8,55.0,-0.040000000000000036,2.22,8.051760794307508
1.0,Very Good,E,VS2,61.9,57.0,-0.03000000000000025,2.44,8.758807400757018
0.59,Ideal,G,VS2,62.9,56.0,0.019999999999999574,1.9700000000000002,7.430956838737
1.7,Ideal,H,VS2,62.4,57.0,0.05000000000000071,2.829999999999999,9.476786699996364
2.05,Premium,I,VS1,60.3,59.0,0.03999999999999915,3.250000000000001,9.666966055265314
0.9,Very Good,F,SI1,59.1,59.0,-0.04999999999999982,2.6099999999999994,8.31301912700778
0.7,Ideal,F,VS1,61.2,58.0,-0.03000000000000025,2.2300000000000004,8.009729582257751
0.51,Ideal,G,VS1,62.3,53.5,-0.04999999999999982,1.9499999999999997,7.3155979824726325
0.35,Good,E,VS2,57.8,60.0,-0.03000000000000025,1.98,6.5250044574755846
0.32,Premium,H,SI1,62.2,56.0,0.02999999999999936,1.6400000000000001,6.37288517986026
0.26,Premium,H,VS1,62.3,59.0,-0.040000000000000036,1.5599999999999996,6.119080156704863
0.91,Fair,D,VS2,65.1,63.0,0.019999999999999574,2.09,8.404558334604891
0.79,Very Good,E,SI1,60.4,59.0,-0.020000000000000462,2.3800000000000003,8.062716595003993
1.0,Very Good,F,VS1,58.1,62.0,-0.04999999999999982,2.79,8.820257880029382
0.72,Very Good,F,SI1,63.1,56.0,0.009999999999999787,2.09,7.8220732662403805
1.19,Premium,I,SI2,61.6,56.0,0.040000000000000036,2.6100000000000003,8.442272163550065
0.33,Premium,H,VS2,61.7,59.0,0.03000000000000025,1.6699999999999995,6.483853987703011
0.7,Ideal,H,SI1,62.1,56.0,0.07000000000000028,2.13,7.688519071279243
2.01,Ideal,I,VS2,66.7,56.0,0.09999999999999964,2.5100000000000007,9.55367508105703
0.7,Ideal,J,VS1,61.4,55.0,-0.03000000000000025,2.22,7.6094692241037984
1.55,Ideal,I,VVS2,61.3,59.0,-0.04999999999999982,2.9000000000000004,9.25621969071183
0.71,Premium,H,VS1,62.8,58.0,0.03000000000000025,2.1,7.845760121281171
1.22,Premium,H,SI1,61.9,56.0,0.04999999999999982,2.59,8.742202934019899
0.3,Very Good,H,VVS1,63.4,55.0,0.019999999999999574,1.56,6.48107437621154
0.56,Ideal,E,VS2,61.6,57.0,0.020000000000000462,2.03,7.5253335031761734
0.7,Premium,D,VS1,62.5,60.0,0.04999999999999982,2.0900000000000003,7.976844232596968
1.55,Ideal,I,VS2,62.6,56.0,-0.0600000000000005,2.79,9.21856252473869
0.9,Good,F,SI1,63.9,59.0,0.03000000000000025,2.1799999999999997,8.171599492182468
0.41,Very Good,J,VS1,60.8,61.0,-0.07000000000000028,1.9,6.473475134429167
1.7,Premium,G,VS2,59.0,58.0,-0.04999999999999982,3.2299999999999995,9.617253419080273
0.55,Ideal,G,IF,60.0,57.0,-0.05999999999999961,2.1699999999999995,7.725016021127011
0.3,Ideal,G,IF,62.6,56.0,-0.03000000000000025,1.6300000000000003,6.557304617034538
2.2,Premium,I,SI2,61.8,54.0,0.049999999999998934,3.2,9.593335883681656
0.39,Premium,E,VS2,59.7,59.0,0.040000000000000036,1.92,6.877683737796191
1.01,Premium,D,SI2,61.7,59.0,0.040000000000000036,2.43,8.413352194671795
1.13,Premium,J,SI2,59.7,59.0,0.08999999999999986,2.7,8.265877281371136
2.01,Very Good,I,SI2,60.5,59.0,-0.07000000000000028,3.2799999999999994,9.582941153091745
0.9,Very Good,H,VS1,60.5,63.0,-0.03000000000000025,2.44,8.340335307125656
1.7,Premium,I,VS2,61.2,59.0,0.07000000000000028,2.91,9.368610513770825
0.75,Premium,E,VS2,61.8,58.0,0.019999999999999574,2.22,8.061762788200156
0.41,Ideal,E,VS1,62.0,54.0,-0.03000000000000025,1.83,6.896019136677159
1.53,Very Good,G,VVS2,62.5,57.0,-0.04999999999999982,2.7800000000000002,9.55390494901935
0.4,Very Good,E,VVS1,63.8,56.0,-0.040000000000000036,1.7199999999999998,7.036178721624763
1.1,Very Good,E,SI2,60.1,62.0,-0.040000000000000036,2.6800000000000006,8.467996512112677
0.54,Ideal,G,VVS2,61.9,55.0,-0.09999999999999964,2.05,7.59639044367024
0.79,Ideal,H,VVS1,62.0,56.0,-0.040000000000000036,2.28,8.160452117417972
1.0,Premium,E,VS1,59.1,59.0,0.04999999999999982,2.65,8.865809497086886
1.41,Ideal,G,VS1,60.4,57.0,-0.08999999999999986,2.92,9.373022057517318
0.78,Fair,E,SI2,66.9,57.0,0.040000000000000036,2.06,7.749662796203173
0.7,Premium,H,VS1,60.6,59.0,0.0699999999999994,2.24,7.831373902554095
0.31,Ideal,F,IF,62.2,55.0,-0.03000000000000025,1.67,6.797621542771598
0.31,Ideal,G,IF,61.5,54.0,-0.009999999999999787,1.7000000000000002,6.7414354065122755
0.42,Premium,G,VS1,60.9,58.0,0.03000000000000025,1.8699999999999997,6.909371883564146
1.21,Premium,G,VVS2,59.6,60.0,-0.020000000000000462,2.8,9.188545381561147
0.33,Ideal,H,VS2,61.1,56.0,-0.040000000000000036,1.7800000000000002,6.317553880762915
0.7,Good,F,SI1,64.3,62.0,0.05999999999999961,1.9400000000000004,7.646303194550355
0.7,Fair,F,I1,65.9,57.0,0.13999999999999968,1.83,7.055973663029499
0.3,Ideal,G,VVS1,61.8,56.0,-0.040000000000000036,1.6800000000000002,6.468260175249975
0.9,Premium,E,SI1,62.2,59.0,0.04999999999999982,2.2800000000000002,8.311280842900148
0.35,Very Good,D,VS1,63.0,57.0,-0.02999999999999936,1.6799999999999997,6.658368140322807
0.93,Premium,E,I1,62.3,60.0,0.03000000000000025,2.33,7.849139067697865
0.71,Ideal,E,VS2,60.3,56.0,-0.040000000000000036,2.33,8.084490500230963
0.3,Ideal,E,VS2,62.1,55.0,0.02999999999999936,1.6300000000000003,6.558972298255339
1.07,Ideal,I,VS2,62.1,56.0,0.08000000000000007,2.45,8.557228848319651
0.42,Ideal,D,SI2,62.4,57.0,0.02999999999999936,1.79,6.701501527796071
0.75,Premium,J,VS1,61.6,57.0,0.040000000000000036,2.23,7.659035880916728
0.54,Ideal,D,VS2,61.9,55.0,-0.009999999999999787,2.0,7.497152552115279
1.51,Ideal,H,VS2,61.9,59.0,-0.04999999999999982,2.8099999999999996,9.317605991123006
1.09,Ideal,J,SI1,61.4,55.0,-0.05999999999999961,2.59,8.371351491235776
0.32,Premium,H,VS2,62.3,57.0,0.019999999999999574,1.6400000000000001,6.485593786848999
0.9,Good,G,IF,61.8,61.0,-0.04999999999999982,2.37,8.694909690501534
2.19,Very Good,I,SI2,60.3,60.0,-0.040000000000000924,3.3200000000000003,9.63843493185652
0.41,Ideal,G,VVS1,62.1,55.0,-0.04999999999999982,1.83,7.003337051933582
0.53,Premium,E,SI1,62.1,58.0,-0.08000000000000007,1.9900000000000002,7.258024804981517
0.35,Fair,F,VVS1,54.6,59.0,0.05999999999999961,2.16,6.922568948597913
0.61,Very Good,I,SI1,63.4,55.0,-0.040000000000000036,1.9999999999999996,7.16798537110287
0.59,Very Good,E,VS1,61.6,61.0,-0.03000000000000025,2.0700000000000003,7.6410137635969555
0.33,Ideal,G,VS1,61.9,56.0,0.040000000000000036,1.6800000000000006,6.650298833102432
0.27,Ideal,G,VS1,62.3,56.0,-0.020000000000000462,1.58,6.217195062006241
0.9,Ideal,H,SI2,62.0,57.0,0.020000000000000462,2.34,8.077364567993392
0.42,Premium,E,SI1,60.0,58.0,-0.040000000000000036,1.9699999999999998,6.740262543461022
1.22,Premium,H,SI2,60.2,56.0,0.03000000000000025,2.75,8.602561023888098
0.53,Very Good,E,SI1,61.6,58.0,-0.040000000000000036,2.0200000000000005,7.2474757475626665
0.74,Ideal,E,SI1,62.6,56.0,0.040000000000000036,2.12,7.914279889943761
0.97,Ideal,I,I1,61.6,53.0,-0.02999999999999936,2.4799999999999995,7.824764162059217
1.01,Very Good,E,VS1,62.0,57.0,0.08000000000000007,2.4,8.90280040849835
0.4,Ideal,J,VS1,61.5,58.0,-0.02999999999999936,1.8399999999999999,6.465747854221827
0.31,Ideal,G,IF,61.4,55.0,-0.040000000000000036,1.7100000000000004,6.7414354065122755
1.33,Ideal,H,SI1,62.7,56.0,0.04999999999999982,2.59,8.862439955722689
1.26,Premium,F,VS1,62.7,58.0,0.0699999999999994,2.54,9.193298505647038
0.91,Very Good,F,VS1,62.4,59.0,-0.009999999999999787,2.3200000000000003,8.594541528351446
1.03,Ideal,E,SI2,61.6,56.0,0.04999999999999982,2.46,8.444361039249722
0.71,Ideal,G,SI1,62.5,57.0,0.08000000000000007,2.09,7.789616699238403
0.74,Premium,E,SI2,61.3,59.0,0.04999999999999982,2.22,7.813679632260784
0.48,Ideal,G,SI1,61.4,56.0,-0.05000000000000071,1.9700000000000002,6.898701796259498
0.61,Good,F,VS1,61.9,60.0,-0.020000000000000462,2.0700000000000003,7.6584888678587655
0.8,Ideal,F,SI2,61.8,59.0,-0.019999999999999574,2.28,7.951772889941345
0.33,Premium,G,VVS2,62.8,57.0,0.08000000000000007,1.6099999999999999,6.735343171464752
2.5,Good,J,VS2,62.0,58.0,0.030000000000001137,3.26,9.622742745067752
2.01,Premium,I,VS2,60.3,62.0,0.05000000000000071,3.1900000000000004,9.609373777592898
1.07,Ideal,H,SI2,62.8,56.0,-0.05999999999999961,2.46,8.430473071586942
1.35,Very Good,I,SI2,61.0,60.0,-0.0600000000000005,2.8100000000000005,8.70117122760657
1.02,Ideal,D,SI1,61.7,56.0,-0.08999999999999986,2.52,8.693538822394027
0.4,Ideal,E,VS2,62.6,57.0,-0.03000000000000025,1.7800000000000002,6.7969006206521065
0.92,Premium,E,SI1,59.8,59.0,-0.040000000000000036,2.5700000000000003,8.342676590237513
1.01,Premium,H,SI2,61.9,60.0,0.02999999999999936,2.43,8.29768103223865
0.3,Premium,H,IF,62.9,58.0,0.03000000000000025,1.5699999999999998,6.6153163000162225
0.63,Ideal,E,VS1,61.9,55.0,-0.040000000000000036,2.1,7.8397164939765185
0.9,Ideal,H,SI1,61.1,58.0,0.04999999999999982,2.4000000000000004,8.212196726977696
0.71,Fair,F,SI1,57.0,68.0,0.17999999999999972,2.47,7.8383457195552575
0.4,Ideal,G,VVS1,60.8,54.0,-0.03000000000000025,1.9,6.984009727977985
0.91,Very Good,D,VS1,62.5,56.0,-0.040000000000000036,2.3299999999999996,8.690020422019195
0.59,Ideal,E,SI1,61.4,56.0,0.02999999999999936,2.0600000000000005,7.40664734203307
1.03,Ideal,H,VS2,61.2,56.0,-0.03000000000000025,2.5500000000000003,8.622153475643918
0.71,Good,F,SI1,63.9,57.0,-0.040000000000000036,2.0400000000000005,7.776076529980762
0.42,Ideal,D,SI1,61.7,56.0,-0.040000000000000036,1.8599999999999999,6.745168783972766
0.3,Very Good,I,VS1,58.8,61.0,-0.04999999999999982,1.8399999999999999,6.073252822956581
1.5,Very Good,D,SI2,59.8,63.0,0.0600000000000005,2.95,9.10871236373571
0.54,Ideal,H,SI1,62.1,56.0,-0.08000000000000007,2.0199999999999996,7.075061038177344
1.5,Good,I,VS2,57.8,60.0,0.040000000000000036,3.1500000000000004,9.138554619764172
0.46,Good,I,VVS1,63.5,57.0,-0.0600000000000005,1.81,6.920858168727337
1.06,Ideal,I,VS1,61.1,56.0,-0.020000000000000462,2.58,8.680582477593878
0.54,Premium,F,VS2,59.5,58.0,0.07000000000000028,2.12,7.43197491528462
0.3,Good,D,VVS2,63.6,55.0,-0.05999999999999961,1.5899999999999994,6.442156739917292
0.9,Good,E,SI1,63.8,56.0,-0.08000000000000007,2.26,8.308432084703902
0.5,Good,F,VS2,61.3,61.0,-0.04999999999999982,1.9899999999999998,7.145179511259996
0.5,Ideal,D,VS2,60.1,59.0,-0.03000000000000025,2.07,7.318395629460062
1.64,Ideal,I,VS2,60.6,57.0,-0.03000000000000025,3.04,9.285741270659466
1.42,Very Good,G,VVS2,62.6,60.0,-0.03000000000000025,2.6899999999999995,9.413387465675976
0.42,Ideal,D,VVS2,61.7,57.0,0.020000000000000462,1.8299999999999996,7.189183852752023
0.5,Very Good,J,SI2,60.7,57.0,-0.019999999999999574,2.02,6.662611847162982
0.77,Premium,F,SI1,60.0,61.0,0.040000000000000036,2.36,7.977579048226156
0.41,Ideal,G,SI2,60.9,56.0,0.03000000000000025,1.8699999999999997,6.583889489633404
0.32,Ideal,G,VVS2,62.0,55.0,-0.040000000000000036,1.7000000000000002,6.572739855473286
0.36,Premium,H,SI1,61.3,57.0,0.040000000000000036,1.7700000000000005,6.479239349274707
1.12,Premium,H,SI2,62.4,58.0,-0.04999999999999982,2.51,8.408667232757558
0.4,Very Good,G,VS1,62.9,54.8,-0.04999999999999982,1.7799999999999998,6.727384773685867
1.0,Ideal,H,SI1,61.4,55.0,0.04999999999999982,2.47,8.456770393426428
0.34,Ideal,F,VS1,61.1,55.0,-0.040000000000000036,1.7900000000000005,6.628637327356961
0.3,Ideal,D,VS2,61.8,55.0,0.040000000000000036,1.63,6.5906108474195095
0.3,Premium,E,SI2,61.6,61.0,0.040000000000000036,1.62,6.249721378058587
0.7,Ideal,F,VS2,62.0,57.0,0.040000000000000036,2.14,7.8458662633735266
0.35,Ideal,E,VVS1,60.7,57.0,-0.040000000000000036,1.8100000000000005,6.893046755259125
0.35,Very Good,F,SI2,61.2,55.0,-0.010000000000000675,1.7800000000000002,6.201856493753487
1.01,Ideal,E,VS1,62.7,55.0,-0.04999999999999982,2.42,8.946587031279632
2.26,Ideal,H,SI2,62.2,56.0,0.030000000000001137,3.1499999999999995,9.598365402356173
1.03,Fair,G,SI2,65.6,58.0,0.040000000000000036,2.1399999999999997,8.201867473804741
1.01,Good,H,SI1,63.7,60.0,0.04999999999999982,2.2699999999999996,8.380118797353958
0.5,Premium,F,VS2,62.4,60.0,0.03000000000000025,1.8899999999999997,7.20877505904733
0.91,Ideal,F,VS2,62.8,57.0,-0.020000000000000462,2.31,8.5098326408926
0.25,Very Good,G,VVS1,59.4,63.0,-0.040000000000000036,1.6800000000000002,6.259695854965135
2.19,Premium,H,SI1,61.6,58.0,0.049999999999998934,3.170000000000001,9.64997630781681
0.57,Ideal,E,SI1,61.5,56.0,-0.02999999999999936,2.07,7.378132391057234
0.32,Ideal,E,VS1,61.5,56.0,-0.020000000000000462,1.7000000000000002,6.576658643655541
0.5,Very Good,D,VS2,63.3,58.0,-0.019999999999999574,1.8599999999999999,7.182925432697891
1.22,Ideal,I,SI1,61.9,56.0,0.040000000000000036,2.59,8.662467980038773
0.41,Good,I,VS1,63.7,57.0,-0.04999999999999982,1.7299999999999995,6.545621096111865
1.49,Fair,F,SI1,59.6,63.0,-0.13999999999999968,3.01,9.245296249533144
0.71,Fair,H,SI1,65.9,57.0,0.05999999999999961,1.8500000000000005,7.627814428078056
1.0,Premium,E,VS2,60.0,60.0,0.0,2.5399999999999996,8.74966336136417
1.01,Premium,H,SI1,60.5,58.0,0.08000000000000007,2.4999999999999996,8.441384941972839
1.62,Ideal,E,VS2,61.4,57.0,0.040000000000000036,2.9000000000000004,9.612065492483948
1.02,Very Good,F,SI1,60.7,59.0,-0.05999999999999961,2.59,8.61114782028755
0.23,Good,G,VVS1,56.2,60.0,-0.05000000000000071,1.8500000000000005,6.140068035014597
0.79,Ideal,G,SI1,62.3,57.0,0.05000000000000071,2.1899999999999995,7.900109435865259
0.7,Very Good,I,SI1,63.0,56.0,-0.04999999999999982,2.1100000000000003,7.564072628675078
0.43,Ideal,H,SI1,61.9,55.0,-0.040000000000000036,1.87,6.5858058213689
0.31,Ideal,H,VS1,62.0,53.0,-0.03000000000000025,1.67,6.311667430052613
1.01,Premium,E,SI1,62.8,57.0,0.040000000000000036,2.3600000000000003,8.56744251327934
0.33,Ideal,E,VVS2,61.0,54.0,-0.02999999999999936,1.7699999999999996,6.728860091268725
0.35,Very Good,H,VS2,60.1,56.0,-0.02999999999999936,1.8599999999999999,6.335697422124458
0.31,Premium,I,SI1,61.4,61.0,0.04999999999999982,1.6599999999999997,6.239535932871329
0.51,Ideal,E,VS2,62.0,54.0,0.03000000000000025,1.9299999999999997,7.384712181768447
1.57,Very Good,H,SI1,62.4,58.0,-0.10000000000000053,2.8500000000000005,9.2892008270682
1.01,Very Good,E,SI1,63.1,57.0,-0.11000000000000032,2.41,8.58150469802828
1.52,Premium,E,SI2,62.0,62.0,0.07000000000000028,2.6899999999999995,9.101297452818953
1.01,Premium,E,VS2,58.0,61.0,0.03000000000000025,2.56,8.73368393816024
0.58,Very Good,F,SI1,63.1,57.0,-0.02999999999999936,1.9699999999999998,7.253636340899794
1.09,Premium,I,SI1,61.6,61.0,0.0699999999999994,2.5,8.423753325144547
0.42,Premium,E,VS1,62.2,59.0,-0.03000000000000025,1.8199999999999998,6.91484488560779
0.32,Ideal,G,IF,61.7,56.0,-0.03000000000000025,1.6999999999999997,6.769268037961314
0.9,Very Good,F,SI2,61.0,61.0,-0.040000000000000036,2.42,8.16775315845826
0.53,Ideal,H,VS1,61.7,56.0,-0.020000000000000462,2.0100000000000002,7.30272681635203
1.51,Ideal,G,VS2,62.3,54.0,0.019999999999999574,2.76,9.489194746803332
0.45,Ideal,F,VVS1,61.8,55.0,-0.03000000000000025,1.9000000000000004,7.202301553336869
0.41,Ideal,G,IF,62.4,54.0,-0.05000000000000071,1.83,7.083975436142596
0.3,Very Good,D,VS2,62.9,58.0,-0.02999999999999936,1.5899999999999999,6.336812127333153
0.53,Ideal,E,VS2,60.0,57.0,0.05999999999999961,2.08,7.508027906731162
0.7,Very Good,H,VS2,63.0,55.4,-0.03000000000000025,2.12,7.714115079750914
0.57,Ideal,H,VVS1,61.6,56.0,-0.02999999999999936,2.07,7.595145577728749
1.04,Premium,G,SI1,62.7,59.0,0.05999999999999961,2.37,8.515627664267953
0.3,Ideal,I,VVS2,62.1,56.0,-0.019999999999999574,1.6399999999999997,6.2402444436658495
0.33,Ideal,E,SI1,59.6,57.0,0.040000000000000036,1.8000000000000003,6.530264067131292
2.32,Premium,I,SI1,61.2,58.0,0.05000000000000071,3.289999999999999,9.659415632118431
0.3,Ideal,E,VVS2,61.9,59.0,-0.03000000000000025,1.65,6.4856925979868025
0.72,Very Good,I,VS2,63.3,55.0,-0.040000000000000036,2.12,7.706149005156546
0.9,Good,H,SI1,59.0,62.0,-0.03999999999999915,2.5799999999999996,8.181243721721238
1.51,Very Good,I,VS1,63.1,53.0,0.08999999999999986,2.6500000000000004,9.191765353968316
1.51,Very Good,E,VS2,63.2,56.0,0.0600000000000005,2.6399999999999997,9.52183556630251
0.51,Ideal,H,SI2,62.1,55.0,-0.019999999999999574,1.9599999999999995,6.848763575611678
1.19,Premium,I,SI2,61.6,56.0,0.040000000000000036,2.6100000000000003,8.442272163550065
0.4,Very Good,D,VS2,63.6,55.0,-0.040000000000000036,1.7299999999999995,6.7910140950278945
1.03,Ideal,F,VS2,62.3,56.0,0.02999999999999936,2.4400000000000004,8.795150099701113
1.14,Premium,J,SI2,62.3,56.0,0.07000000000000028,2.49,8.295058010297634
0.3,Ideal,E,VVS2,62.3,54.1,-0.05999999999999961,1.65,6.486770258327669
0.3,Very Good,D,VS2,62.5,58.0,-0.03000000000000025,1.62,6.336812127333153
0.61,Ideal,F,VVS2,61.5,55.0,-0.0600000000000005,2.1500000000000004,7.8850752117669565
1.01,Very Good,F,VS2,62.8,59.0,-0.08000000000000007,2.41,8.748872422795541
0.55,Ideal,F,VS2,61.7,56.0,-0.040000000000000036,2.04,7.434126100535416
1.88,Very Good,I,VS2,62.2,57.0,-0.07000000000000028,2.99,9.440203363772598
1.06,Very Good,D,SI2,60.1,58.0,-0.040000000000000036,2.6599999999999997,8.499882648817934
1.66,Very Good,G,VS2,63.2,56.0,0.1200000000000001,2.7200000000000006,9.542599284836045
0.91,Premium,H,SI1,63.0,57.0,0.09000000000000075,2.2299999999999995,8.16212682498249
1.34,Premium,H,SI2,61.6,60.0,0.08000000000000007,2.6499999999999995,8.669489450201413
1.21,Premium,F,SI1,61.1,61.0,0.040000000000000036,2.6100000000000003,8.812269028683103
0.33,Ideal,G,IF,61.6,53.0,-0.040000000000000036,1.7299999999999995,6.803615257965732
1.0,Very Good,F,SI2,61.3,61.0,-0.02999999999999936,2.4799999999999995,8.3735045945479
0.3,Very Good,E,SI2,61.9,58.0,-0.02999999999999936,1.6499999999999995,6.033502933598228
0.7,Very Good,E,VS1,62.8,57.0,-0.02999999999999936,2.1199999999999997,7.936433197495606
0.72,Very Good,E,VS2,62.9,57.0,-0.05000000000000071,2.1400000000000006,7.964236611693462
0.31,Ideal,G,VS2,62.0,57.0,0.03000000000000025,1.6399999999999997,6.57026492316389
1.19,Ideal,F,VVS2,60.8,57.0,0.019999999999999574,2.67,9.343239722308807
1.13,Ideal,F,SI1,59.6,57.0,0.040000000000000036,2.7300000000000004,8.699893965926382
2.05,Premium,G,SI2,60.1,59.0,0.10000000000000142,3.2399999999999993,9.555240678008076
1.01,Very Good,E,VVS2,60.2,60.0,-0.040000000000000036,2.6,9.134093296109466
0.73,Ideal,E,SI1,60.1,56.0,0.040000000000000036,2.33,8.003301828751802
1.05,Premium,H,SI1,61.9,58.0,-0.04999999999999982,2.49,8.510394745232565
0.31,Ideal,H,VS2,63.0,57.0,0.019999999999999574,1.5900000000000003,6.46023892991572
0.64,Premium,H,SI1,60.0,59.0,0.05999999999999961,2.2100000000000004,7.477170796244581
1.09,Good,F,SI2,63.2,58.0,-0.04999999999999982,2.42,8.392553424131949
1.62,Premium,G,VS1,60.7,58.0,0.08000000000000007,2.9400000000000004,9.575185200309967
0.71,Ideal,E,VS1,59.7,57.0,-0.020000000000000462,2.37,8.143767630408743
1.17,Good,D,SI2,57.4,59.0,0.0699999999999994,2.9400000000000004,8.468561757783627
1.03,Premium,E,SI2,61.4,58.0,0.040000000000000036,2.48,8.412877967473205
2.29,Very Good,H,SI2,63.4,57.0,0.07000000000000028,3.0300000000000002,9.572484519722789
0.72,Ideal,H,SI2,61.3,55.0,-0.02999999999999936,2.26,7.72260930114485
1.01,Ideal,G,VS1,61.5,56.0,0.05000000000000071,2.4599999999999995,8.832218858682781
0.7,Ideal,D,SI2,62.1,55.0,-0.05000000000000071,2.1900000000000004,7.772206966060383
0.56,Premium,F,SI1,60.8,58.0,-0.03000000000000025,2.0999999999999996,7.289733401896937
1.01,Good,I,SI2,61.8,62.0,-0.0699999999999994,2.4499999999999997,8.227658038848016
0.36,Premium,G,SI2,62.4,58.0,0.020000000000000462,1.7099999999999995,6.376844697971523
0.9,Very Good,F,SI2,61.8,60.0,-0.009999999999999787,2.3499999999999996,8.175038632122295
1.26,Premium,F,VS1,62.7,58.0,-0.0699999999999994,2.6099999999999994,9.213357858508866
0.72,Premium,J,SI1,62.1,59.0,0.040000000000000036,2.15,7.505838534665756
0.53,Ideal,G,VS2,60.9,56.0,0.040000000000000036,2.03,7.3962344170772845
1.65,Ideal,E,SI2,58.7,56.0,0.02999999999999936,3.1800000000000006,9.20247779287557
1.01,Good,E,SI2,63.9,58.0,0.0600000000000005,2.26,8.323176817060267
1.1,Premium,E,SI1,62.9,58.0,0.07000000000000028,2.41,8.641723588867976
0.52,Premium,F,SI1,58.6,61.0,0.019999999999999574,2.18,7.261713363056621
1.2,Premium,H,SI2,62.3,58.0,-0.04999999999999982,2.579999999999999,8.567554078977253
0.3,Ideal,G,VVS1,62.6,54.0,-0.03000000000000025,1.6100000000000003,6.468260175249975
0.6,Ideal,E,VS1,61.7,55.0,-0.03000000000000025,2.0900000000000003,7.734454869089115
0.3,Ideal,F,VVS1,61.8,54.0,-0.020000000000000462,1.6700000000000004,6.515382960198623
4.13,Fair,H,I1,64.8,61.0,0.15000000000000036,3.42,9.381491100762776
1.23,Premium,G,VS1,59.6,60.0,-0.04999999999999982,2.84,9.09618133241405
1.55,Ideal,I,VS1,61.2,55.0,0.020000000000000462,2.8899999999999997,9.251032999360422
0.91,Very Good,D,SI1,63.1,59.0,0.040000000000000036,2.2399999999999998,8.328223028071173
0.6,Good,I,VS1,60.1,62.0,-0.07000000000000028,2.2100000000000004,7.401284543876162
1.02,Very Good,D,SI1,63.3,60.0,-0.04999999999999982,2.3600000000000003,8.629671129253916
1.24,Ideal,F,SI2,61.7,57.0,0.04999999999999982,2.6100000000000003,8.67258941641207
0.3,Ideal,F,IF,62.1,55.0,-0.02999999999999936,1.6599999999999997,6.590189610035042
0.51,Ideal,E,VS2,62.0,56.0,-0.040000000000000036,1.9700000000000002,7.340071301792867
0.31,Premium,H,VS1,61.4,56.0,0.019999999999999574,1.6800000000000002,6.483566634150537
1.06,Ideal,H,SI1,61.4,55.0,0.040000000000000036,2.5300000000000002,8.539721782492851
1.2,Very Good,F,SI2,63.3,59.0,0.040000000000000036,2.4299999999999997,8.549117432198406
1.08,Good,J,VS2,64.3,58.0,0.019999999999999574,2.29,8.367406304038989
0.9,Premium,G,SI1,62.7,59.0,-0.040000000000000036,2.3,8.224424070608933
0.35,Very Good,G,VVS2,62.8,58.0,-0.040000000000000036,1.6800000000000006,6.620684781069417
0.51,Very Good,E,SI1,62.9,55.0,-0.0600000000000005,1.92,7.086062002204469
0.34,Good,D,SI1,63.1,57.0,-0.019999999999999574,1.65,6.40551377321411
0.5,Premium,E,VS2,61.0,59.0,0.05999999999999961,1.9600000000000004,7.250893461469224
0.37,Very Good,H,VS2,63.5,59.0,-0.040000000000000036,1.67,6.40406571169694
0.71,Good,F,VS2,57.8,60.0,-0.03000000000000025,2.5000000000000004,7.961063870652115
0.7,Fair,F,SI2,57.1,64.0,-0.05000000000000071,2.5300000000000002,7.645556000378432
1.0,Good,E,SI1,62.6,61.0,-0.03000000000000025,2.37,8.531211674556017
1.67,Ideal,F,VS2,61.8,57.0,0.040000000000000036,2.88,9.671998237695323
0.43,Ideal,G,IF,61.3,55.0,-0.02999999999999936,1.8999999999999995,7.1461379001878
0.7,Premium,F,SI2,58.8,58.0,0.05000000000000071,2.3599999999999994,7.6817030731294285
0.31,Ideal,G,SI2,61.6,55.6,-0.03000000000000025,1.6800000000000002,6.11111387182609
0.52,Ideal,H,VVS1,60.7,57.0,-0.019999999999999574,2.07,7.536573334241188
1.5,Good,E,SI1,58.9,61.0,-0.07000000000000028,3.0999999999999996,9.304836159881992
0.72,Very Good,E,SI2,62.2,59.0,-0.07000000000000028,2.21,7.809610152137068
0.3,Ideal,I,VS1,61.6,56.0,0.05000000000000071,1.6399999999999997,6.31350044299198
1.03,Premium,E,SI2,61.0,60.0,-0.07000000000000028,2.5700000000000003,8.43756689495495
0.5,Ideal,E,VS2,60.5,56.0,0.019999999999999574,2.0300000000000002,7.30952233312637
1.01,Very Good,G,VS2,61.6,58.0,-0.04999999999999982,2.49,8.72054074522711
1.21,Ideal,H,SI1,62.1,59.0,0.05999999999999961,2.54,8.702831559267183
1.59,Very Good,H,VS2,60.7,61.1,-0.05999999999999961,2.9899999999999993,9.328278522448784
0.3,Premium,F,VS2,62.5,58.0,0.020000000000000462,1.5899999999999999,6.496764070212692
0.52,Ideal,E,VVS2,61.8,56.0,-0.03000000000000025,1.9900000000000002,7.699618200255141
1.1,Premium,E,SI1,60.7,55.0,0.08999999999999986,2.59,8.691138516680468
0.41,Premium,G,SI1,61.5,59.0,0.03000000000000025,1.8199999999999998,6.731597197310261
0.7,Premium,I,VS2,60.8,59.0,-0.03000000000000025,2.25,7.623860556791782
1.01,Ideal,G,VVS2,61.6,54.0,-0.040000000000000036,2.5300000000000002,8.959740783211947
0.8,Ideal,G,SI1,62.5,57.0,0.040000000000000036,2.2,7.984217670312595
0.3,Ideal,G,IF,62.2,55.0,-0.020000000000000462,1.6400000000000001,6.557304617034538
1.53,Ideal,G,VS1,62.2,56.0,0.05000000000000071,2.75,9.544257833017156
0.72,Ideal,H,VS1,61.9,56.0,0.04999999999999982,2.1700000000000004,7.8900833731116995
1.23,Premium,I,SI2,62.4,58.0,0.040000000000000036,2.5500000000000007,8.497718605205096
0.4,Premium,I,VVS1,59.5,59.0,-0.03000000000000025,1.9500000000000002,6.750229546520474
1.5,Premium,J,SI2,61.3,59.0,0.04999999999999982,2.8200000000000003,8.879482999999867
2.32,Premium,J,SI2,59.0,59.0,0.049999999999998934,3.5300000000000002,9.5325060703162
0.53,Good,F,SI1,63.8,56.0,0.03000000000000025,1.85,7.164866895541165
1.0,Good,I,VS1,63.9,56.0,0.1900000000000004,2.17,8.32157960990282
1.15,Ideal,F,VVS2,62.1,55.0,-0.04999999999999982,2.5700000000000003,9.272396475867149
1.21,Premium,G,VVS1,60.1,61.0,0.07000000000000028,2.71,9.225392338751586
0.72,Ideal,G,VVS2,61.0,56.0,-0.040000000000000036,2.29,8.114299070097823
0.9,Very Good,D,SI1,62.8,59.0,-0.040000000000000036,2.3099999999999996,8.371526002655179
0.31,Very Good,G,SI2,62.3,57.0,-0.040000000000000036,1.6600000000000001,6.071110161744243
1.21,Premium,G,VS2,63.0,58.0,0.04999999999999982,2.45,8.956291480976285
0.56,Premium,G,SI1,61.7,58.0,0.019999999999999574,2.02,7.233774678732864
1.07,Very Good,G,VS1,60.9,55.0,-0.040000000000000036,2.6099999999999994,8.936981471212231
0.4,Ideal,G,VVS2,61.5,57.0,-0.019999999999999574,1.8399999999999999,6.88572177939018
1.09,Very Good,H,VS1,60.2,61.0,-0.040000000000000036,2.6800000000000006,8.718473251575224
0.44,Very Good,E,VS1,59.7,59.0,-0.0699999999999994,2.0399999999999996,6.94930705450931
1.34,Ideal,E,VVS2,62.6,54.0,-0.020000000000000462,2.6500000000000004,9.506906200960763
0.39,Very Good,G,VS2,63.4,57.0,0.040000000000000036,1.6799999999999997,6.8000559059682475
0.54,Ideal,I,SI1,61.4,56.0,-0.019999999999999574,2.0399999999999996,6.9837412571735324
1.72,Ideal,J,SI1,62.0,57.0,0.040000000000000036,2.88,9.187558831205244
1.51,Very Good,E,SI1,62.8,59.0,-0.040000000000000036,2.7299999999999995,9.341930696067395
0.92,Ideal,H,VS2,62.2,55.0,-0.05999999999999961,2.3899999999999997,8.352726007665659
0.4,Good,G,VS1,59.6,61.0,-0.0600000000000005,1.9800000000000004,6.716006126036148
0.31,Very Good,H,VS1,63.1,57.0,0.03000000000000025,1.5799999999999996,6.4051993350183
1.03,Premium,F,SI2,61.6,58.0,-0.03000000000000025,2.4899999999999998,8.404543619773385
0.3,Ideal,D,SI2,63.0,55.0,0.009999999999999787,1.5699999999999998,6.291722280293308
0.3,Very Good,D,SI2,62.2,59.0,-0.04999999999999982,1.6399999999999997,6.0544879720296665
0.27,Very Good,E,VVS2,63.8,54.0,-0.03000000000000025,1.4899999999999998,6.323214047192232
0.71,Ideal,D,SI2,62.5,57.0,-0.03000000000000025,2.1600000000000006,7.817815019460852
0.53,Ideal,G,IF,61.8,57.0,-0.040000000000000036,2.01,7.699756466936829
0.34,Ideal,G,VS2,61.9,55.0,0.040000000000000036,1.7000000000000002,6.649950129534962
0.23,Good,E,VS1,64.3,59.0,-0.03000000000000025,1.3900000000000001,5.917870455988758
0.3,Ideal,D,SI1,61.9,54.0,-0.019999999999999574,1.6599999999999997,6.255268801404395
0.35,Ideal,G,VS1,62.6,54.0,0.040000000000000036,1.6799999999999997,6.704157669607249
1.04,Ideal,E,SI1,62.6,53.0,-0.02999999999999936,2.4499999999999993,8.63813472976802
0.51,Ideal,G,VVS2,61.8,56.0,-0.040000000000000036,1.9900000000000002,7.506010555677282
0.34,Premium,G,VS2,60.3,58.0,-0.040000000000000036,1.81,6.457126501222002
1.51,Ideal,F,VS2,62.2,53.0,0.040000000000000036,2.75,9.545438959326917
0.37,Ideal,E,VS1,61.2,56.0,0.03000000000000025,1.7899999999999996,6.86830833160144
0.31,Premium,I,VVS2,62.1,58.0,0.040000000000000036,1.63,6.4982958975608085
2.08,Premium,H,SI2,59.7,59.0,0.09000000000000163,3.3099999999999987,9.572135526870326
0.72,Premium,J,SI1,62.0,58.0,0.02999999999999936,2.1700000000000004,7.505838534665756
0.3,Very Good,D,SI1,63.1,56.0,0.040000000000000036,1.5500000000000003,6.364721694182245
1.38,Premium,J,SI1,59.0,59.0,0.05999999999999961,2.9800000000000004,8.768460570399101
0.59,Ideal,D,SI1,61.2,56.0,0.04999999999999982,2.07,7.444517118369207
0.42,Premium,E,VS2,60.9,59.0,0.040000000000000036,1.8699999999999997,6.948430102971098
0.92,Very Good,E,SI1,60.7,59.0,-0.03000000000000025,2.4800000000000004,8.37857518221261
0.9,Good,F,SI1,63.6,59.0,-0.04999999999999982,2.24,8.24468827561101
1.04,Very Good,I,SI2,59.6,57.0,-0.020000000000000462,2.68,8.305810534973283
1.64,Very Good,G,SI2,60.9,57.0,-0.040000000000000036,2.99,9.210198231473523
0.53,Ideal,D,SI2,61.4,56.0,0.020000000000000462,2.01,7.187608075379402
0.71,Ideal,E,VS1,62.0,56.0,-0.020000000000000462,2.1900000000000004,8.110248063319538
0.32,Good,D,SI2,64.1,54.0,0.03000000000000025,1.5499999999999998,6.303591120491875
1.22,Premium,I,SI1,62.2,57.0,0.08000000000000007,2.54,8.616208605056029
0.32,Ideal,I,VS2,61.5,56.0,0.009999999999999787,1.6900000000000004,6.381701064179643
0.73,Ideal,D,VS2,61.6,56.0,-0.040000000000000036,2.2500000000000004,8.134763214858989
0.91,Ideal,I,SI2,61.6,57.0,-0.009999999999999787,2.4000000000000004,8.062591309007594
1.0,Ideal,H,SI2,62.0,56.0,-0.04999999999999982,2.4599999999999995,8.362765798134722
0.32,Ideal,G,VVS1,61.9,56.0,0.010000000000000675,1.6699999999999995,6.825753939143686
0.76,Premium,E,SI1,58.3,62.0,0.16999999999999993,2.43,7.954144344561618
1.6,Ideal,I,SI1,62.0,55.0,-0.05999999999999961,2.8999999999999995,9.235058437081792
1.0,Fair,H,VVS2,65.1,57.0,0.03999999999999915,2.16,8.537274527031354
0.71,Ideal,E,VVS1,61.9,55.0,-0.03999999999999915,2.2099999999999995,8.308706379645598
0.72,Premium,I,IF,63.0,57.0,0.019999999999999574,2.1,7.86322274830905
0.51,Good,E,SI1,63.3,59.0,-0.040000000000000036,1.88,7.048495203449306
0.32,Very Good,H,SI2,63.2,55.0,0.020000000000000462,1.5899999999999999,6.160441289482244
1.18,Very Good,G,SI1,60.8,58.0,-0.040000000000000036,2.6999999999999993,8.742091321145137
0.71,Ideal,H,VS1,62.1,55.0,-0.040000000000000036,2.1799999999999997,7.899173586403897
0.71,Ideal,J,VS2,62.4,54.0,-0.040000000000000036,2.1799999999999997,7.595291678836288
1.05,Very Good,H,VS2,63.2,58.0,0.07000000000000028,2.33,8.589688221297546
1.26,Ideal,J,SI2,62.5,53.0,-0.040000000000000036,2.6000000000000005,8.534246016114848
1.01,Premium,H,SI2,61.9,61.0,0.04999999999999982,2.38,8.290395558574614
1.2,Very Good,I,VS2,60.5,60.0,-0.0699999999999994,2.76,8.737423846447841
1.27,Premium,I,VS1,62.2,59.0,-0.04999999999999982,2.63,8.841633050576545
0.77,Very Good,J,VVS1,62.8,58.0,-0.05999999999999961,2.19,7.798785343397998
0.93,Very Good,I,VS1,62.5,58.0,-0.04999999999999982,2.36,8.299484041793757
0.7,Good,F,I1,63.9,60.0,0.13000000000000078,1.9399999999999995,7.119749639453727
0.35,Ideal,I,VS2,62.5,57.0,0.03000000000000025,1.6800000000000002,6.446789558527732
0.41,Premium,G,VVS2,61.4,58.0,-0.04999999999999982,1.8699999999999997,6.907427615868402
0.73,Ideal,D,VS2,61.4,56.0,0.02999999999999936,2.22,8.128924386115212
0.27,Premium,D,VVS2,62.2,59.0,0.040000000000000036,1.5300000000000002,6.564963938545211
0.85,Very Good,F,VS1,62.0,55.0,-0.05999999999999961,2.36,8.345396197662222
0.71,Good,E,SI1,65.9,57.0,-0.0600000000000005,1.9200000000000004,7.739072080533058
0.51,Good,E,VS2,63.8,57.0,0.020000000000000462,1.8199999999999998,7.315207678965224
0.57,Ideal,E,SI1,61.8,57.0,-0.04999999999999982,2.0500000000000003,7.378496791017211
0.53,Ideal,G,VVS2,61.7,56.0,0.03000000000000025,1.98,7.574143883424972
1.31,Premium,G,VS1,61.5,59.0,0.05999999999999961,2.6799999999999997,9.158317132666504
0.4,Ideal,D,SI2,62.0,55.0,-0.05999999999999961,1.8299999999999996,6.536095434712421
0.4,Premium,G,VS1,60.0,57.0,0.08999999999999986,1.87,6.87243237988033
0.32,Fair,F,VS2,59.6,60.0,0.08000000000000007,1.73,6.534283776767832
0.32,Ideal,I,VVS2,61.7,56.0,-0.019999999999999574,1.6999999999999997,6.362845645591789
1.64,Ideal,I,VS2,62.5,56.0,0.0600000000000005,2.8,9.269233257016186
0.51,Good,F,SI1,64.0,57.0,0.04999999999999982,1.7899999999999996,7.080521052892374
1.7,Premium,H,VVS2,61.4,58.0,0.040000000000000036,2.9299999999999997,9.48955481080774
1.0,Ideal,F,SI2,61.3,57.0,-0.05999999999999961,2.52,8.410195720461358
0.93,Very Good,G,SI1,62.3,58.0,-0.08999999999999986,2.39,8.273053023332926
1.21,Premium,H,SI1,59.8,58.0,0.04999999999999982,2.7600000000000007,8.697219163768429
0.4,Fair,E,VVS2,57.3,60.0,-0.04999999999999982,2.0999999999999996,6.990377362804546
1.72,Premium,G,VVS2,61.8,60.0,-0.02999999999999936,2.9399999999999995,9.660220924995158
0.74,Ideal,H,VS1,61.8,58.0,-0.040000000000000036,2.2299999999999995,7.93466740659136
1.51,Premium,G,SI2,62.7,57.0,0.040000000000000036,2.71,9.041392389923642
1.67,Premium,I,VS2,61.9,56.0,0.040000000000000036,2.88,9.324099560100107
1.5,Good,F,VS2,64.0,56.0,0.04999999999999982,2.49,9.427774241274232
0.32,Ideal,H,VVS1,62.1,54.0,0.019999999999999574,1.6600000000000001,6.740029024785556
0.57,Ideal,F,VS2,60.8,57.0,-0.03000000000000025,2.12,7.495151434770502
0.38,Very Good,E,VS2,60.4,58.0,-0.03000000000000025,1.87,6.61980759635137
0.7,Very Good,E,VS1,61.9,61.0,-0.0600000000000005,2.1700000000000004,7.935000632615731
1.21,Premium,H,SI1,62.5,58.0,0.03000000000000025,2.51,8.676417518387204
0.9,Very Good,F,SI1,62.6,60.0,-0.040000000000000036,2.3099999999999996,8.296467864170763
1.05,Ideal,J,VS2,62.3,56.0,0.040000000000000036,2.4399999999999995,8.428546362056412
1.0,Premium,F,VS2,62.6,60.0,0.08000000000000007,2.33,8.682797728290636
2.04,Premium,I,SI2,59.8,59.0,0.07000000000000028,3.29,9.568542673377182
0.25,Very Good,D,VVS2,61.1,59.0,-0.019999999999999574,1.5799999999999996,6.247294989395688
1.01,Premium,D,VS1,61.8,54.0,0.0600000000000005,2.42,8.956788564295097
0.7,Premium,F,SI1,62.2,59.0,-0.040000000000000036,2.1800000000000006,7.783175914626345
0.38,Ideal,D,VS1,62.4,56.0,0.040000000000000036,1.7299999999999995,6.93464938603554
0.41,Premium,G,VS2,60.9,61.0,0.009999999999999787,1.85,6.835201910137285
1.03,Ideal,G,SI2,62.3,59.0,-0.019999999999999574,2.4400000000000004,8.38493647755736
0.95,Ideal,E,VS1,61.5,57.0,-0.019999999999999574,2.4299999999999997,8.710404754106476
0.41,Ideal,I,VS1,61.9,55.0,0.040000000000000036,1.81,6.698130563464642
1.13,Fair,I,VS2,55.9,67.0,0.10999999999999943,3.0400000000000005,8.537947091631791
0.32,Ideal,H,VS2,62.8,55.0,0.03000000000000025,1.62,6.495163420076174
0.55,Ideal,E,SI1,61.7,57.0,0.03999999999999915,1.9900000000000002,7.339253977929866
1.51,Premium,G,SI2,60.0,60.0,0.04999999999999982,2.92,9.060852252179075
0.56,Very Good,D,SI1,63.9,56.0,-0.05999999999999961,1.92,7.261372984025267
0.3,Ideal,F,VVS1,61.2,55.0,-0.03000000000000025,1.7000000000000002,6.515382960198623
0.39,Premium,E,VS2,61.3,61.0,0.040000000000000036,1.79,6.9123448036161514
1.04,Very Good,D,IF,61.3,56.0,-0.019999999999999574,2.54,9.579938822142509
0.58,Ideal,F,VVS2,62.2,56.0,-0.040000000000000036,2.0400000000000005,7.740070147806461
1.02,Good,D,SI1,63.5,61.0,-0.08000000000000007,2.34,8.584797584998698
0.71,Very Good,F,SI1,61.9,57.0,-0.07000000000000028,2.23,7.913386102234732
0.32,Ideal,G,VVS2,61.3,55.0,-0.040000000000000036,1.7300000000000004,6.572739855473286
0.7,Very Good,F,VVS1,63.0,60.0,-0.03000000000000025,2.0900000000000003,8.056571131413673
0.41,Ideal,E,VS1,61.6,54.0,-0.03000000000000025,1.8499999999999996,6.896019136677159
1.02,Fair,E,SI1,65.7,58.0,-0.07999999999999918,2.1899999999999995,8.47588971581401
1.2,Very Good,I,SI1,63.1,58.0,0.05999999999999961,2.4400000000000004,8.541846900161904
1.57,Premium,I,SI2,62.4,58.0,0.040000000000000036,2.76,9.006262606705544
1.2,Premium,I,SI1,60.7,59.0,0.03000000000000025,2.6900000000000004,8.588808812020416
0.41,Very Good,E,VVS2,62.2,57.0,-0.03000000000000025,1.8199999999999998,6.973105830304086
1.08,Premium,G,VS1,62.7,56.0,0.03000000000000025,2.42,8.880104787299748
0.97,Premium,D,SI1,62.0,60.0,0.040000000000000036,2.36,8.379370208248282
0.54,Ideal,H,VVS2,61.8,56.0,-0.019999999999999574,2.0199999999999996,7.471076716409904
0.9,Fair,E,SI2,57.5,68.0,0.040000000000000036,2.68,8.093182867442868
0.32,Good,H,SI1,63.1,58.0,-0.03000000000000025,1.62,6.123313987691033
1.2,Very Good,H,SI1,60.8,58.0,-0.04999999999999982,2.6999999999999993,8.706238141934495
0.56,Ideal,H,SI1,62.3,53.0,-0.02999999999999936,2.01,7.099367135455966
1.19,Ideal,E,SI2,61.9,56.0,-0.040000000000000036,2.62,8.670492967483629
0.63,Ideal,F,VS2,61.2,56.0,0.04999999999999982,2.1199999999999997,7.707706022198888
1.0,Premium,F,VVS2,61.3,55.0,0.03000000000000025,2.47,9.041147671853603
0.28,Ideal,G,SI1,61.2,54.0,-0.04999999999999982,1.6699999999999995,6.099809400758909
0.56,Ideal,E,VS2,61.6,57.0,-0.020000000000000462,2.0500000000000003,7.516270904834621
0.91,Very Good,G,SI1,62.8,58.0,-0.02999999999999936,2.3099999999999996,8.243278108616812
1.01,Premium,I,VVS1,62.0,59.0,0.0699999999999994,2.3800000000000003,8.629478622485
0.3,Ideal,F,VS2,62.3,58.0,0.02999999999999936,1.5900000000000003,6.50286508911611
1.51,Ideal,G,VS1,60.6,57.0,-0.10000000000000053,2.9800000000000004,9.55842600267966
1.02,Very Good,F,SI2,60.4,60.0,-0.040000000000000036,2.6,8.412920159193005
1.51,Premium,H,VS1,61.0,60.0,0.04999999999999982,2.83,9.321396827583781
0.86,Very Good,H,SI1,59.7,59.0,-0.09000000000000075,2.5400000000000005,8.019320472657283
0.5,Premium,F,VS2,62.3,58.0,-0.040000000000000036,1.9199999999999995,7.126681323172358
2.04,Ideal,I,SI1,60.2,56.0,-0.07000000000000028,3.3099999999999996,9.672868505931408
1.21,Premium,J,SI1,62.7,57.0,0.04999999999999982,2.4899999999999993,8.45760566334767
0.39,Very Good,F,VVS2,61.7,56.0,-0.040000000000000036,1.83,6.88519487955908
0.32,Premium,F,VS2,60.6,59.0,0.040000000000000036,1.7200000000000002,6.65051991637413
0.51,Premium,E,VS2,61.6,58.0,0.02999999999999936,1.9700000000000002,7.399368930072202
0.31,Ideal,G,VVS2,60.0,58.0,-0.040000000000000036,1.7799999999999998,6.545883704583127
0.41,Premium,H,VVS1,60.4,58.0,0.05999999999999961,1.88,6.975892833388858
0.34,Ideal,G,VS2,62.5,57.0,0.040000000000000036,1.6600000000000001,6.646481515211205
0.55,Very Good,F,VS2,61.7,56.0,-0.040000000000000036,2.04,7.4024450307363185
0.82,Ideal,I,VS1,61.3,57.0,-0.05000000000000071,2.37,8.051293475149416
0.62,Fair,F,IF,60.1,61.0,-0.02999999999999936,2.2299999999999995,7.952369039079085
0.78,Ideal,J,VS2,62.3,55.0,-0.03000000000000025,2.24,7.682006695760136
0.31,Premium,H,VS2,61.3,60.0,0.040000000000000036,1.6600000000000001,6.450357419794079
0.91,Good,F,SI1,58.0,57.0,-0.10999999999999943,2.7499999999999996,8.296381906377322
1.02,Premium,F,SI1,63.0,58.0,0.040000000000000036,2.3400000000000007,8.542914767233258
0.34,Very Good,I,SI1,61.8,57.0,-0.04999999999999982,1.7399999999999998,6.117535609314264
1.33,Ideal,G,VVS1,62.2,54.0,-0.040000000000000036,2.6799999999999997,9.353110053988857
1.51,Good,G,VS2,63.3,60.0,-0.08000000000000007,2.7,9.414499478339234
1.53,Ideal,F,SI1,61.6,56.0,0.04999999999999982,2.8,9.363092987488262
2.03,Fair,H,I1,66.6,57.0,0.05999999999999961,2.5599999999999996,8.902223511734794
0.9,Ideal,D,VS2,61.2,56.0,-0.05999999999999961,2.4499999999999997,8.597443675606568
0.52,Ideal,E,VS2,61.9,56.0,0.040000000000000036,1.94,7.458542671415535
1.2,Ideal,H,SI1,61.1,56.0,0.04999999999999982,2.66,8.724586023521507
0.97,Very Good,G,SI2,59.8,58.0,-0.040000000000000036,2.59,8.176715195324176
0.33,Very Good,E,SI1,62.7,56.0,-0.0600000000000005,1.6800000000000002,6.331754914299692
0.72,Ideal,J,VS2,61.4,57.0,-0.040000000000000036,2.25,7.637518300227486
0.7,Premium,E,VS2,63.0,60.0,0.040000000000000036,2.0599999999999996,7.8510428224135556
0.3,Ideal,G,SI2,61.7,57.0,-0.040000000000000036,1.6599999999999997,6.0213960521466445
0.7,Good,I,SI1,63.8,57.0,-0.03000000000000025,2.06,7.541269310316019
0.77,Very Good,G,VVS2,62.8,58.0,0.05999999999999961,2.1300000000000003,8.04250543541673
0.51,Ideal,G,VVS2,62.7,55.0,-0.019999999999999574,1.9099999999999997,7.461599254285294
1.52,Ideal,J,SI1,61.9,57.0,-0.040000000000000036,2.8200000000000003,9.003888475251909
1.21,Premium,H,VS2,59.3,60.0,0.0600000000000005,2.8,8.831711927952622
0.38,Premium,G,SI1,61.4,61.0,0.040000000000000036,1.77,6.590005881088421
0.3,Ideal,F,VS1,62.0,55.0,-0.040000000000000036,1.6599999999999997,6.357556010691984
0.77,Very Good,I,VS1,62.2,59.0,-0.019999999999999574,2.2199999999999998,7.842455116940595
0.71,Very Good,D,SI1,61.7,56.0,-0.1200000000000001,2.26,8.003153363955352
0.3,Premium,G,VS1,60.0,60.0,0.03000000000000025,1.71,6.464566347551936
1.2,Fair,I,I1,66.7,57.0,0.5200000000000005,1.6799999999999997,7.764199131034991
0.4,Premium,H,SI1,62.1,62.0,0.03000000000000025,1.77,6.627626682229778
1.51,Ideal,I,VS2,61.6,57.0,0.05999999999999961,2.7800000000000002,9.203141180862861
0.46,Ideal,F,SI1,61.6,54.0,-0.03000000000000025,1.9300000000000002,6.820416280235265
1.09,Ideal,I,VS1,61.8,55.0,-0.03000000000000025,2.54,8.667577570474558
0.41,Very Good,G,VVS2,62.9,56.0,-0.040000000000000036,1.77,6.878646064909007
0.41,Very Good,H,SI1,62.8,56.0,-0.04999999999999982,1.7899999999999996,6.488391343499978
0.97,Premium,H,SI1,61.9,60.0,0.07000000000000028,2.38,8.212815357556627
1.21,Premium,H,SI2,62.7,59.0,-0.03000000000000025,2.54,8.55058099109105
0.4,Very Good,G,IF,61.8,58.0,-0.040000000000000036,1.8200000000000003,7.024010061851064
0.72,Premium,I,SI1,60.8,58.0,0.04999999999999982,2.2500000000000004,7.658479177176082
0.4,Ideal,D,VVS2,62.0,56.0,0.03000000000000025,1.7799999999999998,7.138150491502769
0.71,Ideal,D,SI1,63.0,55.0,0.0699999999999994,2.0400000000000005,7.914179958094863
1.06,Very Good,E,SI1,61.4,58.0,-0.08999999999999986,2.58,8.676457787876087
1.5,Good,G,SI2,57.5,63.0,0.040000000000000036,3.17,8.961622508909892
0.51,Ideal,D,SI1,61.5,56.0,-0.009999999999999787,1.9900000000000002,7.212902339535464
0.4,Ideal,F,VS2,62.6,54.0,-0.04999999999999982,1.8000000000000003,6.74767811709488
0.41,Ideal,G,SI2,62.1,53.6,-0.040000000000000036,1.83,6.483427106047892
0.55,Very Good,G,VS1,62.0,57.0,-0.04999999999999982,2.03,7.445566769726772
0.55,Ideal,H,IF,61.7,55.0,-0.020000000000000462,2.0300000000000002,7.590259391298232
1.24,Premium,E,SI2,60.5,62.0,0.08000000000000007,2.6999999999999993,8.658852441161192
2.48,Very Good,F,SI2,63.4,56.0,0.08999999999999986,3.1000000000000005,9.596147938736385
1.01,Good,G,SI1,64.2,56.0,0.1200000000000001,2.21,8.431329723032107
1.51,Ideal,J,VS1,61.3,61.0,-0.0600000000000005,2.880000000000001,9.100056332010643
1.0,Very Good,E,VS2,61.0,59.0,-0.07000000000000028,2.5500000000000003,8.780738426938925
0.9,Ideal,D,SI1,60.7,57.0,0.07000000000000028,2.4000000000000004,8.404125252912767
1.06,Ideal,F,SI2,62.7,56.0,0.04999999999999982,2.3999999999999995,8.40456320724296
0.31,Very Good,E,SI1,61.2,58.0,-0.040000000000000036,1.71,6.286815144346312
1.01,Very Good,H,SI1,58.5,56.0,-0.09000000000000075,2.8000000000000003,8.4821074722302
0.51,Very Good,G,VVS2,61.5,56.0,-0.03000000000000025,1.9900000000000002,7.4871809736860815
0.9,Very Good,E,I1,62.4,63.0,0.1200000000000001,2.2199999999999998,7.792388826795352
1.24,Premium,G,SI2,60.0,60.0,0.0600000000000005,2.7299999999999995,8.61047834406728
1.09,Ideal,H,SI1,62.4,55.0,0.08999999999999986,2.45,8.518519063257722
0.52,Ideal,E,VS2,62.1,56.0,-0.03000000000000025,1.98,7.413901791439955
1.23,Ideal,F,SI2,61.9,56.0,-0.040000000000000036,2.6499999999999995,8.711694002281188
2.02,Very Good,G,SI2,63.1,56.0,0.040000000000000924,2.9499999999999993,9.564889432778196
1.04,Ideal,F,SI1,62.1,56.0,0.07000000000000028,2.4299999999999997,8.589644271820184
0.43,Ideal,G,VS1,61.2,57.0,0.04999999999999982,1.8599999999999999,6.932161560258545
1.15,Ideal,G,SI2,62.4,56.0,-0.040000000000000036,2.55,8.519313044455394
1.03,Ideal,F,SI1,61.3,57.0,0.07000000000000028,2.5,8.60923217396769
1.0,Very Good,H,SI1,62.4,58.0,-0.04999999999999982,2.4299999999999997,8.41362729564413
0.96,Premium,J,SI1,62.9,59.0,0.08000000000000007,2.28,7.956153288053612
0.41,Premium,G,VS2,61.6,58.0,0.04999999999999982,1.8000000000000003,6.8403009807333115
0.37,Very Good,F,VS2,63.3,56.0,0.07000000000000028,1.6499999999999995,6.722428821445222
0.79,Ideal,I,SI1,61.6,57.0,-0.05999999999999961,2.32,7.819717974887884
0.31,Very Good,F,SI1,63.1,57.0,0.02999999999999936,1.5700000000000003,6.40965569672435
2.24,Ideal,H,SI2,61.4,56.0,-0.049999999999998934,3.2699999999999996,9.63459774200873
0.36,Ideal,G,IF,61.6,55.0,0.019999999999999574,1.7500000000000004,6.981131788141198
1.23,Premium,J,VVS2,61.2,57.0,0.05999999999999961,2.6400000000000006,8.773812923496344
0.38,Premium,D,VS1,62.4,59.0,0.03000000000000025,1.7199999999999998,6.919515389886797
0.32,Premium,G,VS2,61.5,60.0,-0.019999999999999574,1.71,6.385193096175966
0.67,Very Good,F,VS2,59.4,59.5,-0.05999999999999961,2.36,7.738696331446434
0.3,Ideal,G,VVS2,62.2,57.0,-0.04999999999999982,1.6399999999999997,6.397776277135782
0.71,Very Good,E,SI2,58.4,63.0,0.04999999999999982,2.4,7.744209853423769
0.52,Very Good,G,VS1,62.4,60.0,-0.009999999999999787,1.9300000000000002,7.359913613787838
0.22,Premium,E,VS2,61.6,58.0,0.040000000000000036,1.48,6.150088125318369
1.02,Good,D,SI2,57.7,64.0,0.08000000000000007,2.7800000000000002,8.36868091343541
1.01,Good,D,SI2,57.6,62.0,0.10000000000000053,2.7499999999999996,8.346984949720321
0.25,Good,E,VS1,63.3,60.0,-0.04999999999999982,1.5,6.0860658620427115
0.6,Premium,E,SI1,63.0,60.0,0.05000000000000071,1.9799999999999995,7.3958277530034975
1.0,Good,D,VS1,62.7,62.0,-0.020000000000000462,2.3300000000000005,8.868374585868947
1.04,Ideal,F,VVS2,61.2,57.0,-0.03000000000000025,2.54,9.140343185822461
1.07,Ideal,G,VS1,62.1,54.0,-0.03000000000000025,2.51,8.940779941473938
1.29,Premium,D,SI1,62.7,55.0,0.04999999999999982,2.5600000000000005,8.995493827463902
0.71,Premium,E,SI1,59.2,59.0,-0.03000000000000025,2.4000000000000004,7.935824855246178
0.73,Ideal,F,VVS2,61.9,55.2,-0.04999999999999982,2.21,8.215624705891443
0.44,Good,J,VS1,63.1,57.0,-0.040000000000000036,1.81,6.51617911224968
0.52,Ideal,F,VVS2,60.9,56.0,-0.040000000000000036,2.0600000000000005,7.710588472379918
1.23,Good,J,VS2,63.6,57.0,-0.04999999999999982,2.49,8.590185268318027
1.22,Very Good,J,SI1,58.8,61.0,-0.05999999999999961,2.9000000000000004,8.500699480946123
0.78,Ideal,D,SI1,61.9,57.0,0.04999999999999982,2.22,8.06784560092216
0.4,Ideal,D,VVS2,61.3,56.0,0.03000000000000025,1.83,7.138150491502769
0.61,Ideal,D,SI1,61.4,56.0,-0.020000000000000462,2.1200000000000006,7.51962442483033
0.35,Ideal,E,VS2,61.5,55.0,-0.040000000000000036,1.7699999999999996,6.59067369216679
0.5,Premium,E,VS2,61.3,59.0,0.04999999999999982,1.94,7.250893461469224
0.3,Ideal,F,VVS2,61.4,56.0,-0.02999999999999936,1.6899999999999995,6.445972769217686
0.82,Ideal,H,VS1,61.5,56.0,-0.040000000000000036,2.34,8.153403130547728
0.4,Premium,G,VS1,62.2,55.0,0.13999999999999968,1.7300000000000004,6.887702401626497
0.78,Premium,I,VS2,62.7,58.0,0.0699999999999994,2.14,7.711146760259692
0.91,Good,E,SI1,63.7,64.0,0.05999999999999961,2.1700000000000004,8.203812541862145
0.37,Ideal,F,SI1,62.4,54.0,0.03000000000000025,1.7199999999999998,6.636379509864141
0.31,Ideal,E,VS2,61.4,54.0,0.03000000000000025,1.6799999999999997,6.694107331504969
0.36,Ideal,F,VS1,62.5,57.0,-0.02999999999999936,1.7199999999999998,6.683771168030188
1.29,Good,I,VS2,57.9,61.0,0.03000000000000025,2.99,8.776476955761176
1.5,Ideal,G,VVS2,62.2,55.0,-0.019999999999999574,2.7799999999999994,9.578479837895634
0.9,Ideal,D,VS2,61.5,56.0,0.04999999999999982,2.37,8.584894577947301
0.71,Very Good,E,SI1,63.0,58.0,-0.040000000000000036,2.13,7.855366656871083
0.9,Premium,D,SI2,62.9,56.0,0.10000000000000053,2.23,8.183591047267468
2.1,Premium,E,SI2,62.9,59.0,0.049999999999998934,3.000000000000001,9.59531623135603
0.74,Very Good,H,SI2,63.1,55.0,-0.0600000000000005,2.1500000000000004,7.654902460789808
1.52,Very Good,G,VS2,63.3,57.0,0.05000000000000071,2.6499999999999995,9.43205523115541
1.51,Premium,H,VS2,61.2,58.0,0.040000000000000036,2.8400000000000007,9.293935293461757
1.23,Ideal,I,VVS1,62.1,57.0,0.07000000000000028,2.5700000000000003,8.932788648804
1.0,Good,F,VS2,63.2,59.0,-0.04999999999999982,2.3499999999999996,8.680116865391563
0.74,Very Good,E,SI2,63.3,59.0,0.040000000000000036,2.1100000000000003,7.719520460397173
1.56,Premium,D,SI1,62.6,58.0,-0.08000000000000007,2.8100000000000005,9.419611534106604
2.28,Premium,J,VS1,60.3,58.0,0.05000000000000071,3.369999999999999,9.578876336891032
1.5,Very Good,G,VVS2,62.9,56.0,-0.10000000000000053,2.75,9.55023695809114
0.97,Ideal,I,I1,61.6,53.0,0.02999999999999936,2.45,7.750940638449752
0.31,Ideal,G,VVS1,62.4,54.0,-0.03000000000000025,1.6399999999999997,6.652390964727712
0.32,Premium,E,VS2,61.2,59.0,0.02999999999999936,1.7000000000000002,6.698843731586579
1.0,Good,G,VS2,63.3,60.0,-0.08000000000000007,2.3600000000000003,8.643738769672408
0.31,Ideal,H,VVS1,62.2,54.0,0.02999999999999936,1.6400000000000001,6.701057580970082
1.52,Premium,G,VS2,61.9,56.0,0.10999999999999943,2.74,9.451323722893186
0.71,Very Good,G,VS2,62.3,63.0,0.0600000000000005,2.11,7.820975576515086
0.33,Premium,G,VVS2,59.5,60.0,0.03000000000000025,1.8199999999999994,6.715674312895817
0.7,Very Good,E,SI2,59.8,58.0,-0.019999999999999574,2.32,7.7325965101125504
0.31,Ideal,F,VS2,61.9,54.0,-0.03000000000000025,1.6799999999999997,6.44409464245221
0.5,Ideal,F,VVS2,61.6,56.0,0.03000000000000025,1.94,7.474825369747755
1.0,Good,E,SI1,63.1,64.0,0.05999999999999961,2.29,8.48085384143449
1.07,Ideal,E,SI2,62.2,55.0,-0.040000000000000036,2.5,8.507994284116716
0.53,Ideal,G,VVS2,60.4,55.0,-0.040000000000000036,2.11,7.58710070332816
0.41,Ideal,F,VVS2,62.6,55.0,-0.02999999999999936,1.7899999999999996,6.981279899327851
0.41,Ideal,F,VS2,61.8,56.0,0.019999999999999574,1.8200000000000003,6.900784061876305
1.87,Premium,I,SI2,60.3,61.0,0.040000000000000036,3.13,9.261742719593368
1.21,Premium,I,SI1,59.3,59.0,0.03000000000000025,2.8200000000000003,8.590616536692457
0.3,Premium,E,VS1,61.4,59.0,0.040000000000000036,1.6400000000000001,6.556202943112488
0.9,Premium,G,VS2,61.3,59.0,0.05999999999999961,2.3600000000000003,8.394025338840303
1.52,Ideal,I,VS1,60.7,60.0,-0.019999999999999574,2.92,9.244951809846961
0.53,Very Good,D,SI2,59.3,61.0,-0.03000000000000025,2.16,7.1469362154467255
0.72,Ideal,E,SI1,62.9,54.0,0.040000000000000036,2.11,7.889434018828767
1.52,Ideal,I,IF,62.2,57.0,0.0600000000000005,2.7299999999999995,9.289924137201485
0.4,Good,I,VVS1,63.9,56.0,-0.040000000000000036,1.6999999999999997,6.726890659891613
0.9,Good,D,SI2,64.0,59.0,-0.04999999999999982,2.21,8.174133363318226
0.79,Good,E,SI1,64.1,54.0,0.020000000000000462,2.09,7.911648446597199
0.71,Very Good,E,VS2,62.4,57.0,-0.05000000000000071,2.1700000000000004,7.964236611693462
0.75,Very Good,F,VS1,57.9,62.0,-0.040000000000000036,2.54,8.096722099410037
0.3,Very Good,G,VVS2,63.1,56.0,0.03000000000000025,1.54,6.475742256748146
0.55,Ideal,F,SI2,61.1,56.0,-0.03000000000000025,2.08,7.145542182710247
0.82,Premium,G,SI1,61.8,58.0,0.03999999999999915,2.2700000000000005,7.973763483900498
0.5,Very Good,E,SI1,63.2,57.0,0.02999999999999936,1.8400000000000003,7.025647449305897
0.7,Ideal,H,VVS2,61.0,56.0,-0.03000000000000025,2.2600000000000002,7.97091516886571
0.25,Ideal,I,VS2,62.0,57.0,-0.040000000000000036,1.5599999999999996,5.9701643621749465
1.12,Premium,H,SI2,61.9,58.0,-0.08000000000000007,2.59,8.425640320643762
0.57,Ideal,I,VS2,61.6,54.0,-0.05000000000000071,2.0900000000000003,7.226516128580184
1.0,Good,E,VS2,62.4,58.0,-0.07000000000000028,2.43,8.728847516875259
0.9,Very Good,I,SI1,63.3,59.0,0.08999999999999986,2.19,7.992184441700323
1.24,Ideal,E,VS2,62.0,57.0,-0.03000000000000025,2.630000000000001,9.148604178971203
0.71,Premium,G,SI2,62.1,58.0,0.040000000000000036,2.1399999999999997,7.656169421010526
1.26,Ideal,G,VS1,61.2,57.0,0.08000000000000007,2.67,9.154955536517429
1.58,Very Good,I,SI1,63.1,55.0,-0.03000000000000025,2.76,9.163412383589957
0.57,Ideal,D,VS2,61.7,57.0,-0.03000000000000025,2.0500000000000003,7.591834228597548
1.2,Very Good,D,SI2,63.1,57.0,-0.07000000000000028,2.51,8.665492506880614
0.41,Ideal,G,VS1,60.8,57.0,-0.040000000000000036,1.9099999999999997,6.798552813800796
0.6,Very Good,G,SI1,63.1,57.0,-0.08999999999999986,2.02,7.294392712048157
1.5,Premium,H,VS2,60.0,62.0,0.03000000000000025,2.9399999999999995,9.265210341599728
1.05,Premium,H,I1,62.0,59.0,0.03000000000000025,2.45,7.989132747660176
0.33,Premium,H,VS1,61.9,58.0,0.020000000000000462,1.6799999999999997,6.524189389522559
0.57,Ideal,F,SI2,61.9,58.0,0.019999999999999574,2.0200000000000005,7.178711326092271
0.78,Premium,J,SI2,60.6,58.0,0.03000000000000025,2.3200000000000003,7.598184803895356
0.9,Very Good,H,SI2,62.9,57.0,-0.07000000000000028,2.31,8.08710918432405
0.34,Ideal,G,IF,61.9,54.0,-0.019999999999999574,1.7299999999999995,6.8463049024973
1.0,Good,F,SI1,63.6,62.0,-0.05999999999999961,2.3099999999999996,8.47290019242153
1.02,Good,F,SI2,63.8,53.0,0.08999999999999986,2.2800000000000002,8.293174141198529
1.5,Very Good,F,SI2,63.1,54.0,0.03000000000000025,2.67,9.066413533202384
1.21,Ideal,G,SI1,62.1,57.0,-0.040000000000000036,2.5999999999999996,8.820620012185614
0.5,Ideal,F,SI2,61.3,58.0,-0.020000000000000462,1.9900000000000002,6.900427614921457
1.05,Ideal,G,VS2,61.9,56.0,-0.040000000000000036,2.51,8.809112754600239
1.05,Ideal,I,VS2,60.2,57.0,-0.05000000000000071,2.66,8.586981131253122
0.38,Very Good,F,SI2,61.2,57.0,-0.040000000000000036,1.8399999999999999,6.2887858919494315
0.77,Ideal,I,VVS2,62.1,55.0,-0.05000000000000071,2.2500000000000004,7.920900981174914
1.0,Good,G,SI2,61.7,63.0,-0.009999999999999787,2.44,8.303515199430374
1.01,Ideal,E,VS2,61.3,57.0,0.03000000000000025,2.4899999999999998,8.833821099778442
0.47,Ideal,G,SI2,61.3,56.0,-0.02999999999999936,1.9499999999999997,6.737185018172174
0.91,Good,G,VS1,63.2,58.0,-0.08000000000000007,2.2900000000000005,8.492701725158772
0.37,Premium,D,SI1,61.9,59.0,-0.03000000000000025,1.7800000000000002,6.520419514843021
0.51,Ideal,F,SI2,62.7,57.0,-0.019999999999999574,1.9099999999999997,6.924507191202475
0.62,Premium,F,SI2,59.1,58.0,0.02999999999999936,2.2700000000000005,7.300259244125923
1.0,Fair,E,SI1,65.1,61.0,0.07000000000000028,2.1,8.371914505892525
0.32,Premium,J,VS1,61.9,58.0,0.05999999999999961,1.63,6.302195984314692
0.71,Very Good,E,SI1,59.3,55.0,-0.07000000000000028,2.4200000000000004,7.94758002745881
0.55,Ideal,F,SI1,60.2,56.0,-0.04999999999999982,2.15,7.31165555220699
1.04,Fair,I,I1,67.3,56.0,0.10999999999999943,2.0100000000000007,7.678382656345343
0.7,Ideal,E,VS2,62.2,55.0,-0.040000000000000036,2.17,7.903435441931112
0.4,Ideal,I,VVS2,62.0,56.0,0.02999999999999936,1.79,6.809827592316744
1.63,Ideal,F,I1,62.0,55.1,-0.07000000000000028,2.8900000000000006,8.847549642632636
0.55,Ideal,G,VVS2,61.2,55.8,-0.0600000000000005,2.09,7.59664523884339
0.56,Ideal,I,VVS1,62.0,57.0,0.040000000000000036,2.0,7.451527014693038
1.5,Very Good,F,VS2,61.3,58.0,-0.04999999999999982,2.84,9.54519195823838
0.26,Very Good,D,VVS2,59.1,59.0,-0.07000000000000028,1.7700000000000005,6.276023669697189
0.64,Good,F,VS2,59.3,60.7,-0.07000000000000028,2.3200000000000003,7.700230920366123
0.93,Premium,F,SI2,61.3,62.0,0.08999999999999986,2.36,8.139016335468105
0.46,Ideal,D,VS2,62.7,57.0,0.040000000000000036,1.8099999999999996,7.107297375540581
1.51,Fair,F,I1,67.5,56.0,0.1200000000000001,2.25,8.379286270631747
1.09,Good,H,SI1,63.6,56.0,0.02999999999999936,2.37,8.466241188939474
1.51,Good,I,SI2,63.6,60.0,0.03999999999999915,2.62,8.91843489599877
0.74,Ideal,G,VVS2,60.9,58.0,-0.03000000000000025,2.31,8.147423583030575
0.35,Very Good,H,SI1,63.3,54.0,0.020000000000000462,1.65,6.407992106877062
1.51,Premium,F,SI1,62.0,57.0,0.08000000000000007,2.74,9.30687543498873
0.39,Very Good,I,VS2,60.1,57.0,-0.02999999999999936,1.9099999999999997,6.478227859055478
1.76,Very Good,I,SI2,62.0,57.0,-0.040000000000000036,2.96,9.208802365674758
0.71,Fair,J,VS2,64.9,54.0,0.09999999999999964,1.9100000000000001,7.524958460380413
0.34,Good,E,SI1,63.3,57.0,-0.02999999999999936,1.65,6.367557133149049
1.0,Good,F,SI1,63.7,58.0,-0.04999999999999982,2.3200000000000003,8.481577342718873
1.19,Ideal,H,VVS2,61.6,56.0,-0.08000000000000007,2.66,9.009624987883354
0.54,Very Good,E,VS1,61.8,58.0,-0.04999999999999982,2.0300000000000002,7.536602649261588
0.82,Ideal,H,VVS2,61.4,56.0,-0.040000000000000036,2.34,8.216044633350545
0.42,Ideal,G,VS2,61.6,56.0,0.009999999999999787,1.85,6.86971595662336
0.35,Very Good,F,IF,62.0,54.0,-0.03000000000000025,1.75,6.851927372995932
0.28,Ideal,E,VVS2,60.3,57.0,-0.040000000000000036,1.7000000000000002,6.413037803890542
1.11,Ideal,G,VS2,62.0,56.0,-0.03000000000000025,2.5300000000000002,8.863453477097545
0.82,Ideal,H,SI1,62.4,56.0,0.04999999999999982,2.24,7.945622406837155
0.6,Premium,E,SI1,59.4,60.0,0.0600000000000005,2.2199999999999998,7.474866149194889
1.07,Ideal,F,SI1,61.9,56.0,-0.0600000000000005,2.54,8.67330323677113
1.51,Premium,I,VS2,60.9,60.0,0.1299999999999999,2.83,9.176385210439436
1.04,Ideal,G,SI2,61.7,56.0,0.05000000000000071,2.4799999999999995,8.385469335089102
0.23,Ideal,J,VS1,62.8,56.0,0.03000000000000025,1.44,6.01200025022784
0.5,Premium,G,VVS2,60.9,59.0,0.03000000000000025,1.98,7.397421109411547
1.6,Premium,G,VVS2,60.6,60.0,0.0600000000000005,2.9399999999999995,9.565496319540916
1.01,Very Good,I,SI1,62.9,58.0,-0.03000000000000025,2.37,8.33383240620979
0.9,Premium,E,SI2,61.7,58.0,0.0699999999999994,2.3200000000000003,8.175665850484435
0.35,Ideal,D,SI2,62.2,56.0,-0.03000000000000025,1.73,6.3113123619153075
0.5,Premium,D,SI1,61.4,59.0,0.040000000000000036,1.9500000000000002,7.104477664097404
0.31,Ideal,I,VVS1,62.2,53.0,-0.019999999999999574,1.6599999999999997,6.43590573869809
0.68,Good,G,VVS1,61.9,55.0,-0.04999999999999982,2.1799999999999997,7.857611981209525
0.51,Premium,E,VS2,61.3,58.0,-0.020000000000000462,2.0000000000000004,7.3571899230265325
0.32,Ideal,F,VVS1,61.9,56.0,-0.03000000000000025,1.7000000000000002,6.759761015764555
1.26,Very Good,G,VVS2,60.9,56.0,-0.05999999999999961,2.76,9.26510635569273
0.31,Very Good,E,SI1,62.7,58.0,-0.020000000000000462,1.62,6.286815144346312
1.01,Premium,G,VVS2,61.9,60.0,0.040000000000000036,2.43,8.896227137084475
0.7,Very Good,E,VS1,63.8,57.0,-0.040000000000000036,2.0600000000000005,7.934353420688793
2.01,Very Good,H,SI1,60.0,58.0,-0.08999999999999986,3.33,9.674425038241653
0.95,Ideal,J,SI1,63.0,56.0,0.0600000000000005,2.3,8.014265917337665
0.4,Ideal,G,VVS1,62.4,57.0,-0.040000000000000036,1.81,6.973928296128927
0.38,Ideal,D,VS1,62.0,57.0,-0.009999999999999787,1.79,6.786339595272103
0.37,Premium,F,VVS2,62.9,56.0,0.0600000000000005,1.6599999999999997,6.909424719506453
0.3,Premium,G,VS1,62.8,58.0,0.020000000000000462,1.5799999999999996,6.473645217206046
0.7,Very Good,E,VS2,62.4,58.0,-0.019999999999999574,2.1399999999999997,7.857703305860892
0.59,Premium,D,SI1,62.8,57.0,0.05999999999999961,1.9600000000000004,7.3773806959604755
0.34,Ideal,E,VS1,62.4,54.0,-0.040000000000000036,1.7000000000000002,6.6648647001647765
1.01,Premium,H,VS2,61.3,59.0,-0.040000000000000036,2.5200000000000005,8.558656038960075
1.01,Very Good,G,VS1,63.5,59.0,0.05000000000000071,2.29,8.749636686225696
0.71,Ideal,D,VS1,61.3,56.0,-0.019999999999999574,2.2399999999999998,8.178158296668549
1.01,Ideal,G,SI2,61.0,56.0,-0.05999999999999961,2.57,8.418514059589768
0.4,Ideal,D,VVS2,61.9,56.0,0.019999999999999574,1.8000000000000003,7.138150491502769
1.5,Good,G,SI2,57.9,61.0,0.03999999999999915,3.130000000000001,9.008618550452047
0.33,Ideal,G,VS2,61.6,55.0,-0.03000000000000025,1.7199999999999998,6.416441061644651
0.63,Premium,E,VS2,62.4,59.0,0.040000000000000036,2.04,7.717795591342564
1.5,Premium,D,SI2,61.9,58.0,0.07000000000000028,2.75,9.14147282161013
1.01,Premium,F,VS2,60.8,57.0,0.04999999999999982,2.5199999999999996,8.766938550515153
0.52,Premium,D,VVS1,58.8,61.0,0.040000000000000036,2.1599999999999997,7.901980245987702
0.23,Ideal,F,VVS1,62.7,57.0,-0.020000000000000018,1.4699999999999998,6.305753739965864
0.83,Ideal,F,VS1,62.3,56.4,-0.04999999999999982,2.2899999999999996,8.336908464699425
0.76,Premium,E,VS2,60.1,59.0,0.040000000000000036,2.3699999999999997,8.111300064456005
1.54,Very Good,H,SI1,62.2,58.0,-0.1299999999999999,2.8600000000000003,9.241778730201053
0.25,Very Good,G,VS2,61.9,57.0,-0.03000000000000025,1.5700000000000003,6.057510203474081
0.52,Fair,E,VVS2,57.2,64.0,-0.09000000000000075,2.3200000000000003,7.787641686432245
0.3,Very Good,E,VVS2,61.3,59.0,-0.020000000000000462,1.6800000000000002,6.426233347393495
0.5,Premium,F,VVS2,62.3,58.0,0.05000000000000071,1.8899999999999997,7.445196279990209
0.48,Very Good,D,VVS2,59.5,57.0,0.040000000000000036,2.06,7.538062893460001
0.38,Ideal,I,SI1,61.8,54.0,-0.040000000000000036,1.81,6.236973710111002
0.76,Ideal,J,SI1,61.9,53.0,-0.07000000000000028,2.28,7.658893045026133
1.52,Very Good,G,VS2,62.8,54.0,-0.10000000000000053,2.7700000000000005,9.484190166368753
2.0,Ideal,I,VS1,62.3,56.0,0.05000000000000071,3.01,9.664956451190337
0.31,Ideal,D,SI2,62.1,57.0,0.019999999999999574,1.6300000000000003,6.405111763360207
0.92,Ideal,E,SI1,61.4,55.0,0.040000000000000036,2.4,8.377462668522952
0.71,Good,E,SI2,57.5,58.0,0.020000000000000462,2.4999999999999996,7.7476851043155746
0.3,Ideal,H,VVS2,61.5,56.0,-0.040000000000000036,1.6999999999999997,6.336051652426748
1.63,Ideal,F,I1,62.0,55.0,0.07000000000000028,2.8200000000000003,8.787492095551737
0.72,Very Good,E,SI1,63.1,58.0,-0.02999999999999936,2.1199999999999997,7.855366656871083
1.3,Premium,J,VS1,61.6,56.0,0.05999999999999961,2.67,8.701176800956306
0.33,Ideal,D,SI1,62.0,56.0,-0.02999999999999936,1.71,6.421278028654733
1.78,Premium,H,VS1,60.2,59.0,-0.1299999999999999,3.21,9.529569298988307
0.5,Very Good,G,SI1,64.1,57.0,-0.03000000000000025,1.83,6.862879748016339
0.59,Very Good,G,VS1,62.0,56.0,-0.040000000000000036,2.0599999999999996,7.542792206516904
1.51,Fair,E,SI1,67.2,53.0,0.05000000000000071,2.3099999999999996,9.224781542489161
1.15,Very Good,H,VS1,62.5,56.0,-0.0699999999999994,2.54,8.80057053815671
1.18,Premium,I,SI2,62.9,58.0,0.0699999999999994,2.46,8.398895130982362
0.82,Very Good,G,SI1,63.1,52.0,0.04999999999999982,2.19,7.920575235952537
0.36,Ideal,G,VVS2,61.7,54.0,-0.03000000000000025,1.7800000000000002,6.711521653378334
0.7,Very Good,H,VS1,59.5,60.0,-0.019999999999999574,2.34,7.843200878099297
0.42,Premium,D,SI1,60.8,59.0,0.02999999999999936,1.8800000000000003,6.86111195702373
0.31,Premium,G,VS2,61.7,58.0,-0.019999999999999574,1.67,6.364876032705704
0.56,Very Good,D,IF,60.7,56.0,-0.020000000000000462,2.1100000000000003,8.150720880916106
0.39,Premium,G,VS2,61.2,60.0,0.05000000000000071,1.7999999999999998,6.823307669053861
1.01,Very Good,G,SI1,60.6,57.0,-0.02999999999999936,2.5799999999999996,8.551183886332483
1.29,Very Good,E,VS1,61.8,57.0,0.0600000000000005,2.63,9.267258035045367
0.51,Ideal,J,SI2,62.1,56.0,-0.040000000000000036,1.9599999999999995,6.73689393620061
1.1,Ideal,G,VS2,62.0,56.0,-0.08000000000000007,2.5599999999999996,8.863453477097545
0.41,Very Good,D,VVS2,61.2,62.0,-0.040000000000000036,1.8800000000000003,7.003258927867041
0.3,Premium,G,VS1,59.6,59.0,0.040000000000000036,1.7399999999999998,6.456660124882587
1.23,Ideal,H,VS2,62.2,55.0,-0.040000000000000036,2.5999999999999996,8.87785143368945
1.01,Premium,H,SI2,61.1,59.0,0.08000000000000007,2.4899999999999998,8.322517524177467
1.2,Premium,G,VS2,62.5,58.0,0.07000000000000028,2.4799999999999995,8.981462380978297
0.7,Very Good,E,VS1,62.0,60.0,-0.02999999999999936,2.1499999999999995,7.942286106279765
0.33,Ideal,G,VS1,62.1,56.0,-0.019999999999999574,1.6799999999999997,6.493802964171106
0.36,Very Good,E,VS2,61.3,60.0,-0.040000000000000036,1.79,6.595029514445447
0.38,Good,E,VVS1,62.4,64.0,-0.020000000000000462,1.7400000000000002,6.874889549207958
0.35,Premium,E,VS2,61.9,61.0,0.040000000000000036,1.7000000000000002,6.750019873374332
1.51,Ideal,J,SI1,61.4,57.0,-0.04999999999999982,2.88,9.018111299578539
0.38,Ideal,F,VS1,60.4,56.0,-0.040000000000000036,1.8900000000000001,6.703703602198544
2.1,Ideal,I,SI2,61.9,56.0,-0.02000000000000135,3.1400000000000006,9.631004888515585
1.01,Good,H,SI1,63.1,60.0,-0.040000000000000036,2.38,8.419557872028745
1.18,Premium,I,SI2,61.2,59.0,0.0699999999999994,2.6100000000000003,8.415868218868566
0.42,Good,E,VVS2,64.1,57.0,-0.03000000000000025,1.7100000000000004,6.986067433101801
0.45,Very Good,G,VVS2,61.4,61.0,-0.0600000000000005,1.9300000000000002,7.001628478562456
0.7,Good,F,VS1,59.4,62.0,-0.04999999999999982,2.36,7.958441657801359
0.46,Premium,F,VVS1,61.4,57.0,0.040000000000000036,1.9000000000000004,7.286730987644095
0.93,Premium,H,VS2,58.3,60.0,0.08000000000000007,2.63,8.323554262429877
0.27,Ideal,F,IF,61.8,55.0,-0.07000000000000028,1.6400000000000001,6.5049521381849535
0.74,Very Good,I,VS1,63.4,57.0,0.04999999999999982,2.09,7.733288989894371
0.3,Good,H,VVS2,63.6,56.0,-0.03000000000000025,1.5699999999999998,6.28043302973579
0.31,Premium,F,VS2,59.4,58.0,-0.08000000000000007,1.83,6.406842876526675
1.26,Ideal,J,VS1,62.2,58.0,-0.040000000000000036,2.63,8.718214764478166
0.55,Ideal,E,SI1,62.5,56.0,-0.040000000000000036,1.98,7.262669837791968
1.01,Premium,F,SI2,62.2,59.0,0.040000000000000036,2.41,8.352132165347724
2.01,Ideal,F,SI2,61.6,55.0,0.0600000000000005,3.05,9.584026808029195
0.51,Ideal,D,VS2,61.8,55.0,0.0600000000000005,1.9299999999999997,7.432920398246603
0.7,Ideal,D,SI1,61.4,54.0,-0.040000000000000036,2.23,7.951562969759425
0.53,Ideal,D,VVS2,62.2,56.0,-0.040000000000000036,1.9900000000000002,7.773835733855801
1.22,Ideal,G,SI2,59.6,56.0,0.03000000000000025,2.829999999999999,8.649334684039225
1.01,Premium,G,SI2,60.1,60.0,0.040000000000000036,2.5600000000000005,8.341659669955058
2.02,Premium,I,SI1,62.1,58.0,0.0600000000000005,3.0299999999999994,9.626435351568558
1.51,Good,F,SI2,62.9,55.0,-0.0600000000000005,2.7200000000000006,9.079559645806944
1.06,Very Good,I,SI2,62.8,56.0,-0.08000000000000007,2.46,8.351692977657283
1.03,Ideal,G,SI1,61.1,57.0,-0.040000000000000036,2.5700000000000003,8.579325152542005
1.1,Ideal,I,SI2,61.7,56.0,0.05000000000000071,2.51,8.341767577527632
0.7,Ideal,D,SI2,62.1,56.0,-0.040000000000000036,2.18,7.755687190135224
0.43,Premium,F,SI1,61.6,59.0,0.040000000000000036,1.8399999999999999,6.815754085360513
1.01,Premium,D,SI2,59.3,59.0,0.03000000000000025,2.65,8.41516263376188
0.54,Premium,F,VS2,61.8,58.0,-0.07000000000000028,2.04,7.404659527164865
0.51,Premium,D,VS1,59.5,57.0,0.03000000000000025,2.1,7.558233796780931
2.02,Ideal,J,VS1,61.9,58.0,-0.03999999999999915,3.0999999999999996,9.57559348176026
0.31,Premium,F,VVS1,61.8,59.0,0.019999999999999574,1.65,6.854995111456716
1.01,Very Good,F,VS1,62.8,58.0,-0.0699999999999994,2.3999999999999995,8.876569376706946
0.5,Ideal,H,SI1,62.0,56.0,-0.03000000000000025,1.96,6.825200380996651
0.38,Ideal,E,VS1,60.7,56.0,-0.019999999999999574,1.8599999999999999,6.74969672276522
1.2,Very Good,G,SI1,62.9,57.0,-0.05999999999999961,2.54,8.781308165543388
1.13,Premium,G,VS1,58.6,59.0,0.07000000000000028,2.8099999999999996,8.955174894370543
0.66,Ideal,H,VS2,61.4,56.0,-0.03000000000000025,2.1900000000000004,7.642248067225205
2.01,Premium,I,SI1,61.0,60.0,0.05000000000000071,3.1499999999999995,9.597957210882813
0.55,Very Good,F,VS2,62.5,56.0,-0.03999999999999915,1.9899999999999998,7.390168816284893
0.3,Premium,I,VS1,60.8,59.0,0.020000000000000462,1.6799999999999997,6.2997746347398555
0.35,Ideal,F,SI1,61.1,56.0,-0.020000000000000462,1.79,6.4092851406909155
1.16,Ideal,G,VVS2,62.2,56.0,0.040000000000000036,2.5200000000000005,9.1172313574703
1.01,Very Good,H,SI1,63.3,58.0,0.03000000000000025,2.33,8.409566615641813
0.31,Ideal,G,VVS2,62.0,56.0,-0.019999999999999574,1.6599999999999997,6.54884967286012
1.51,Ideal,I,VS2,62.9,57.0,0.03999999999999915,2.670000000000001,9.167849473963017
0.91,Ideal,F,SI2,62.2,56.0,-0.03000000000000025,2.34,8.196425917248831
0.58,Ideal,E,SI1,60.1,55.0,-0.13999999999999968,2.26,7.46407773285501
0.41,Premium,H,SI1,62.9,58.0,0.010000000000000675,1.7499999999999996,6.648566867712262
0.33,Ideal,E,VS2,61.9,54.0,0.04999999999999982,1.67,6.7164650870474665
2.02,Premium,E,SI2,60.4,57.0,0.030000000000001137,3.2299999999999995,9.583246103005413
1.5,Premium,H,SI1,59.2,62.0,0.05999999999999961,3.04,9.168795429684193
1.02,Ideal,H,VS2,60.4,57.0,0.040000000000000036,2.58,8.612335702505401
0.5,Good,I,VS2,60.4,64.0,0.040000000000000036,2.0,6.941575464015854
0.54,Very Good,D,VS1,63.0,54.0,-0.040000000000000036,1.9500000000000006,7.522876762599039
2.23,Very Good,J,VS2,61.0,58.0,-0.030000000000001137,3.2800000000000002,9.57417820184247
0.57,Very Good,F,SI1,62.0,55.0,-0.04999999999999982,2.0500000000000003,7.321395966728182
1.21,Ideal,E,SI1,62.0,56.0,0.07000000000000028,2.55,8.864787586764306
0.3,Premium,H,VS2,61.1,61.0,0.03000000000000025,1.6600000000000001,6.364210878532452
0.91,Very Good,E,SI1,61.9,61.0,-0.020000000000000462,2.3400000000000003,8.331521797807632
0.32,Ideal,H,IF,60.9,56.0,0.009999999999999787,1.7200000000000002,6.80110631236047
2.08,Ideal,G,SI2,61.8,56.0,0.040000000000000924,3.1099999999999994,9.587898069195019
0.32,Very Good,D,SI2,62.8,57.0,-0.03000000000000025,1.6399999999999997,6.198987067522203
0.71,Very Good,G,SI1,60.0,59.0,-0.040000000000000036,2.3299999999999996,7.856479473500668
0.7,Very Good,F,VS1,62.8,56.0,-0.020000000000000462,2.1100000000000003,7.905147258663417
1.2,Ideal,G,SI1,60.5,56.0,-0.03000000000000025,2.7199999999999998,8.818793288981373
0.9,Good,F,SI2,63.2,57.0,-0.0600000000000005,2.2800000000000002,8.123679205655648
0.32,Premium,G,VVS2,60.8,59.0,-0.03000000000000025,1.7500000000000004,6.564661252340126
0.5,Very Good,H,VVS1,63.3,57.0,0.040000000000000036,1.8299999999999996,7.344266713248249
0.39,Fair,E,VS2,65.4,57.0,0.07000000000000028,1.5499999999999998,6.802569597019522
0.31,Ideal,G,VVS1,61.3,56.0,-0.040000000000000036,1.7200000000000002,6.652390964727712
0.43,Ideal,F,SI1,61.6,57.0,-0.04999999999999982,1.8799999999999994,6.716333507624472
0.53,Ideal,F,IF,61.3,57.0,0.019999999999999574,2.0000000000000004,7.812340637822888
0.3,Very Good,D,VS1,59.4,60.0,-0.040000000000000036,1.79,6.330287640063089
0.78,Ideal,D,SI2,61.3,56.0,-0.040000000000000036,2.33,7.9907009947984005
1.0,Very Good,E,VVS2,61.9,61.0,-0.040000000000000036,2.46,9.089357170818392
0.4,Premium,D,VS2,61.7,59.0,0.03000000000000025,1.7999999999999998,6.970411819681937
0.36,Ideal,D,SI1,62.0,54.0,-0.03000000000000025,1.7600000000000002,6.5299063058727995
1.07,Premium,H,VS2,62.4,57.0,0.0600000000000005,2.4299999999999997,8.616164369609692
1.5,Good,E,SI2,63.5,59.0,-0.03000000000000025,2.67,9.104995015190557
0.54,Ideal,H,VS1,62.7,57.0,0.0600000000000005,1.9100000000000001,7.338891850505674
1.0,Fair,F,SI1,64.8,59.0,0.04999999999999982,2.1800000000000006,8.367237718628786
0.32,Ideal,E,VS2,62.3,54.0,-0.03000000000000025,1.6700000000000004,6.513269809519722
0.52,Premium,G,SI2,58.8,62.0,0.009999999999999787,2.1799999999999997,7.057913005356183
0.3,Premium,G,VVS1,61.9,59.0,0.02999999999999936,1.62,6.600440393771512
1.01,Very Good,G,SI1,62.4,60.0,-0.04999999999999982,2.4199999999999995,8.50450808778795
1.0,Premium,D,VS2,60.8,61.0,0.020000000000000462,2.4999999999999996,8.806212827313443
0.9,Very Good,E,VS2,63.0,58.0,-0.03000000000000025,2.29,8.482517998478315
0.54,Ideal,G,SI1,62.5,56.0,-0.040000000000000036,1.9800000000000004,7.1332690215965115
0.4,Premium,D,SI1,61.1,58.0,0.009999999999999787,1.8400000000000003,6.82948233986639
0.5,Ideal,J,VS2,61.6,57.0,-0.040000000000000036,1.98,6.819572777550291
0.31,Ideal,E,VS2,60.7,57.0,-0.020000000000000462,1.7400000000000002,6.491620895450983
1.02,Ideal,J,VS2,60.7,57.0,-0.040000000000000036,2.58,8.400068817097253
0.43,Premium,D,SI1,62.4,60.0,0.03000000000000025,1.79,6.875340690348215
0.32,Ideal,F,VS2,62.6,55.0,-0.03000000000000025,1.6600000000000001,6.464411705922473
0.9,Premium,E,SI1,62.3,56.0,0.07000000000000028,2.2899999999999996,8.316349873796685
0.54,Ideal,E,VS2,61.7,55.0,-0.02999999999999936,2.0299999999999994,7.461220550088548
0.71,Ideal,F,VS1,61.7,55.0,-0.03999999999999915,2.2199999999999998,8.09998737359449
0.6,Good,E,VS1,58.1,63.0,-0.09999999999999964,2.3899999999999997,7.7294906598334405
1.18,Very Good,J,SI2,62.2,58.0,-0.04999999999999982,2.58,8.351264572904517
0.6,Very Good,H,VS2,60.8,60.0,-0.05000000000000071,2.1500000000000004,7.423193198877216
1.08,Premium,G,VS2,60.1,59.0,0.0600000000000005,2.63,8.820023903387193
0.9,Very Good,I,VS1,62.2,58.0,-0.04999999999999982,2.3499999999999996,8.256522087862042
0.93,Very Good,G,SI2,62.9,56.0,-0.03000000000000025,2.3200000000000003,8.15167472949188
0.42,Very Good,D,VVS2,62.8,59.0,-0.02999999999999936,1.7799999999999998,7.064790110100504
0.32,Premium,H,VVS2,62.1,58.0,0.04999999999999982,1.63,6.629132101301307
2.38,Premium,J,VS2,62.6,59.0,0.02999999999999936,3.17,9.626427714166551
1.81,Very Good,I,VS2,62.7,58.0,-0.08999999999999986,2.9299999999999997,9.435295869309556
0.41,Ideal,F,SI1,63.0,56.0,0.07000000000000028,1.7199999999999998,6.792080278453255
0.55,Ideal,F,VS2,61.6,56.0,0.019999999999999574,2.02,7.475817444994289
0.3,Ideal,F,VS1,61.7,56.0,-0.019999999999999574,1.67,6.357556010691984
0.3,Premium,F,VVS1,61.8,59.0,0.03000000000000025,1.6199999999999997,6.6475631787201594
0.36,Very Good,D,SI1,63.1,55.0,0.04999999999999982,1.6600000000000001,6.664139249620952
1.09,Premium,I,SI2,61.3,55.0,0.040000000000000036,2.55,8.315353536647653
0.3,Ideal,F,VVS1,61.5,58.0,-0.020000000000000462,1.6700000000000004,6.51653583880101
1.2,Premium,G,VVS2,61.2,58.0,-0.040000000000000036,2.6799999999999997,9.199010187821813
0.72,Ideal,F,VS1,60.5,56.0,-0.02999999999999936,2.32,8.131691391583535
0.92,Ideal,J,VS2,61.1,57.0,0.08999999999999986,2.3899999999999997,8.107260471892516
0.28,Very Good,D,VVS1,60.3,62.0,-0.020000000000000462,1.6900000000000004,6.438548052802474
1.22,Premium,E,VS2,62.2,55.0,0.0600000000000005,2.5699999999999994,9.097746278913354
1.37,Very Good,G,SI2,62.4,58.0,-0.09999999999999964,2.6999999999999993,8.771196613081283
1.6,Ideal,F,VS1,60.5,57.0,-0.03000000000000025,3.0199999999999996,9.662934749672234
0.43,Ideal,H,VVS2,61.3,56.0,0.040000000000000036,1.87,6.9547104750331386
0.41,Ideal,D,VS2,62.4,54.0,-0.040000000000000036,1.81,6.849018418510258
0.39,Ideal,G,VS1,62.0,55.0,0.04999999999999982,1.7600000000000002,6.876827514619502
0.91,Premium,G,SI1,62.6,56.0,0.04999999999999982,2.29,8.224694469373212
0.71,Ideal,I,VVS1,61.4,56.0,-0.02999999999999936,2.23,7.8898546882792315
2.08,Premium,I,SI2,60.8,61.0,0.02999999999999936,3.210000000000001,9.566524470772318
0.4,Good,G,SI2,63.2,56.0,-0.03000000000000025,1.7500000000000004,6.388587281209023
1.52,Premium,F,VS2,60.9,61.0,0.17999999999999972,2.79,9.517893903981815
0.39,Ideal,F,VVS1,61.7,57.0,-0.03000000000000025,1.8199999999999998,7.021663647258295
0.7,Fair,F,VS2,65.5,57.0,0.13999999999999968,1.8200000000000003,7.685193566842258
0.91,Very Good,G,SI1,63.5,58.0,0.11000000000000032,2.17,8.149309461593527
1.21,Good,G,VVS2,63.8,55.0,0.08999999999999986,2.37,9.13036945893264
0.32,Premium,E,SI1,62.2,57.0,0.04999999999999982,1.6399999999999997,6.559750446261477
1.01,Ideal,G,SI1,62.9,56.0,-0.040000000000000036,2.3999999999999995,8.538775551789454
0.31,Ideal,H,VVS1,61.5,56.0,0.040000000000000036,1.6599999999999997,6.701057580970082
1.93,Premium,H,VS1,60.5,60.0,0.08000000000000007,3.130000000000001,9.555790292874883
0.91,Very Good,D,SI1,62.0,60.0,-0.08000000000000007,2.3800000000000003,8.386478044686346
0.42,Ideal,E,VVS2,61.3,56.0,0.040000000000000036,1.8499999999999996,7.138712558520926
1.21,Premium,G,VS2,61.0,58.0,0.05999999999999961,2.6400000000000006,9.000378353279338
2.05,Premium,J,VS2,62.3,60.0,0.0600000000000005,3.0300000000000002,9.524474285728466
0.91,Good,G,SI2,63.3,57.0,-0.040000000000000036,2.2600000000000002,8.100197005821194
1.03,Premium,H,I1,61.1,60.0,-0.04999999999999982,2.55,8.020321178277795
1.02,Premium,F,VS1,62.0,59.0,-0.020000000000000462,2.44,8.89429862612092
2.02,Premium,I,SI1,62.5,59.0,0.040000000000000924,2.99,9.626435351568558
2.01,Premium,G,SI2,59.9,62.0,0.11000000000000121,3.1899999999999995,9.538939819249766
0.52,Ideal,H,SI1,62.0,55.0,-0.040000000000000036,1.9900000000000002,7.043689613321129
0.5,Good,G,VVS2,63.8,56.0,0.02999999999999936,1.81,7.32912669720965
1.52,Ideal,H,SI1,61.5,57.0,0.08000000000000007,2.79,9.235999729612807
0.31,Ideal,E,VS2,61.9,55.0,-0.02999999999999936,1.6799999999999997,6.492952746049459
1.0,Very Good,D,SI2,62.6,57.0,-0.03000000000000025,2.4000000000000004,8.43573350344478
0.24,Very Good,E,VS2,64.1,59.0,-0.040000000000000036,1.42,6.062215752114368
0.31,Ideal,G,VVS2,62.2,53.0,-0.02999999999999936,1.6699999999999995,6.54884967286012
0.5,Very Good,D,SI1,60.7,59.0,0.07000000000000028,1.96,7.074005896539059
0.52,Premium,E,VS1,59.2,59.0,0.040000000000000036,2.13,7.570982779259935
0.35,Ideal,E,VS2,62.2,56.0,0.020000000000000462,1.6999999999999997,6.770323923552284
0.61,Ideal,H,VVS1,60.3,56.0,-0.03000000000000025,2.21,7.78625724359703
2.27,Good,J,VS1,59.3,61.0,-0.08000000000000007,3.500000000000001,9.577095303221421
0.6,Ideal,E,SI1,62.3,55.0,0.04999999999999982,2.0200000000000005,7.446511523741007
0.36,Ideal,D,VVS2,61.6,57.0,0.03000000000000025,1.7399999999999998,6.987436835184548
0.95,Very Good,G,VS1,61.7,58.0,-0.08000000000000007,2.4499999999999997,8.56157862700383
1.07,Premium,G,SI2,59.8,60.0,0.04999999999999982,2.66,8.384400176541929
0.35,Very Good,E,VS2,61.9,61.0,-0.040000000000000036,1.7400000000000002,6.535536686942899
1.06,Very Good,E,IF,62.4,55.0,-0.040000000000000036,2.4699999999999998,9.331612508434445
1.35,Premium,F,SI2,62.8,60.0,0.08000000000000007,2.58,8.767538224051691
0.77,Good,H,SI1,63.0,65.0,0.08000000000000007,2.1,7.727134706274108
2.01,Good,G,SI2,63.0,60.0,-0.07000000000000028,2.9800000000000004,9.565273855515068
2.05,Premium,F,SI2,60.2,59.0,-0.05000000000000071,3.33,9.605673021677651
1.1,Very Good,I,SI1,63.5,57.0,0.019999999999999574,2.38,8.402583421181108
0.44,Ideal,G,SI1,61.1,56.0,-0.020000000000000462,1.9300000000000006,6.699600456106012
0.7,Very Good,D,SI1,64.0,53.0,-0.040000000000000036,2.0300000000000002,7.804574647391188
1.14,Fair,G,VS1,57.5,67.0,0.0,0.0,8.690068991090536
1.04,Premium,G,SI1,59.2,61.0,0.04999999999999982,2.69,8.525124081279811
1.0,Good,E,VS2,64.0,58.0,0.040000000000000036,2.21,8.671112064314618
0.31,Ideal,D,SI2,62.9,54.0,0.04999999999999982,1.5799999999999996,6.408580377683964
0.8,Good,G,SI1,62.7,57.0,-0.08999999999999986,2.2399999999999998,7.954719191067963
0.39,Very Good,D,VS2,62.2,58.0,-0.0600000000000005,1.7900000000000005,6.772960528776615
0.56,Very Good,D,VS1,60.8,60.0,-0.019999999999999574,2.0999999999999996,7.651771448628457
0.7,Ideal,I,SI1,60.8,59.0,-0.040000000000000036,2.2800000000000002,7.64674585453345
0.91,Good,H,SI1,63.8,56.0,0.04999999999999982,2.17,8.101197098534826
1.34,Ideal,G,VS1,62.7,57.0,-0.05999999999999961,2.67,9.189638668009525
0.38,Very Good,G,VS2,59.7,62.0,-0.019999999999999574,1.8899999999999997,6.516285086912911
1.01,Premium,F,SI2,62.7,58.0,0.05999999999999961,2.3400000000000003,8.336906765526953
0.44,Ideal,F,SI1,61.0,57.0,0.020000000000000462,1.8999999999999995,6.8338551543907124
1.01,Ideal,G,SI1,61.5,56.0,0.05999999999999961,2.4699999999999998,8.547651185570249
1.5,Ideal,G,SI1,61.0,57.0,-0.03000000000000025,2.9000000000000004,9.352475447148942
2.5,Fair,J,SI2,66.9,58.0,0.1399999999999988,2.670000000000001,9.512235112183113
1.04,Ideal,G,VS1,61.5,56.0,-0.040000000000000036,2.54,8.863708983507957
1.02,Very Good,F,VS2,61.7,58.0,-0.03000000000000025,2.5,8.79644323433053
1.54,Very Good,G,VS1,63.4,57.0,-0.08000000000000007,2.7200000000000006,9.51451214099605
1.02,Ideal,H,SI2,59.8,58.0,-0.040000000000000036,2.6599999999999997,8.376168585887884
0.42,Ideal,D,SI1,61.8,57.0,0.040000000000000036,1.8099999999999996,6.874473589407169
1.52,Premium,H,VS1,61.4,58.0,-0.14000000000000057,2.8900000000000006,9.33478293979373
0.31,Premium,G,VS2,60.7,61.0,0.040000000000000036,1.69,6.555284342446223
1.2,Very Good,G,IF,59.4,61.0,-0.03000000000000025,2.83,9.273861787097909
0.73,Ideal,G,VVS2,61.0,56.0,-0.040000000000000036,2.3000000000000003,8.15824744487806
1.32,Very Good,J,SI1,63.5,57.0,0.03000000000000025,2.5300000000000002,8.58213607699942
0.72,Premium,F,VS2,62.0,56.0,0.10000000000000053,2.13,7.908728798945931
0.6,Ideal,E,VS2,62.3,53.8,-0.040000000000000036,2.0700000000000003,7.626314039776111
1.0,Very Good,F,SI1,60.3,61.0,-0.04999999999999982,2.57,8.520463984289918
1.51,Very Good,J,SI1,60.6,57.0,-0.08000000000000007,2.96,8.995174573333358
1.02,Ideal,H,SI1,61.9,57.0,-0.05999999999999961,2.48,8.513680958926747
0.34,Premium,G,VS2,61.2,62.0,0.040000000000000036,1.7100000000000004,6.627809808417738
0.31,Good,D,SI2,63.6,54.0,-0.03000000000000025,1.5899999999999999,6.162162808320581
0.57,Ideal,E,SI2,62.1,55.0,-0.020000000000000462,2.0400000000000005,7.211939995482899
1.19,Premium,D,SI2,58.6,61.0,0.040000000000000036,2.84,8.590873383132717
0.56,Ideal,H,VS1,61.8,55.0,-0.040000000000000036,2.05,7.38038107436709
1.52,Premium,E,SI2,60.8,60.0,0.05999999999999961,2.87,9.129304837406416
1.0,Very Good,G,SI2,60.0,62.0,-0.03000000000000025,2.6000000000000005,8.347429972397594
1.0,Premium,H,SI1,61.5,58.0,-0.08000000000000007,2.5100000000000002,8.43196813449678
0.72,Ideal,D,VS2,62.8,57.0,-0.05000000000000071,2.1500000000000004,8.039091887978902
0.52,Ideal,D,VS2,61.6,55.0,-0.04999999999999982,2.0100000000000002,7.489162087421465
1.0,Very Good,H,SI2,61.7,55.0,-0.05999999999999961,2.4899999999999998,8.3404270393787
1.03,Good,G,SI2,63.7,60.0,0.0699999999999994,2.2600000000000007,8.283456368846213
0.41,Very Good,G,VS2,61.7,61.0,-0.040000000000000036,1.83,6.677051323616509
0.7,Ideal,F,I1,62.1,57.0,0.03000000000000025,2.1199999999999997,7.329036382249875
1.0,Fair,G,VS2,66.1,61.0,0.08999999999999986,2.0,8.485292585716419
1.53,Ideal,H,SI2,61.9,57.0,0.08000000000000007,2.7699999999999996,9.064454751461485
0.31,Very Good,D,SI2,62.5,55.0,-0.040000000000000036,1.6399999999999997,6.1810283196898475
0.57,Ideal,I,VS2,61.8,57.0,-0.03000000000000025,2.05,7.226880528540161
0.45,Premium,I,SI1,60.3,59.0,0.0600000000000005,1.9399999999999995,6.637204339826452
0.31,Ideal,E,SI1,62.7,57.0,0.03000000000000025,1.5899999999999999,6.545534401694632
0.28,Good,F,VVS2,64.9,57.0,-0.03000000000000025,1.4700000000000002,6.3223555369128785
1.08,Ideal,H,SI1,60.5,57.0,-0.040000000000000036,2.6500000000000004,8.560510473850663
1.05,Ideal,G,VS2,60.8,57.0,-0.07000000000000028,2.630000000000001,8.820631832312117
0.33,Ideal,H,VS1,60.2,57.0,0.040000000000000036,1.7799999999999998,6.5286004220431675
1.11,Ideal,E,VVS1,61.3,54.0,-0.040000000000000036,2.6099999999999994,9.367681560152283
0.58,Very Good,F,VS1,62.4,55.0,-0.009999999999999787,2.01,7.553154558757441
0.7,Premium,G,SI2,61.9,58.0,0.040000000000000036,2.1199999999999997,7.558908833251586
0.62,Ideal,E,VS1,61.3,56.0,-0.020000000000000462,2.15,7.770095417906646
1.0,Premium,F,VS2,61.6,55.0,0.08000000000000007,2.4099999999999997,8.700402440359639
1.11,Ideal,J,VS2,61.7,54.0,-0.05000000000000071,2.58,8.487764016528454
1.08,Premium,D,VS1,61.0,59.0,0.04999999999999982,2.5600000000000005,9.063725053085742
0.4,Ideal,F,VVS1,61.5,56.0,-0.03999999999999915,1.8499999999999996,7.038275153208731
0.9,Premium,D,SI1,61.5,60.0,0.020000000000000462,2.37,8.377657345151173
2.14,Very Good,J,SI1,62.3,59.0,-0.019999999999999574,3.12,9.567822715066416
1.55,Premium,D,VS2,61.5,58.0,-0.02999999999999936,2.8999999999999995,9.588736100837473
0.35,Premium,F,VS2,62.0,59.0,-0.040000000000000036,1.7399999999999998,6.5341126692431075
0.71,Ideal,D,VVS2,61.6,56.0,-0.07999999999999918,2.2399999999999998,8.298940733697492
1.25,Very Good,G,VS2,62.2,57.0,-0.040000000000000036,2.6100000000000003,9.051057163741362
0.54,Premium,F,VS2,58.9,59.0,0.04999999999999982,2.1700000000000004,7.442456743137465
0.31,Good,F,VS2,63.4,56.0,-0.03000000000000025,1.5900000000000003,6.365769880489636
0.93,Very Good,E,SI2,60.5,57.0,-0.04999999999999982,2.5300000000000002,8.232874698590207
1.22,Ideal,J,VS1,60.8,57.0,-0.040000000000000036,2.71,8.69622563134721
1.01,Very Good,F,VVS1,62.9,57.0,-0.0600000000000005,2.4000000000000004,9.111717843714326
0.31,Premium,D,SI2,60.1,60.0,0.03000000000000025,1.7399999999999998,6.385326515989923
0.52,Ideal,D,VS2,61.9,57.0,-0.03000000000000025,1.98,7.462474407878089
1.51,Very Good,E,SI1,62.9,62.0,-0.09999999999999964,2.7399999999999993,9.331804338446169
0.57,Premium,D,SI1,62.6,56.0,0.0600000000000005,1.98,7.3985400345812895
0.58,Ideal,G,SI1,62.2,55.0,-0.040000000000000036,2.04,7.252391585849846
0.42,Ideal,G,SI1,62.2,53.0,-0.010000000000000675,1.8400000000000003,6.636665350584125
0.41,Premium,E,VVS2,61.5,58.0,-0.03000000000000025,1.85,7.012143930168146
0.51,Premium,E,SI2,61.8,58.0,0.03000000000000025,1.9300000000000002,7.003665304099958
1.07,Premium,F,SI2,61.8,58.0,-0.0600000000000005,2.5300000000000002,8.435541104427223
1.51,Premium,E,VS2,62.2,59.0,0.040000000000000036,2.7700000000000005,9.540649260434114
0.31,Ideal,G,IF,62.6,57.0,0.020000000000000462,1.5999999999999996,6.86537575323018
0.52,Very Good,I,SI1,63.3,55.0,0.03000000000000025,1.8599999999999994,6.978004324640275
0.4,Very Good,H,VS1,61.8,53.0,-0.020000000000000462,1.83,6.614625454551392
0.95,Premium,I,VS2,62.9,57.0,0.04999999999999982,2.2800000000000002,8.167645180978672
0.53,Very Good,G,SI1,61.2,55.0,-0.1299999999999999,2.11,7.1825634653936765
0.3,Premium,E,SI1,61.3,60.0,-0.040000000000000036,1.6700000000000004,6.224035234112556
1.15,Ideal,G,VS2,59.2,56.0,0.04999999999999982,6.83,8.939959230321778
0.4,Ideal,F,VVS2,62.4,56.0,-0.020000000000000462,1.79,6.951506743563218
0.5,Premium,H,SI1,62.9,58.0,0.03000000000000025,1.8499999999999996,6.8960098547835535
1.51,Premium,D,SI1,62.2,59.0,0.04999999999999982,2.74,9.35068288921054
0.37,Good,H,VS2,63.7,55.0,0.019999999999999574,1.6400000000000001,6.548165815051664
0.35,Very Good,H,VS1,62.6,58.0,-0.02999999999999936,1.6999999999999997,6.405810542601594
1.02,Premium,H,SI1,62.0,60.0,0.03000000000000025,2.41,8.449983470652695
0.42,Ideal,F,VVS1,62.0,55.0,-0.03000000000000025,1.8499999999999996,7.102657533893935
0.3,Ideal,F,VS1,62.2,56.0,-0.03000000000000025,1.65,6.357556010691984
1.21,Ideal,G,SI2,62.1,57.0,-0.04999999999999982,2.6099999999999994,8.631139936250818
0.3,Premium,F,SI1,62.1,61.0,0.040000000000000036,1.6,6.3817582811785485
0.4,Ideal,F,VVS1,61.9,55.0,-0.03000000000000025,1.83,7.038275153208731
0.5,Very Good,H,SI1,62.9,58.0,-0.03000000000000025,1.88,6.783864501568169
1.01,Ideal,E,SI1,60.7,57.0,0.02999999999999936,2.54,8.617331203602879
0.73,Ideal,H,VS2,61.4,55.0,-0.03000000000000025,2.2600000000000002,7.912594852897831
1.5,Very Good,D,VS2,63.6,55.0,-0.07000000000000028,2.66,9.5727517500343
0.56,Ideal,G,VS1,62.0,56.0,-0.019999999999999574,2.02,7.478850609443926
0.57,Ideal,I,VS2,61.5,56.0,-0.02999999999999936,2.07,7.226516128580184
0.59,Ideal,D,IF,60.9,57.0,-0.02999999999999936,2.13,8.256903809747572
0.7,Good,E,SI2,63.7,61.0,-0.040000000000000036,2.0599999999999996,7.624661797944584
1.24,Premium,J,SI2,62.2,58.0,0.1200000000000001,2.54,8.421135669293816
0.35,Ideal,E,VS2,61.5,55.0,0.040000000000000036,1.7299999999999995,6.770323923552284
1.5,Ideal,J,SI1,59.4,62.0,0.03000000000000025,2.9699999999999998,8.951725597455791
0.72,Ideal,I,VVS2,61.6,57.0,-0.02999999999999936,2.2199999999999998,7.845145026811148
1.07,Fair,E,SI2,62.2,66.0,0.08999999999999986,2.420000000000001,8.371614131629162
0.3,Ideal,G,VS1,61.4,55.0,0.05000000000000071,1.6499999999999995,6.486995341651444
0.71,Premium,F,SI2,59.6,59.0,0.040000000000000036,2.31,7.746564259680146
0.51,Premium,F,VVS2,61.9,56.0,0.040000000000000036,1.94,7.589492676757055
0.42,Premium,G,SI1,62.2,58.0,0.019999999999999574,1.7800000000000002,6.756088645896887
0.6,Premium,E,VVS2,62.4,61.0,0.05000000000000071,1.9799999999999995,7.794897764942088
0.3,Ideal,E,SI1,61.9,57.0,-0.040000000000000036,1.6600000000000001,6.234333092342221
1.16,Ideal,I,SI2,62.6,56.0,0.05000000000000071,2.4799999999999995,8.39041042646255
0.51,Ideal,I,VS2,62.1,55.0,-0.03000000000000025,1.96,7.018812691151376
1.72,Very Good,I,SI2,63.4,57.0,0.019999999999999574,2.7700000000000005,9.13714986549498
1.23,Ideal,H,SI1,62.3,57.0,-0.040000000000000036,2.6099999999999994,8.779833914753494
1.01,Ideal,I,SI1,60.6,57.0,-0.04999999999999982,2.5999999999999996,8.402846963510346
0.32,Premium,F,VS2,60.7,58.0,0.040000000000000036,1.7200000000000002,6.65051991637413
0.72,Premium,J,I1,62.9,59.0,0.16999999999999993,2.05,7.125407609640381
0.71,Premium,E,SI1,59.2,59.0,0.03000000000000025,2.37,7.938084850258056
1.55,Fair,F,SI1,59.7,66.0,0.1200000000000001,2.9799999999999995,9.271796271608785
1.0,Fair,F,SI1,56.5,60.0,-0.040000000000000036,2.91,8.467059422937698
1.07,Very Good,J,VVS2,60.0,60.0,-0.019999999999999574,2.6399999999999997,8.608950091843369
0.32,Very Good,H,VS2,63.0,57.0,-0.03000000000000025,1.63,6.254005124538817
0.41,Ideal,F,SI2,61.1,57.0,-0.0600000000000005,1.9100000000000001,6.537240973094146
0.3,Ideal,H,VS2,62.5,53.2,-0.04999999999999982,1.65,6.18112980431164
0.73,Ideal,I,VS1,62.1,55.8,-0.040000000000000036,2.2099999999999995,7.80468200341536
2.01,Premium,H,SI2,62.5,62.0,0.05000000000000071,2.999999999999999,9.555502931800905
0.74,Fair,E,SI2,66.7,62.0,0.0600000000000005,1.7899999999999996,7.554768030929525
0.39,Ideal,F,VVS2,61.2,56.0,-0.04999999999999982,1.8599999999999999,6.934530837652805
0.72,Good,H,SI1,63.7,59.0,-0.04999999999999982,2.0799999999999996,7.704525111645666
1.67,Very Good,G,VVS2,61.6,57.0,-0.08000000000000007,2.9800000000000004,9.64691896192033
0.41,Good,I,SI1,63.8,57.0,-0.03000000000000025,1.71,6.39443700606451
0.57,Good,F,SI2,61.9,57.7,-0.019999999999999574,2.04,7.1507559190940775
0.42,Ideal,H,VVS2,61.9,55.0,-0.03000000000000025,1.8600000000000003,6.854371059301692
0.99,Very Good,G,SI1,62.8,56.0,-0.020000000000000462,2.37,8.380184473455717
0.38,Premium,J,SI1,61.3,59.0,-0.05999999999999961,1.8299999999999996,6.147556003975423
0.34,Ideal,G,VS2,62.2,55.0,-0.03000000000000025,1.71,6.470299898149468
0.32,Very Good,E,SI1,62.0,60.0,-0.04999999999999982,1.6999999999999997,6.307132207816574
0.7,Very Good,H,VS1,60.1,61.0,-0.0699999999999994,2.3399999999999994,7.847567012475493
1.0,Ideal,H,SI1,61.4,55.0,0.04999999999999982,2.47,8.456770393426428
0.71,Ideal,H,IF,62.2,57.0,-0.040000000000000036,2.18,8.056091574379854
1.0,Premium,E,SI2,60.7,58.0,0.07000000000000028,2.48,8.394946435836394
0.59,Very Good,F,SI2,58.6,59.0,-0.040000000000000036,2.3200000000000003,7.238748117404769
1.18,Very Good,G,SI2,62.4,56.0,-0.03000000000000025,2.58,8.56297274984771
0.71,Good,D,SI2,56.6,63.0,0.14000000000000057,2.46,7.7653041162880525
1.07,Premium,G,VS2,61.9,58.0,-0.009999999999999787,2.5,8.813181553576706
0.84,Ideal,G,SI2,62.0,56.0,-0.03000000000000025,2.3099999999999996,7.9429674224703115
0.63,Ideal,F,SI1,59.9,59.0,-0.040000000000000036,2.27,7.646002412904013
1.14,Ideal,I,SI1,61.8,57.0,0.08000000000000007,2.5299999999999994,8.504047465047798
0.33,Premium,E,VS2,61.0,60.0,-0.04999999999999982,1.7599999999999998,6.526881397392285
0.85,Ideal,E,SI1,61.6,57.0,-0.02999999999999936,2.3499999999999996,8.161833534007481
0.31,Ideal,E,VVS1,61.8,56.0,0.020000000000000462,1.65,6.925925961459174
0.51,Ideal,I,SI2,60.8,56.0,-0.1200000000000001,2.0999999999999996,6.833680291340658
0.71,Very Good,H,VS1,62.8,59.0,-0.08999999999999986,2.1500000000000004,7.8578313883072894
0.26,Very Good,F,VS2,62.4,58.0,-0.020000000000000462,1.54,6.14395183759346
0.58,Ideal,D,SI2,63.4,57.0,-0.04999999999999982,1.9699999999999998,7.205953600611684
0.76,Ideal,G,VS2,61.7,54.0,-0.040000000000000036,2.28,8.021537222486232
0.32,Ideal,F,VS1,61.3,56.0,-0.040000000000000036,1.7300000000000004,6.540431270847726
0.32,Premium,G,IF,59.4,60.0,-0.019999999999999574,1.8199999999999998,6.76056954209132
1.15,Very Good,E,SI2,63.1,63.0,0.09999999999999964,2.38,8.469837754920293
2.0,Premium,J,VS2,61.5,59.0,-0.049999999999998934,3.1399999999999997,9.489918662661385
2.19,Ideal,D,SI2,61.8,57.0,-0.2599999999999998,3.3200000000000003,9.660423780583335
0.32,Ideal,H,VS2,60.9,56.0,-0.020000000000000462,1.7400000000000002,6.293633150813937
0.31,Ideal,G,IF,62.3,56.0,-0.020000000000000462,1.6500000000000004,6.7414354065122755
1.12,Very Good,G,I1,61.2,63.0,0.08999999999999986,2.54,8.050973383743006
0.6,Ideal,G,IF,62.0,55.0,-0.05000000000000071,2.0800000000000005,7.869356064764033
0.27,Premium,H,VVS2,60.7,59.0,-0.019999999999999574,1.6600000000000001,6.271848004769994
0.65,Very Good,F,VS1,59.3,56.0,-0.1200000000000001,2.3899999999999997,7.867750217976753
0.7,Good,D,VS1,60.4,62.0,-0.02999999999999936,2.2899999999999996,8.044473466955838
1.16,Fair,H,SI1,65.8,58.0,0.08000000000000007,2.1799999999999997,8.417152276782003
0.23,Ideal,E,VVS2,62.8,57.0,-0.04999999999999982,1.4899999999999998,6.152600513157412
0.5,Fair,F,VS1,62.9,68.0,0.05999999999999961,1.8199999999999998,7.225105637269203
0.5,Fair,E,VS2,79.0,73.0,0.03000000000000025,1.0899999999999999,7.237970644720453
0.4,Ideal,F,VVS1,62.2,56.0,-0.03000000000000025,1.8000000000000003,7.038275153208731
0.32,Good,D,SI1,63.1,57.0,-0.009999999999999787,1.62,6.328109890567041
1.01,Very Good,H,VS1,62.0,60.0,0.04999999999999982,2.4099999999999997,8.605617919114913
0.72,Ideal,F,SI1,61.5,58.0,-0.040000000000000036,2.23,7.940051499653175
1.14,Ideal,I,SI1,62.3,58.0,-0.04999999999999982,2.54,8.511286272240095
1.07,Premium,G,VS2,60.5,56.0,0.07000000000000028,2.5999999999999996,8.820919510925638
0.41,Ideal,F,VVS2,61.0,56.0,0.040000000000000036,1.85,7.07600020024604
1.05,Premium,D,SI2,60.4,57.0,0.04999999999999982,2.5799999999999996,8.469994434500924
1.73,Good,E,I1,63.6,59.0,0.040000000000000036,2.7399999999999993,8.756938955015249
0.44,Premium,H,VVS1,60.1,58.0,0.040000000000000036,1.9499999999999997,7.0117308407922385
1.04,Premium,D,VS1,60.8,58.0,0.03000000000000025,2.54,9.007422210998124
1.01,Premium,G,VS2,63.0,56.0,0.0600000000000005,2.33,8.675907950571634
0.42,Ideal,D,VS1,62.3,57.0,0.040000000000000036,1.7799999999999998,7.056588036421796
0.5,Very Good,F,SI1,62.8,56.0,-0.02999999999999936,1.8899999999999997,6.907211408770037
0.71,Premium,E,SI2,61.8,57.0,0.0600000000000005,2.15,7.7456831040380285
1.01,Very Good,I,VS1,59.7,58.0,-0.040000000000000036,2.66,8.527110323604497
0.5,Good,F,VS2,63.8,55.0,-0.02999999999999936,1.8399999999999994,7.060178485290758
1.01,Very Good,D,VVS2,63.0,56.0,-0.0600000000000005,2.3900000000000006,9.183953178346728
1.01,Very Good,F,SI1,62.9,57.0,-0.05000000000000071,2.3900000000000006,8.549309506301661
0.37,Ideal,D,SI1,61.5,57.0,0.03000000000000025,1.7599999999999998,6.698762620009019
0.31,Ideal,E,VVS2,61.6,55.0,-0.03000000000000025,1.69,6.661509197270804
0.75,Premium,F,SI1,61.4,59.0,0.03000000000000025,2.2499999999999996,7.934072925564548
1.21,Very Good,I,SI1,60.6,56.0,-0.08000000000000007,2.7699999999999996,8.633390635219696
1.01,Very Good,I,SI1,63.1,57.0,-0.040000000000000036,2.3600000000000003,8.338739900672833
1.23,Premium,F,VS1,61.3,60.0,0.040000000000000036,2.66,9.193603091501318
0.32,Ideal,J,VVS1,62.3,54.0,-0.019999999999999574,1.6799999999999997,6.3604706988297455
0.56,Very Good,G,SI1,61.8,55.0,-0.04999999999999982,2.0500000000000003,7.219186194523132
1.04,Premium,E,SI1,59.6,59.0,0.03000000000000025,2.6399999999999997,8.596136090459607
1.24,Very Good,F,VS2,59.6,59.0,-0.07000000000000028,2.88,9.08471559454748
1.68,Ideal,H,SI1,61.9,56.0,-0.08999999999999986,2.9699999999999998,9.428486635553082
2.1,Fair,G,SI2,65.2,56.0,0.040000000000000036,2.7399999999999993,9.4615668275828
0.43,Ideal,J,IF,62.4,56.0,-0.03000000000000025,1.8400000000000003,6.82191780637274
1.02,Premium,G,VS2,60.5,54.0,0.08999999999999986,2.5300000000000002,8.726875465073453
1.06,Premium,G,VVS2,59.6,58.0,-0.040000000000000036,2.7,8.996123924757793
1.1,Good,G,SI2,64.2,56.0,0.040000000000000036,2.3199999999999994,8.329578814535962
1.06,Premium,F,SI1,61.9,59.0,0.05000000000000071,2.4699999999999998,8.616500951597711
0.71,Ideal,E,VS2,62.9,55.0,0.040000000000000036,2.11,7.9819211666163445
1.05,Premium,F,SI2,62.3,56.0,0.040000000000000036,2.4399999999999995,8.37103953897766
0.91,Premium,D,SI2,62.7,59.0,-0.040000000000000036,2.33,8.22514077458473
2.03,Ideal,I,SI2,60.8,59.0,-0.08000000000000007,3.2399999999999993,9.620422809964985
0.85,Ideal,G,SI1,62.1,56.0,-0.04999999999999982,2.3299999999999996,8.029453079098882
2.01,Fair,H,SI2,66.7,56.0,0.040000000000000036,2.5699999999999994,9.442328928083237
0.4,Ideal,D,VS2,61.6,57.0,0.05999999999999961,1.79,6.982077201506923
0.9,Ideal,F,SI1,61.7,55.0,0.03000000000000025,2.35,8.331365681097129
1.01,Good,D,VS1,61.1,56.0,-0.0699999999999994,2.5199999999999996,8.966350563872417
0.5,Premium,G,SI1,62.6,56.0,0.040000000000000036,1.8799999999999994,6.986289289923533
1.12,Premium,D,VS1,62.1,57.0,0.02999999999999936,2.5100000000000007,9.090227455589973
0.71,Ideal,F,VS1,61.5,57.0,-0.02999999999999936,2.23,8.09296616281205
0.75,Ideal,E,VS2,61.9,57.0,-0.020000000000000462,2.23,8.098773746853501
0.76,Ideal,E,SI1,61.5,56.0,-0.020000000000000462,2.2800000000000002,8.049125341004368
0.71,Ideal,G,SI1,62.1,54.0,-0.03000000000000025,2.19,7.848785043143534
1.09,Premium,I,SI1,61.7,59.0,0.05999999999999961,2.4800000000000004,8.431038798808583
0.37,Premium,E,VVS2,59.7,61.0,0.040000000000000036,1.87,6.893795670378064
0.33,Ideal,E,VS1,60.6,57.0,0.040000000000000036,1.7599999999999998,6.762336867709074
0.3,Good,I,SI1,63.5,57.0,-0.019999999999999574,1.5599999999999996,5.956440562688467
0.26,Very Good,D,VVS2,62.8,60.0,-0.040000000000000036,1.52,6.309378176070431
0.7,Ideal,H,VVS1,61.5,57.0,-0.040000000000000036,2.2200000000000006,7.98896599398281
0.73,Ideal,E,VS1,62.3,56.0,0.04999999999999982,2.15,8.076039813285618
1.18,Premium,H,VS2,61.1,60.0,0.040000000000000036,2.62,8.769415445707232
1.02,Premium,H,SI2,59.2,59.0,0.03000000000000025,2.66,8.322158786432679
0.7,Very Good,D,SI1,62.6,57.0,-0.03000000000000025,2.14,7.857687320600627
0.43,Ideal,I,VS2,62.0,55.0,-0.03000000000000025,1.8600000000000003,6.583006171018104
0.41,Very Good,E,SI1,61.1,62.0,-0.07000000000000028,1.9,6.65650824764689
0.32,Very Good,I,VS2,63.0,56.0,-0.040000000000000036,1.65,6.151617746533415
1.2,Premium,H,SI2,59.8,58.0,0.08999999999999986,2.7199999999999998,8.523679621821659
2.24,Premium,J,SI2,62.2,59.0,0.03999999999999915,3.1399999999999997,9.521518988152744
0.51,Ideal,E,VS2,61.8,57.0,-0.010000000000000675,1.9700000000000002,7.3404357017528445
0.24,Very Good,G,VVS2,62.0,57.0,-0.03000000000000025,1.54,6.20031854216348
0.32,Very Good,I,VS1,62.6,58.0,-0.020000000000000462,1.6500000000000004,6.2054582155473526
1.02,Very Good,D,VS2,63.4,54.0,0.04999999999999982,2.3,8.825812662570645
2.03,Ideal,I,SI2,61.1,56.0,0.05000000000000071,3.16,9.594772548863029
0.35,Ideal,F,VS2,62.5,57.0,-0.03000000000000025,1.7100000000000004,6.542179988529519
0.4,Very Good,E,VS2,62.9,55.0,-0.009999999999999787,1.7600000000000002,6.747200262598404
0.55,Ideal,I,SI1,61.4,54.0,-0.04999999999999982,2.0799999999999996,7.01290883247351
0.4,Very Good,E,SI1,62.2,54.4,-0.040000000000000036,1.8099999999999996,6.612797277960992
1.55,Ideal,D,SI2,61.1,56.0,-0.03000000000000025,2.920000000000001,9.215454473807572
1.34,Ideal,G,VVS1,62.2,56.0,0.07000000000000028,2.6399999999999997,9.344019840696658
0.4,Ideal,F,VVS1,60.7,56.0,0.020000000000000462,1.8699999999999997,7.134043199174089
1.5,Ideal,D,VS2,62.6,56.0,0.05999999999999961,2.6799999999999997,9.581424631642905
0.3,Premium,D,SI1,62.5,58.0,0.040000000000000036,1.5899999999999994,6.445101335675046
0.7,Good,H,SI1,65.0,57.0,-0.07000000000000028,1.98,7.58507681522414
0.3,Ideal,F,VS2,62.1,55.0,0.04999999999999982,1.5999999999999996,6.51011419465809
2.64,Ideal,H,SI2,62.3,55.0,0.05000000000000071,3.3100000000000005,9.613565451382556
0.85,Fair,I,SI1,65.8,65.0,0.08999999999999986,1.9500000000000002,7.679537867091017
1.53,Very Good,I,VS2,62.8,59.0,-0.040000000000000036,2.7299999999999995,9.162148875996373
0.32,Ideal,E,SI2,61.3,56.0,-0.03000000000000025,1.73,6.2250175553030225
0.25,Ideal,E,VVS1,61.2,57.0,-0.040000000000000036,1.6100000000000003,6.372513793440093
1.24,Ideal,G,VS2,62.0,56.0,-0.03000000000000025,2.630000000000001,9.05790758724687
1.02,Very Good,E,SI1,59.2,56.0,-0.05999999999999961,2.7199999999999998,8.608494917360238
0.46,Ideal,G,IF,60.9,57.0,-0.02999999999999936,1.9699999999999998,7.245020358067208
0.3,Ideal,D,VS2,61.8,55.0,0.02999999999999936,1.6400000000000001,6.5906108474195095
0.31,Premium,I,VS2,62.3,60.0,-0.010000000000000675,1.6300000000000003,6.160105983867886
0.3,Good,E,VVS1,61.2,63.0,-0.019999999999999574,1.6599999999999997,6.476100287412279
1.51,Very Good,H,SI1,59.9,55.0,-0.07999999999999918,3.039999999999999,9.226848734500585
1.21,Very Good,H,SI1,60.4,58.0,-0.04999999999999982,2.7699999999999996,8.717195790240527
1.09,Ideal,I,SI1,59.4,61.0,-0.05000000000000071,2.7500000000000004,8.470356192528252
0.45,Premium,G,VVS1,60.8,58.0,-0.0600000000000005,1.9700000000000006,7.111772317839901
0.53,Ideal,D,SI1,62.3,56.0,0.02999999999999936,1.9300000000000002,7.31594483472816
2.17,Premium,H,SI1,62.3,58.0,0.03999999999999915,3.0999999999999996,9.64997630781681
0.53,Ideal,I,VS2,62.2,56.0,-0.04999999999999982,1.98,7.1077926441811785
0.7,Premium,F,VVS2,62.2,56.0,0.08999999999999986,2.1,8.02062602708209
1.23,Very Good,F,VVS2,62.4,58.0,-0.14999999999999947,2.63,9.36548335852047
1.2,Ideal,J,VS2,61.8,55.0,-0.020000000000000462,2.63,8.619277595722062
0.7,Very Good,E,VVS1,61.6,61.0,-0.03000000000000025,2.2100000000000004,8.189573981321773
0.71,Ideal,D,SI1,61.7,57.0,-0.04999999999999982,2.22,8.013690799085055
1.01,Premium,G,SI1,61.0,62.0,0.08999999999999986,2.47,8.507046369190425
0.95,Premium,H,SI1,62.9,58.0,0.04999999999999982,2.29,8.187907341296999
1.83,Very Good,I,VS1,61.9,57.0,-0.0600000000000005,3.0300000000000002,9.465757882915872
1.33,Ideal,J,VS1,62.4,55.0,-0.03000000000000025,2.66,8.736681055128484
0.39,Very Good,G,VS1,60.3,59.0,-0.05999999999999961,1.9099999999999997,6.714381691263536
0.34,Very Good,H,VVS2,61.4,58.0,-0.040000000000000036,1.75,6.51519278775612
0.51,Ideal,G,SI2,62.0,56.0,-0.03000000000000025,1.9700000000000002,6.925779028269375
0.73,Very Good,F,SI1,59.3,61.0,-0.02999999999999936,2.3899999999999997,7.903334785242328
0.55,Ideal,E,VS1,61.2,54.0,-0.020000000000000462,2.0700000000000003,7.619920765279255
1.5,Premium,F,VS2,61.5,58.0,-0.020000000000000462,2.8400000000000007,9.533865168294035
1.06,Ideal,I,SI1,61.9,54.0,-0.03000000000000025,2.5199999999999996,8.472618417096179
1.2,Ideal,E,VVS1,60.1,61.0,-0.08000000000000007,2.7800000000000002,9.477172484364543
1.21,Very Good,F,VS2,63.5,55.0,0.05999999999999961,2.4299999999999997,9.006065903474418
0.32,Ideal,G,VS1,60.9,56.0,-0.040000000000000036,1.75,6.459080060359962
0.34,Premium,D,VS2,60.4,60.0,-0.04999999999999982,1.8199999999999994,6.614566064468213
1.52,Premium,D,SI2,59.8,60.0,0.08000000000000007,2.96,9.126183499761732
0.31,Ideal,G,VS2,62.1,54.0,-0.020000000000000462,1.6600000000000001,6.372578952032137
1.4,Very Good,G,VS1,62.6,58.0,-0.040000000000000036,2.66,9.32983075530328
1.08,Ideal,F,SI1,61.8,55.0,-0.04999999999999982,2.55,8.677201396357322
1.33,Premium,H,VS2,62.6,58.0,0.0600000000000005,2.5999999999999996,8.908071323480906
0.44,Very Good,H,SI1,63.5,57.0,0.02999999999999936,1.7500000000000004,6.664127837209302
0.4,Very Good,F,SI1,62.1,57.0,-0.040000000000000036,1.7900000000000005,6.577373817214068
0.39,Ideal,E,VVS2,62.1,54.6,-0.03000000000000025,1.79,6.975328326762789
1.33,Good,D,VS2,63.6,58.0,0.10999999999999943,2.4800000000000004,9.157691727366005
2.02,Ideal,J,SI2,62.7,56.9,-0.040000000000000924,3.0200000000000005,9.547882608654694
0.74,Ideal,D,VS1,61.7,55.0,-0.05999999999999961,2.26,8.237030414101222
0.9,Very Good,D,VVS2,62.6,59.0,-0.040000000000000036,2.3100000000000005,8.86077021320259
0.59,Ideal,G,VS2,62.1,57.0,-0.02999999999999936,2.05,7.455667601837549
0.5,Very Good,E,SI2,61.7,58.0,-0.0600000000000005,1.98,6.8744122501946645
1.2,Very Good,E,VVS2,63.2,56.0,-0.04999999999999982,2.5100000000000007,9.395480112897115
0.3,Very Good,F,SI1,63.5,59.0,0.02999999999999936,1.5200000000000005,6.292491842607885
1.12,Premium,H,VS1,62.1,58.0,-0.040000000000000036,2.5299999999999994,8.734768183337515
1.54,Premium,E,VS2,60.8,58.0,-0.05000000000000071,2.9300000000000006,9.547777409711847
0.31,Ideal,G,VS2,62.3,56.0,-0.04999999999999982,1.65,6.372578952032137
0.36,Premium,F,VS1,60.7,58.0,0.04999999999999982,1.7800000000000002,6.8170345837897734
1.82,Premium,H,SI1,62.0,59.0,0.040000000000000036,2.9399999999999995,9.507926234587996
0.63,Very Good,H,VS2,61.2,59.2,-0.02999999999999936,2.15,7.552388536465478
1.11,Premium,I,SI2,61.5,58.0,0.040000000000000036,2.5300000000000002,8.31251504469437
0.7,Ideal,E,SI1,60.2,57.0,-0.040000000000000036,2.33,7.9233901826275615
1.25,Premium,H,SI2,62.2,60.0,0.03000000000000025,2.5599999999999996,8.622057984535399
0.4,Very Good,G,VVS2,58.9,58.0,-0.040000000000000036,2.0,6.8902298476417005
0.33,Very Good,H,IF,62.9,58.0,-0.04999999999999982,1.6599999999999997,6.673702782200705
0.32,Ideal,H,VVS1,61.6,56.0,0.020000000000000462,1.6799999999999997,6.740029024785556
0.31,Premium,G,VS1,60.4,59.0,0.040000000000000036,1.7200000000000002,6.593648457535687
0.4,Ideal,G,VVS1,61.4,55.0,0.040000000000000036,1.8099999999999996,7.071028192692761
1.04,Ideal,F,VS1,61.4,57.0,-0.04999999999999982,2.55,8.96727211670058
0.5,Very Good,H,VS1,63.0,56.0,-0.03000000000000025,1.88,7.0320973351770615
0.41,Premium,E,SI1,60.1,60.0,-0.040000000000000036,1.94,6.685902692924412
1.18,Ideal,I,SI2,62.2,57.0,-0.02999999999999936,2.5599999999999996,8.457358792685742
1.53,Premium,G,VS2,59.4,59.0,0.040000000000000036,3.04,9.45273030742182
1.54,Premium,F,SI1,60.9,59.0,-0.09999999999999964,2.9899999999999993,9.339929691832506
1.03,Premium,E,SI2,61.8,59.0,0.04999999999999982,2.44,8.388041475534388
1.73,Very Good,I,SI2,62.0,58.0,-0.09000000000000075,2.95,9.203894871211716
0.38,Ideal,F,VS2,62.1,53.8,-0.009999999999999787,1.77,6.632825109506028
0.96,Very Good,E,VS2,58.7,58.0,-0.040000000000000036,2.6999999999999997,8.522738529006492
1.01,Premium,G,SI1,60.8,60.0,0.08000000000000007,2.4799999999999995,8.518022968930262
0.53,Ideal,H,SI2,61.5,56.0,-0.020000000000000462,2.0200000000000005,6.9720326887879525
1.27,Ideal,H,SI1,60.6,57.0,0.07000000000000028,2.74,8.834150499319382
0.41,Very Good,E,SI1,61.0,61.0,-0.02999999999999936,1.8699999999999997,6.635689955564411
1.7,Ideal,H,VS1,62.8,57.0,0.10000000000000053,2.75,9.497028968704782
0.31,Ideal,D,VVS2,62.4,56.0,-0.040000000000000036,1.6599999999999997,6.696091419259255
0.58,Ideal,E,VS2,62.1,55.0,0.009999999999999787,2.02,7.556157224784702
1.21,Very Good,J,VS2,62.2,59.0,-0.04999999999999982,2.5999999999999996,8.58306724730572
0.31,Premium,J,VS2,62.4,60.0,0.040000000000000036,1.6,6.259925180827498
0.31,Very Good,H,VS2,63.2,57.0,0.02999999999999936,1.58,6.379239226203822
0.71,Ideal,G,VS2,62.1,57.0,0.08000000000000007,2.11,7.869033604135633
0.41,Ideal,J,VS1,61.6,55.1,-0.04999999999999982,1.8499999999999996,6.494368131384072
0.32,Premium,I,VVS2,61.9,59.0,-0.03000000000000025,1.6799999999999997,6.355142726265355
0.3,Premium,G,SI1,62.6,57.0,0.08999999999999986,1.56,6.3420476120248175
0.51,Very Good,F,VS2,63.1,59.0,0.05999999999999961,1.8399999999999999,7.286919072259524
1.27,Ideal,J,SI1,61.4,57.0,-0.03000000000000025,2.71,8.591509866657542
0.45,Premium,D,VS1,60.6,59.0,0.020000000000000462,1.9500000000000002,7.093013118176982
0.24,Ideal,G,IF,61.6,57.0,-0.02999999999999936,1.5599999999999996,6.402335596668829
1.6,Premium,H,VS2,62.6,58.0,0.04999999999999982,2.7700000000000005,9.333669803342243
0.9,Good,E,SI2,64.1,57.0,-0.019999999999999574,2.19,8.111221171749895
0.76,Ideal,I,SI1,61.6,54.0,-0.05999999999999961,2.29,7.773971232117231
0.26,Good,H,VVS2,63.3,58.0,-0.040000000000000036,1.5100000000000002,6.190798936314729
0.7,Ideal,H,VS1,61.9,55.0,-0.05999999999999961,2.1999999999999997,7.87009233248628
0.72,Fair,J,SI2,66.1,55.0,-0.04999999999999982,1.8999999999999995,7.373744257222615
0.56,Very Good,F,SI1,63.9,59.0,-0.05999999999999961,1.9,7.180975449281289
1.01,Premium,G,SI1,62.1,56.0,0.05999999999999961,2.39,8.496066244688258
0.41,Ideal,F,VS1,62.1,56.0,-0.03000000000000025,1.8299999999999996,6.859791763869344
0.96,Ideal,I,VS2,59.8,57.0,0.03000000000000025,2.5599999999999996,8.232555090492232
0.91,Very Good,D,SI1,63.0,59.0,-0.040000000000000036,2.2900000000000005,8.353492153937168
1.14,Ideal,H,SI2,62.6,57.0,0.08999999999999986,2.45,8.421560128465735
0.3,Premium,H,VS2,61.1,59.0,0.07000000000000028,1.65,6.3689342653217516
0.3,Good,F,VS2,63.5,55.0,-0.03000000000000025,1.5700000000000003,6.230634847240006
1.2,Ideal,H,SI2,62.6,58.0,-0.0699999999999994,2.5699999999999994,8.579749810996434
0.38,Very Good,F,VS1,62.8,56.0,-0.04999999999999982,1.7399999999999998,6.665829642422134
0.54,Very Good,F,VS2,63.0,56.8,-0.040000000000000036,1.94,7.3114800710049925
0.51,Ideal,F,VS2,62.8,57.0,0.040000000000000036,1.8699999999999997,7.336894626079541
1.0,Ideal,E,VS2,62.9,55.0,0.040000000000000036,2.3500000000000005,8.77777767166657
0.52,Premium,G,VS2,61.7,58.0,0.020000000000000462,1.9599999999999995,7.337363331732223
0.92,Ideal,H,SI2,60.5,57.0,0.009999999999999787,2.48,8.138378634310168
1.11,Ideal,I,SI1,62.4,55.0,-0.040000000000000036,2.51,8.476586597863061
0.5,Ideal,E,VS1,62.2,57.0,-0.03000000000000025,1.9499999999999997,7.2785370584313185
1.63,Very Good,I,SI1,61.9,60.0,-0.040000000000000036,2.8899999999999997,9.213793599813751
1.01,Ideal,E,SI1,61.8,56.0,-0.04999999999999982,2.5,8.63819496659911
0.53,Premium,F,VS2,62.1,58.0,0.04999999999999982,1.94,7.400599071297243
0.72,Ideal,I,SI1,61.3,56.0,-0.02999999999999936,2.26,7.728199283693725
0.45,Ideal,G,IF,62.0,53.0,-0.04999999999999982,1.9100000000000001,7.187901293792495
0.3,Good,H,VVS2,63.4,57.0,-0.03000000000000025,1.56,6.281241923449596
0.6,Ideal,F,SI1,61.5,58.0,-0.03000000000000025,2.0900000000000003,7.413468252721548
0.38,Very Good,D,VS1,58.2,58.0,-0.040000000000000036,2.0199999999999996,6.767630470446291
0.32,Very Good,E,VVS2,61.6,54.0,-0.03000000000000025,1.7199999999999998,6.635053620671
0.77,Very Good,D,VS2,63.1,57.0,0.03000000000000025,2.14,8.062143298349827
0.72,Ideal,E,SI1,62.1,54.0,-0.040000000000000036,2.21,7.987768065605557
0.9,Good,D,SI1,63.6,63.0,0.040000000000000036,2.18,8.236531273045657
1.04,Premium,G,SI2,60.3,62.0,0.05999999999999961,2.56,8.33017535678786
0.32,Ideal,E,VVS2,62.3,55.0,-0.03000000000000025,1.6700000000000004,6.694512871264307
0.52,Premium,I,VVS1,63.0,58.0,0.020000000000000462,1.8799999999999994,7.421951758639856
2.01,Premium,H,SI2,62.3,60.0,0.019999999999999574,2.99,9.559911913635762
0.38,Premium,D,VVS2,60.8,55.0,0.040000000000000036,1.8199999999999998,7.018629249413482
0.41,Very Good,F,VS2,62.8,57.0,-0.02999999999999936,1.7799999999999998,6.715267700653097
0.71,Premium,G,VS2,60.3,60.0,0.04999999999999982,2.2699999999999996,7.92696000477921
2.29,Premium,G,SI2,62.5,59.0,0.05000000000000071,3.1100000000000003,9.563234860616816
1.01,Very Good,D,VVS2,60.2,58.0,-0.0600000000000005,2.6300000000000003,9.207132230427034
0.37,Ideal,E,VS1,61.4,56.0,-0.009999999999999787,1.8000000000000003,6.719634140878026
1.5,Very Good,G,VS2,60.5,57.0,-0.040000000000000036,2.9499999999999993,9.485509115969608
0.35,Premium,F,VS2,61.5,59.0,0.019999999999999574,1.7400000000000002,6.708115695509637
0.4,Good,I,VVS2,59.7,62.0,-0.040000000000000036,1.94,6.649544022491309
0.77,Ideal,E,VS2,61.0,56.0,-0.04999999999999982,2.34,8.161655398621075
0.39,Ideal,F,VVS2,61.3,56.0,-0.03999999999999915,1.8599999999999994,6.934530837652805
1.06,Very Good,D,SI1,59.4,57.0,-0.0699999999999994,2.7499999999999996,8.702314193521666
0.63,Ideal,I,SI1,62.0,57.0,-0.020000000000000462,2.0900000000000003,7.331765664457313
0.26,Very Good,H,VVS2,60.5,56.0,-0.03000000000000025,1.6500000000000004,6.202844896808595
1.52,Ideal,I,VS1,61.4,57.0,0.040000000000000036,2.84,9.24014015640303
0.74,Ideal,I,VS1,62.1,56.0,-0.07000000000000028,2.2300000000000004,7.817601908471186
0.32,Ideal,E,SI2,61.6,56.0,-0.02999999999999936,1.7099999999999995,6.2250175553030225
0.3,Premium,H,VS1,61.4,59.0,-0.03000000000000025,1.6800000000000002,6.222541356253852
1.04,Premium,H,SI1,58.7,61.0,0.04999999999999982,2.7,8.44854234140113
0.3,Premium,H,VS1,62.2,60.0,-0.05999999999999961,1.6400000000000001,6.222541356253852
1.5,Good,G,SI2,57.5,63.0,0.040000000000000036,3.17,8.961622508909892
1.2,Premium,E,I1,62.3,60.0,0.07000000000000028,2.51,8.277886035525174
1.25,Premium,J,SI2,62.3,59.0,0.040000000000000036,2.5600000000000005,8.47102617427991
0.72,Very Good,F,SI1,62.3,57.0,-0.04999999999999982,2.1899999999999995,7.87134815314651
2.72,Ideal,H,I1,59.6,55.0,0.03999999999999915,3.6800000000000006,9.172323059120256
0.32,Premium,G,SI2,62.7,58.0,-0.040000000000000036,1.6499999999999995,6.121005300372034
0.65,Ideal,D,VS2,61.6,57.0,-0.040000000000000036,2.1599999999999997,7.809311641443817
0.57,Ideal,G,SI1,62.3,54.0,-0.009999999999999787,2.0199999999999996,7.252391585849846
0.71,Very Good,I,VS1,63.3,56.0,0.040000000000000036,2.0600000000000005,7.730911808756524
1.01,Very Good,G,VS2,63.1,55.0,0.019999999999999574,2.3400000000000007,8.67265722720945
0.71,Ideal,D,SI2,61.9,56.0,0.04999999999999982,2.1700000000000004,7.803021058183953
1.5,Very Good,I,VS2,63.8,59.0,0.05999999999999961,2.6000000000000005,9.136275579569295
1.52,Premium,E,SI2,58.1,60.0,0.05999999999999961,3.1400000000000006,9.090576981626864
0.31,Ideal,G,VVS2,62.5,53.0,-0.03000000000000025,1.6600000000000001,6.54884967286012
1.39,Premium,F,SI1,62.1,58.0,0.0600000000000005,2.67,9.126789659475978
0.52,Good,F,SI1,63.8,56.0,0.04999999999999982,1.8200000000000003,7.1606022676168095
1.0,Very Good,G,VS1,62.4,60.0,-0.019999999999999574,2.4099999999999997,8.756994919068125
0.31,Premium,F,VS2,63.0,57.0,0.0600000000000005,1.5599999999999996,6.635679594680545
0.51,Ideal,F,VVS2,62.6,57.0,0.03000000000000025,1.8999999999999995,7.592125081336715
0.33,Premium,G,VS2,61.4,60.0,0.040000000000000036,1.69,6.582741168584747
1.0,Fair,F,SI1,68.7,55.0,0.17999999999999972,1.7699999999999996,8.30828218283754
1.2,Ideal,G,SI2,62.2,56.0,-0.09999999999999964,2.62,8.638161147033257
0.4,Very Good,I,VS1,61.7,57.0,-0.020000000000000462,1.8200000000000003,6.530286274589973
1.22,Premium,I,SI1,59.0,61.0,0.03999999999999915,2.8500000000000005,8.625854571809699
1.0,Ideal,E,SI2,62.9,56.0,0.020000000000000462,2.3299999999999996,8.388063866411775
0.59,Ideal,G,VS2,61.9,56.0,-0.05000000000000071,2.0900000000000003,7.4598262184416795
2.16,Premium,J,SI1,60.5,59.0,0.0600000000000005,3.2799999999999994,9.544069526401215
0.38,Ideal,F,VVS2,61.3,55.0,-0.009999999999999787,1.8299999999999996,6.8172805198492075
0.71,Ideal,F,VS1,62.0,57.0,-0.04999999999999982,2.2,8.09296616281205
0.36,Very Good,E,VS2,62.8,56.0,-0.03000000000000025,1.7000000000000002,6.596107174786314
0.52,Premium,E,VS2,62.5,56.0,0.02999999999999936,1.9200000000000004,7.4524416525121175
0.9,Very Good,D,SI2,63.0,58.0,-0.040000000000000036,2.29,8.214235455433432
0.26,Ideal,F,VS1,62.3,56.0,-0.019999999999999574,1.5499999999999998,6.26313069744909
0.32,Premium,E,VVS1,60.8,59.0,-0.020000000000000462,1.75,6.8057120324934735
1.02,Good,G,SI1,63.6,58.0,0.04999999999999982,2.29,8.468162902502193
0.91,Ideal,I,VS2,61.6,55.0,-0.07000000000000028,2.43,8.227862648333671
1.01,Good,G,VS2,60.2,65.0,0.0699999999999994,2.5600000000000005,8.664408387761974
0.44,Ideal,D,VS1,61.6,56.0,0.07000000000000028,1.8399999999999999,7.072589133511584
0.79,Ideal,G,SI1,62.3,57.0,0.05000000000000071,2.1899999999999995,7.900109435865259
0.41,Ideal,H,VVS1,62.2,57.0,-0.040000000000000036,1.8200000000000003,6.912195549732534
0.33,Ideal,D,SI1,62.5,54.0,0.010000000000000675,1.6599999999999997,6.60142463532262
1.07,Good,H,SI1,58.1,60.0,-0.0600000000000005,2.8600000000000003,8.52573482196493
0.27,Ideal,G,VS2,61.4,55.0,-0.019999999999999574,1.63,6.1689450053974655
1.56,Premium,J,VS1,61.3,59.0,0.04999999999999982,2.88,9.0809277647947
1.51,Ideal,H,VS2,62.5,56.0,0.040000000000000036,2.76,9.31108147766075
1.0,Premium,D,VVS2,61.6,60.0,0.04999999999999982,2.43,9.131303765459371
1.01,Very Good,E,VS1,62.9,60.0,-0.09999999999999964,2.42,8.907929629304515
0.31,Ideal,F,VS1,62.1,56.0,-0.02999999999999936,1.6599999999999997,6.507427596854223
0.23,Ideal,G,VS1,61.6,55.0,-0.03000000000000025,1.54,6.065578492043918
0.71,Very Good,I,SI1,62.6,63.0,0.07000000000000028,2.05,7.602119890491439
1.01,Good,G,SI2,63.7,58.0,-0.040000000000000036,2.3199999999999994,8.324878681684728
0.33,Ideal,G,VS1,61.9,55.0,-0.03000000000000025,1.7000000000000002,6.493802964171106
1.5,Fair,H,SI1,65.0,57.0,0.040000000000000036,2.46,9.119474589610391
0.42,Good,E,VVS2,61.9,61.0,-0.0600000000000005,1.8400000000000003,6.983128590519076
0.53,Ideal,E,SI1,62.0,56.0,0.020000000000000462,1.96,7.278075058392023
0.56,Very Good,D,SI1,62.2,63.0,-0.04999999999999982,2.0100000000000002,7.306704974452182
0.72,Ideal,G,VS2,61.0,55.0,-0.020000000000000462,2.2800000000000002,7.9734208835051374
0.7,Good,E,SI1,63.3,60.0,-0.03000000000000025,2.06,7.7643730490068865
1.01,Very Good,F,SI2,62.2,58.0,-0.040000000000000036,2.43,8.38119017480168
2.03,Premium,F,SI1,61.3,59.0,-0.07000000000000028,3.200000000000001,9.721030716834687
0.31,Ideal,F,SI1,60.5,57.0,0.02999999999999936,1.7300000000000004,6.497187817697669
0.37,Ideal,E,VVS2,61.6,55.0,-0.009999999999999787,1.7799999999999998,6.826319176513542
2.01,Good,H,SI2,63.7,59.0,0.04999999999999982,2.83,9.538216083242325
1.3,Ideal,H,SI2,61.1,57.0,0.04999999999999982,2.7199999999999998,8.695869736818112
0.7,Ideal,E,VS2,62.2,55.0,0.02999999999999936,2.1400000000000006,7.897596613187338
1.5,Good,H,SI2,64.0,61.0,0.040000000000000036,2.5599999999999996,8.957591395591455
0.9,Good,J,SI1,64.3,63.0,0.040000000000000036,2.13,7.8205851744981745
1.21,Ideal,E,VS1,62.2,57.0,0.03000000000000025,2.5599999999999996,9.221631926041127
1.03,Very Good,F,VS2,62.3,59.0,-0.0600000000000005,2.45,8.771272334328518
0.9,Very Good,G,VS2,61.9,56.0,-0.0600000000000005,2.3900000000000006,8.413488210576809
0.42,Ideal,G,VS1,61.9,56.0,0.05000000000000071,1.7999999999999994,6.923097691816271
0.3,Ideal,D,SI2,62.0,56.0,-0.03000000000000025,1.6599999999999997,6.1104476763420035
0.78,Very Good,H,VS1,61.7,56.0,-0.020000000000000462,2.2800000000000002,8.01795175775233
0.31,Ideal,D,VS2,62.3,55.0,-0.040000000000000036,1.6600000000000001,6.533355049953212
2.02,Very Good,H,SI1,63.4,60.0,-0.07999999999999918,2.969999999999999,9.667912770695127
0.33,Ideal,G,SI1,61.6,56.0,-0.040000000000000036,1.7299999999999995,6.283910613766025
1.76,Ideal,I,VVS2,60.2,58.0,-0.03000000000000025,3.1399999999999997,9.422547822066694
1.17,Ideal,I,VS1,61.5,57.0,-0.04999999999999982,2.63,8.734851794801694
1.54,Ideal,I,SI2,62.0,59.0,-0.04999999999999982,2.8200000000000003,9.018300798127205
0.31,Premium,I,VS2,59.9,60.0,-0.03000000000000025,1.7900000000000005,6.1559871369885055
1.11,Ideal,F,VVS1,62.1,57.0,-0.07000000000000028,2.5600000000000005,9.271052688286654
0.54,Premium,F,SI2,59.6,60.0,0.03000000000000025,2.11,7.103280457962706
0.52,Premium,D,SI1,61.4,58.0,-0.03000000000000025,2.0100000000000002,7.280561607834264
0.82,Ideal,D,SI1,61.9,56.0,-0.02999999999999936,2.2999999999999994,8.175897534920443
0.38,Very Good,E,VS1,61.5,58.0,-0.05000000000000071,1.8200000000000003,6.700979354889082
1.24,Premium,H,SI1,60.2,60.0,0.03000000000000025,2.74,8.735647227288418
0.31,Ideal,I,VVS1,62.8,55.0,0.03000000000000025,1.6,6.58721706946792
0.3,Ideal,G,VS2,62.0,54.0,-0.019999999999999574,1.6599999999999997,6.260745062041327
0.32,Ideal,H,VVS2,59.8,57.0,-0.03999999999999915,1.8299999999999996,6.4674320834013725
0.3,Premium,H,VVS2,62.0,58.0,-0.04999999999999982,1.6699999999999995,6.328348733100314
1.51,Fair,I,SI2,66.0,57.0,0.13999999999999968,2.3,8.859767778584423
0.3,Premium,E,SI1,59.5,58.0,-0.03000000000000025,1.7999999999999998,6.190270441808701
0.5,Good,E,SI1,63.3,59.0,-0.040000000000000036,1.8600000000000003,6.916312604204076
1.0,Fair,F,SI2,65.5,56.0,0.10999999999999943,2.1000000000000005,8.152969708018919
1.22,Ideal,G,VS1,62.0,56.0,-0.04999999999999982,2.6399999999999997,9.144408449993236
0.7,Ideal,I,SI2,62.1,57.0,-0.04999999999999982,2.18,7.5037237556994345
0.8,Very Good,G,VS1,62.7,56.0,-0.040000000000000036,2.2300000000000004,8.187542101469798
1.01,Premium,I,SI1,61.8,59.0,0.07000000000000028,2.41,8.322552071156816
0.4,Very Good,E,VS1,62.9,56.0,-0.040000000000000036,1.7599999999999998,6.816910022818801
1.01,Premium,G,VS2,61.5,56.0,0.05999999999999961,2.45,8.690674170687355
1.06,Very Good,D,SI2,60.9,58.0,-0.05999999999999961,2.6100000000000003,8.508833133879685
0.59,Ideal,I,SI2,62.8,57.0,-0.040000000000000036,2.0100000000000002,7.035011405963168
0.7,Good,H,VS2,63.8,60.0,0.08000000000000007,1.9699999999999998,7.658319257440189
1.35,Ideal,G,VVS2,61.5,55.0,-0.04999999999999982,2.7700000000000005,9.33067273642992
1.48,Good,G,IF,59.8,61.0,0.20000000000000018,2.8899999999999997,9.573019441043893
1.5,Premium,G,SI1,62.3,60.0,0.09999999999999964,2.67,9.266260276024802
0.55,Ideal,G,VVS1,61.2,56.0,-0.020000000000000462,2.06,7.6508417278918746
0.7,Ideal,E,SI2,61.2,55.0,0.08000000000000007,2.1799999999999997,7.705820351026501
0.71,Good,J,VS2,63.8,58.0,0.03000000000000025,2.0100000000000002,7.5659875808092245
1.07,Ideal,F,IF,62.0,57.0,-0.05000000000000071,2.5100000000000007,9.308672876731872
0.36,Very Good,I,VS2,61.6,58.0,-0.05000000000000071,1.7700000000000005,6.294931488625214
0.54,Very Good,H,SI2,62.7,59.0,-0.03000000000000025,1.9500000000000002,6.91381234907501
0.58,Ideal,F,SI1,59.9,56.0,-0.05999999999999961,2.21,7.415040137616941
1.58,Ideal,F,VS2,60.0,57.0,-0.0600000000000005,3.05,9.562886649733022
0.9,Good,H,SI1,62.8,62.0,-0.040000000000000036,2.28,8.141496699200554
0.41,Ideal,G,SI1,61.8,55.0,-0.009999999999999787,1.8399999999999994,6.607906143383806
0.72,Ideal,E,SI1,60.3,57.0,-0.019999999999999574,2.3299999999999996,7.992539222735629
1.01,Ideal,I,SI1,60.2,59.0,-0.04999999999999982,2.62,8.388888520119975
1.61,Ideal,G,VS1,61.9,55.0,0.03000000000000025,2.87,9.613869285279582
0.32,Very Good,G,VVS1,61.2,59.0,-0.040000000000000036,1.7400000000000002,6.641008364737314
1.38,Ideal,F,SI2,62.0,58.0,-0.04999999999999982,2.74,8.952683239522912
0.53,Very Good,E,SI2,63.4,56.0,0.019999999999999574,1.8800000000000003,7.034190749329298
1.04,Ideal,I,VS1,62.9,43.0,0.040000000000000036,2.37,8.572299278456754
0.72,Very Good,E,SI1,63.3,56.0,-0.040000000000000036,2.11,7.867446124253005
0.32,Premium,G,SI2,61.0,59.0,-0.05999999999999961,1.7399999999999998,6.121005300372034
1.09,Ideal,F,SI2,61.2,55.0,-0.03000000000000025,2.5999999999999996,8.497509877050485
0.54,Ideal,I,VVS1,62.7,57.0,0.08000000000000007,1.8899999999999997,7.427005771861764
1.5,Ideal,I,SI1,61.8,57.0,-0.040000000000000036,2.8099999999999996,9.137211955744865
0.32,Premium,F,VS2,59.7,59.0,-0.03000000000000025,1.8000000000000003,6.429912739725615
0.66,Ideal,D,VVS2,61.6,57.0,-0.0699999999999994,2.1899999999999995,8.079794276181214
0.31,Good,E,IF,64.2,60.0,0.0600000000000005,1.4899999999999998,6.824079073314423
1.0,Very Good,E,SI2,60.5,59.0,-0.040000000000000036,2.5700000000000003,8.408836905823815
0.31,Premium,G,SI1,61.5,59.0,0.040000000000000036,1.6599999999999997,6.428349340446017
0.64,Ideal,E,SI1,62.0,56.0,0.040000000000000036,2.0900000000000003,7.6058897910086785
0.7,Ideal,E,SI1,60.6,57.0,-0.05999999999999961,2.2899999999999996,7.9206396316074335
1.07,Ideal,F,VS2,62.4,55.0,-0.040000000000000036,2.4800000000000004,8.906625131664965
0.9,Good,I,VS1,62.8,57.0,-0.08999999999999986,2.3200000000000003,8.241116793999671
0.72,Ideal,J,IF,62.0,55.0,-0.02999999999999936,2.1999999999999997,7.813175055398522
0.36,Ideal,E,VS2,61.1,56.0,0.03000000000000025,1.7799999999999998,6.817271686057622
1.02,Very Good,E,SI2,60.7,62.0,-0.02999999999999936,2.55,8.430414948894274
0.99,Fair,H,VS2,71.6,57.0,0.14000000000000057,1.5999999999999996,8.193253535737783
1.64,Ideal,F,SI2,61.4,57.0,0.040000000000000036,2.8999999999999995,9.221446895416042
0.32,Ideal,E,IF,61.9,56.0,0.019999999999999574,1.6700000000000004,7.010877927290302
1.51,Good,H,SI1,61.8,62.0,-0.040000000000000036,2.8,9.197673117382266
0.77,Very Good,D,SI1,59.9,59.0,-0.04999999999999982,2.4000000000000004,8.068160510823727
0.52,Ideal,G,VS1,61.8,55.0,0.040000000000000036,1.96,7.4492172242962145
1.04,Ideal,G,VS2,62.0,59.0,-0.07000000000000028,2.49,8.76527941551611
0.37,Very Good,D,SI1,61.0,62.0,-0.02999999999999936,1.8199999999999998,6.476505623313555
0.52,Ideal,D,VS2,62.1,57.0,-0.040000000000000036,1.9699999999999998,7.462474407878089
0.71,Good,G,VS2,64.1,56.0,0.040000000000000036,1.9999999999999996,7.801828140238727
0.72,Good,G,VS2,59.7,60.5,-0.040000000000000036,2.3699999999999997,7.907009752519631
0.3,Good,H,VS1,63.4,53.0,-0.04999999999999982,1.5899999999999999,6.174625652889328
0.83,Ideal,D,SI1,61.5,53.0,0.019999999999999574,2.33,8.170737202714921
0.31,Ideal,G,VVS2,62.1,56.0,0.0600000000000005,1.5999999999999996,6.708179756144359
1.03,Premium,H,SI1,59.5,58.0,0.05999999999999961,2.65,8.473550902172866
0.77,Ideal,D,VS2,61.6,55.0,-0.03000000000000025,2.2800000000000002,8.186718112391578
1.1,Very Good,F,SI2,59.1,57.0,-0.10000000000000053,2.8200000000000003,8.464429786776874
0.92,Premium,F,SI1,61.8,59.0,-0.040000000000000036,2.4,8.30827628526459
2.01,Good,H,SI1,63.2,58.0,-0.05000000000000071,2.95,9.65416734641171
1.01,Very Good,G,VS2,62.9,60.0,-0.0699999999999994,2.3799999999999994,8.695369845225098
0.41,Very Good,G,VS2,60.9,61.0,-0.009999999999999787,1.8599999999999999,6.676675639809782
0.9,Ideal,F,SI1,60.7,57.0,-0.040000000000000036,2.47,8.364114385979466
1.24,Ideal,H,SI1,60.9,57.0,-0.04999999999999982,2.7300000000000004,8.78458895015525
1.0,Good,G,SI1,64.4,54.0,-0.03000000000000025,2.2600000000000007,8.440452463661737
0.31,Premium,I,VVS2,62.1,58.0,0.03000000000000025,1.6199999999999997,6.4982958975608085
0.9,Premium,H,SI1,61.4,60.0,0.04999999999999982,2.33,8.171016465981996
0.72,Premium,G,VS2,62.3,57.0,0.04999999999999982,2.1300000000000003,7.844699340062468
0.9,Very Good,I,VS2,63.4,56.0,-0.03000000000000025,2.25,8.123327129315898
0.74,Premium,F,SI1,61.2,59.0,0.05999999999999961,2.24,7.935908769067853
0.23,Very Good,E,VVS2,61.9,60.0,-0.029999999999999805,1.52,6.068992896930707
0.7,Very Good,J,VS2,63.3,58.0,-0.019999999999999574,2.07,7.472555723512259
0.31,Very Good,G,VS1,63.2,56.0,0.009999999999999787,1.5700000000000003,6.579491150934178
1.19,Very Good,H,VS1,62.4,59.0,-0.05999999999999961,2.5700000000000003,8.85422781711906
0.82,Very Good,I,SI1,60.5,58.0,-0.07000000000000028,2.42,7.846895287655537
0.6,Premium,E,SI1,59.6,59.0,0.03999999999999915,2.2000000000000006,7.474866149194889
0.3,Premium,I,VS1,62.9,59.0,0.08000000000000007,1.5399999999999996,6.300150318546582
0.51,Very Good,I,VS2,60.3,63.0,0.03000000000000025,2.03,7.075814223127469
0.74,Very Good,F,SI2,63.1,55.0,0.02999999999999936,2.1100000000000003,7.686044588335398
0.33,Ideal,G,SI2,61.2,56.0,-0.02999999999999936,1.7599999999999998,6.147098898711188
0.76,Premium,F,SI2,61.8,58.0,0.04999999999999982,2.21,7.821686817353853
0.4,Ideal,G,VVS1,62.3,54.0,-0.009999999999999787,1.7999999999999998,6.973563896168949
0.3,Ideal,D,VS2,62.3,58.0,-0.040000000000000036,1.63,6.388378601623133
0.75,Ideal,D,SI1,62.3,57.0,0.03000000000000025,2.1799999999999997,7.970627292136701
0.24,Very Good,E,VVS2,62.1,59.0,-0.04999999999999982,1.5299999999999998,6.21319052938864
0.3,Premium,F,VVS2,61.4,59.0,0.05000000000000071,1.6499999999999995,6.591952728056527
1.02,Ideal,G,VS2,62.8,57.0,-0.08999999999999986,2.4300000000000006,8.74501600997714
0.41,Ideal,G,SI1,62.9,56.0,0.04999999999999982,1.73,6.744947321755659
0.54,Ideal,G,SI2,62.3,58.0,-0.03000000000000025,1.9700000000000002,7.00801945198057
0.58,Good,E,VS1,61.5,61.9,-0.040000000000000036,2.07,7.6161603575551755
0.58,Very Good,G,SI1,63.5,56.0,0.05999999999999961,1.9100000000000001,7.222589574886802
1.03,Ideal,G,VS1,62.3,56.0,0.040000000000000036,2.42,8.829447870213746
1.09,Very Good,G,SI2,62.1,57.0,-0.04999999999999982,2.5300000000000002,8.423617800171098
0.4,Good,E,VS1,63.8,57.0,0.02999999999999936,1.6900000000000004,6.916785738781253
0.29,Very Good,H,VS1,62.2,56.0,-0.02999999999999936,1.6299999999999994,6.152941709367681
0.4,Very Good,H,SI1,62.6,58.0,-0.040000000000000036,1.7799999999999998,6.46085049736878
1.01,Good,D,VVS2,63.7,57.0,-0.07000000000000028,2.33,9.139343896973108
0.9,Very Good,D,SI1,62.5,63.0,0.02999999999999936,2.2800000000000002,8.328648915985337
0.71,Very Good,G,VVS2,60.8,58.0,-0.019999999999999574,2.2699999999999996,8.07258118819449
0.32,Ideal,D,VS2,62.7,57.0,0.040000000000000036,1.6300000000000003,6.751358084555227
2.3,Ideal,H,SI2,62.6,57.0,0.05000000000000071,3.0999999999999996,9.59549315613961
0.91,Premium,D,SI1,62.8,59.0,0.040000000000000036,2.28,8.344857276317441
1.31,Premium,H,VS2,62.1,58.0,0.14999999999999947,2.5500000000000007,8.891098235594702
0.52,Ideal,F,SI1,61.8,55.0,0.040000000000000036,1.9500000000000002,7.2380225697607665
1.5,Good,H,I1,64.0,56.0,0.1299999999999999,2.49,8.41834376708849
0.3,Ideal,E,SI1,62.3,56.0,-0.03000000000000025,1.6400000000000001,6.233968692382244
1.47,Premium,F,SI2,61.6,60.0,0.04999999999999982,2.8,8.921273257023389
0.31,Premium,E,VVS2,61.4,58.0,0.03000000000000025,1.6600000000000001,6.80525861716639
0.51,Premium,G,VS1,60.2,57.0,0.040000000000000036,2.06,7.420275314607628
0.76,Ideal,E,SI2,61.5,57.0,-0.040000000000000036,2.27,7.921726550788654
1.01,Ideal,I,SI1,61.9,57.0,-0.09999999999999964,2.52,8.386249559430867
1.08,Fair,J,SI2,64.9,60.0,0.13999999999999968,2.17,8.056802803595245
0.36,Premium,I,VS1,62.0,59.0,0.0699999999999994,1.7000000000000002,6.511397880265695
0.45,Good,E,SI1,63.9,57.0,0.05000000000000071,1.7199999999999998,6.831289956252183
0.53,Premium,D,VS1,62.4,61.0,0.11000000000000032,1.8999999999999995,7.594708743506872
0.25,Ideal,F,SI1,60.1,56.0,-0.019999999999999574,1.65,6.087996277390401
0.73,Ideal,F,SI2,62.1,56.0,0.040000000000000036,2.17,7.749750880715713
0.34,Ideal,D,VS2,62.0,54.0,0.03999999999999915,1.6900000000000004,6.810726227456036
1.0,Ideal,E,VS2,61.6,57.0,0.0600000000000005,2.4299999999999997,8.774905425450008
2.56,Premium,J,SI1,61.4,58.0,0.02999999999999936,3.3600000000000003,9.62847099343922
0.7,Ideal,H,SI1,60.6,57.0,-0.04999999999999982,2.29,7.767494928323465
0.73,Very Good,G,SI2,62.2,58.0,-0.05999999999999961,2.1999999999999997,7.741375624798756
0.82,Premium,G,SI2,60.7,61.0,0.02999999999999936,2.3400000000000003,7.869821392513735
0.32,Premium,D,SI1,60.9,60.0,0.020000000000000462,1.7099999999999995,6.582553696543188
0.3,Very Good,H,SI1,61.6,62.0,-0.05999999999999961,1.67,6.038202449956875
2.5,Fair,H,SI2,64.9,58.0,0.030000000000001137,2.9499999999999993,9.594099295667505
0.31,Ideal,D,VS2,59.0,57.0,0.040000000000000036,1.8100000000000005,6.6967550637511435
0.51,Ideal,D,VS2,62.1,56.0,-0.04999999999999982,1.9700000000000002,7.388279518271023
0.51,Premium,D,SI1,62.0,59.0,0.040000000000000036,1.9300000000000002,7.222715721007974
0.72,Very Good,E,SI1,63.0,56.0,-0.02999999999999936,2.1399999999999997,7.897637448710691
0.76,Premium,G,SI2,58.8,59.0,0.040000000000000036,2.4299999999999997,7.769511230211826
2.2,Very Good,H,VS2,63.3,58.0,0.02999999999999936,3.0100000000000007,9.660073688510963
1.01,Fair,F,SI1,66.8,60.0,0.08000000000000007,2.01,8.354784495506967
0.51,Very Good,H,VS2,60.8,58.0,-0.04999999999999982,2.04,7.1374468980524695
0.27,Very Good,G,VVS2,61.9,57.0,-0.03000000000000025,1.5900000000000003,6.276948196446772
1.01,Very Good,E,SI2,62.8,57.0,-0.03000000000000025,2.38,8.41745332380335
0.41,Fair,H,SI1,65.4,61.0,-0.1200000000000001,1.6399999999999997,6.460156539166555
1.11,Very Good,H,SI2,59.8,60.0,-0.08999999999999986,2.74,8.406643361176322
0.81,Ideal,G,SI2,61.6,56.0,-0.040000000000000036,2.32,7.927592730062781
1.0,Fair,J,SI1,65.3,57.0,0.20999999999999996,2.04,8.048435732173319
0.71,Premium,E,SI1,61.8,56.0,0.04999999999999982,2.17,7.893211302406475
0.52,Premium,E,VVS2,60.1,58.0,0.05000000000000071,2.05,7.758779521815448
2.3,Premium,H,SI2,62.7,56.0,0.040000000000000924,3.13,9.571951361476193
1.06,Very Good,F,SI1,61.2,57.0,-0.09999999999999964,2.62,8.653343513970604
0.92,Good,D,SI1,60.2,56.0,-0.040000000000000036,2.5300000000000002,8.393875125712444
1.01,Very Good,D,VVS1,63.9,56.0,-0.040000000000000036,2.3100000000000005,9.28143864570197
0.73,Fair,G,SI1,65.5,56.0,0.05999999999999961,1.92,7.682259828419132
1.01,Very Good,D,SI2,62.9,60.0,-0.11000000000000032,2.4299999999999997,8.43832756628346
0.56,Premium,G,VS1,62.4,58.0,-0.08000000000000007,2.02,7.471147690117492
0.71,Very Good,E,SI1,61.7,61.0,-0.019999999999999574,2.21,7.934750455871304
0.59,Ideal,G,SI1,61.3,56.0,-0.019999999999999574,2.11,7.307767240229846
0.3,Ideal,G,IF,62.6,54.0,-0.03000000000000025,1.63,6.557304617034538
1.18,Premium,J,SI1,62.5,55.0,0.08000000000000007,2.5,8.407628271134707
0.3,Very Good,G,VS2,62.2,60.0,-0.009999999999999787,1.6099999999999999,6.22152983060189
1.54,Premium,G,VS2,63.0,59.0,0.0600000000000005,2.6799999999999997,9.435339708780873
0.34,Very Good,H,VVS2,63.1,57.0,-0.08000000000000007,1.6800000000000002,6.51440430911371
2.01,Very Good,I,SI1,61.7,60.0,-0.129999999999999,3.1499999999999995,9.615893673761128
0.39,Very Good,G,VVS2,60.7,61.0,-0.03000000000000025,1.8700000000000006,6.827950811240322
0.31,Good,I,VS2,63.1,54.0,-0.03000000000000025,1.6099999999999999,6.127153572921798
2.12,Ideal,H,SI2,61.4,57.0,0.03999999999999915,3.17,9.59549315613961
0.35,Ideal,H,VVS2,62.5,57.0,0.05999999999999961,1.6600000000000006,6.6945461218889175
1.02,Good,D,SI2,64.1,58.0,-0.07000000000000028,2.29,8.385337225679734
0.51,Ideal,D,IF,62.1,55.0,-0.009999999999999787,1.94,8.024306954596595
0.28,Ideal,H,VS2,61.9,55.0,-0.03000000000000025,1.6200000000000006,6.11465246795283
1.06,Very Good,I,VS1,58.5,58.3,-0.1299999999999999,2.85,8.62692426522255
1.04,Premium,H,VS2,61.2,59.0,0.0600000000000005,2.51,8.58035184515139
0.6,Ideal,D,SI1,61.7,56.0,-0.05000000000000071,2.1000000000000005,7.499054595010067
1.21,Ideal,G,VS1,61.6,57.0,-0.020000000000000462,2.6500000000000004,9.121659635735794
0.4,Ideal,E,SI1,60.6,56.0,-0.010000000000000675,1.8800000000000003,6.660436985496263
0.32,Ideal,F,IF,61.2,56.0,-0.040000000000000036,1.7400000000000002,6.834567665600974
0.34,Ideal,G,SI1,62.7,57.0,0.02999999999999936,1.6600000000000006,6.514447442614973
1.0,Ideal,H,VS2,61.2,60.0,-0.04999999999999982,2.52,8.555499805456718
0.3,Premium,H,VVS2,61.5,58.0,-0.019999999999999574,1.6599999999999997,6.328348733100314
1.05,Ideal,J,SI2,61.6,57.0,0.040000000000000036,2.49,8.248208737876894
0.9,Very Good,I,VS2,63.0,60.0,-0.019999999999999574,2.29,8.14190531664235
0.72,Very Good,J,VVS1,60.1,58.0,-0.040000000000000036,2.34,7.818683945563806
0.56,Ideal,E,SI1,61.7,56.0,-0.03000000000000025,2.0500000000000003,7.334920432488726
1.62,Premium,E,SI2,61.8,59.0,0.03000000000000025,2.8599999999999994,9.20805239585992
0.54,Ideal,H,VS2,60.1,57.0,0.04999999999999982,2.0900000000000003,7.280736399363143
1.28,Premium,G,VVS2,62.1,58.0,0.04999999999999982,2.6000000000000005,9.26790522275529
0.54,Very Good,H,SI1,61.0,57.0,-0.04999999999999982,2.0699999999999994,7.085391587979707
1.03,Very Good,G,VS1,61.3,56.1,-0.019999999999999574,2.5299999999999994,8.841370224751934
0.5,Ideal,D,VS1,61.0,56.0,-0.040000000000000036,2.03,7.394607746458972
0.31,Ideal,F,VS2,62.3,55.0,-0.03000000000000025,1.6400000000000001,6.44409464245221
1.53,Premium,G,VS1,61.0,60.0,0.02999999999999936,2.880000000000001,9.54132110013517
0.41,Ideal,G,VS2,62.7,56.0,0.040000000000000036,1.7499999999999996,6.8536511051787095
2.28,Ideal,G,SI2,61.6,57.0,0.07000000000000028,3.1899999999999995,9.585025822978457
1.06,Premium,F,SI2,62.6,59.0,0.040000000000000036,2.41,8.375310674409699
0.71,Ideal,E,SI1,61.9,56.0,0.04999999999999982,2.16,7.9196253432864525
1.83,Premium,G,VS2,60.5,59.0,0.10000000000000053,3.09,9.652784167189115
2.01,Premium,G,SI1,60.3,59.0,0.08000000000000007,3.21,9.682409229796166
1.01,Premium,F,SI1,61.8,59.0,0.07000000000000028,2.4,8.535281075816002
0.42,Ideal,E,VS2,62.4,55.0,-0.040000000000000036,1.83,6.841856569584413
0.7,Good,H,SI2,62.8,57.0,-0.08000000000000007,2.1300000000000003,7.520931780931604
0.65,Very Good,F,VS2,64.0,55.3,-0.07000000000000028,2.0300000000000002,7.638063763953087
0.38,Good,E,IF,59.1,58.0,-0.02999999999999936,1.9599999999999995,6.951714848758986
0.33,Ideal,G,VS1,61.1,56.0,-0.020000000000000462,1.7500000000000004,6.493802964171106
1.5,Ideal,H,SI1,62.0,55.0,-0.04999999999999982,2.8,9.250382161388409
0.56,Premium,E,VS2,61.8,56.0,0.02999999999999936,2.0100000000000002,7.525480383206466
1.01,Ideal,F,VS1,60.8,57.0,0.020000000000000462,2.5499999999999994,8.928406589259799
0.58,Ideal,I,SI1,62.2,54.0,-0.040000000000000036,2.05,7.079280327137043
0.32,Premium,I,VS1,62.0,58.0,-0.03000000000000025,1.6800000000000002,6.225531149809249
0.4,Good,E,SI1,63.7,56.0,0.03000000000000025,1.6800000000000002,6.739347852229933
0.31,Very Good,G,IF,61.6,54.0,-0.02999999999999936,1.7099999999999995,6.701067296470451
1.0,Ideal,G,SI2,62.3,56.0,0.019999999999999574,2.4800000000000004,8.357045121408648
0.39,Ideal,F,VS1,62.2,56.0,0.07000000000000028,1.73,6.942976878752518
0.26,Ideal,G,IF,62.5,57.0,-0.040000000000000036,1.5499999999999998,6.445704697116497
0.46,Good,F,VS1,59.9,61.9,-0.040000000000000036,2.05,7.044964230682258
0.51,Very Good,E,VVS2,60.0,58.0,-0.03000000000000025,2.1000000000000005,7.641301851729424
1.87,Premium,H,SI2,62.5,58.0,0.05000000000000071,2.9099999999999993,9.34478385334214
0.34,Ideal,E,VS1,61.2,57.0,-0.04999999999999982,1.7599999999999998,6.665229100124754
0.41,Premium,E,VS1,60.7,58.0,-0.040000000000000036,1.9100000000000001,6.8893111257602335
0.33,Very Good,D,VS1,60.3,61.0,-0.02999999999999936,1.7999999999999998,6.574562209201695
0.4,Ideal,H,VVS1,61.4,57.0,-0.0699999999999994,1.8799999999999994,6.882422393967901
0.72,Very Good,E,VVS2,61.3,60.0,-0.02999999999999936,2.2399999999999998,8.191907360794625
0.32,Very Good,G,SI2,60.7,61.0,-0.04999999999999982,1.7699999999999996,6.084393917663005
0.93,Premium,F,SI1,58.8,60.0,0.1200000000000001,2.5900000000000003,8.29273062340401
0.28,Premium,E,VVS2,58.7,60.0,0.03000000000000025,1.7699999999999996,6.510330591185327
0.7,Premium,G,SI2,58.9,59.0,0.03000000000000025,2.33,7.6376080852113235
0.33,Very Good,D,SI2,63.4,56.0,0.02999999999999936,1.6000000000000005,6.330862982538992
0.53,Very Good,D,SI1,61.4,57.0,-0.05999999999999961,2.05,7.323476092336562
0.52,Premium,F,VS2,60.2,59.0,-0.019999999999999574,2.08,7.414002795987323
0.33,Ideal,H,SI2,61.4,56.0,0.05999999999999961,1.8399999999999999,6.238327318136846
0.32,Ideal,F,VVS1,62.1,56.0,0.040000000000000036,1.6499999999999995,6.90529135873149
0.43,Very Good,E,SI1,62.9,56.0,-0.03000000000000025,1.8000000000000003,6.7024210102776705
1.53,Very Good,E,SI1,62.6,57.0,-0.16000000000000014,2.8200000000000003,9.3745214627103
0.31,Premium,E,VVS2,60.8,55.0,0.04999999999999982,1.6999999999999997,6.813042011093171
0.33,Premium,G,VS2,61.3,59.0,0.019999999999999574,1.7100000000000004,6.582741168584747
0.55,Very Good,E,VVS2,59.9,58.0,-0.040000000000000036,2.15,7.721432345478228
0.7,Very Good,E,SI1,61.0,57.0,-0.05000000000000071,2.2500000000000004,7.880024922833566
0.3,Ideal,F,VS2,60.7,57.0,0.04999999999999982,1.67,6.504949329775879
0.52,Ideal,D,VS2,62.7,53.0,0.03000000000000025,1.9099999999999997,7.506750887893691
0.35,Premium,D,SI1,62.1,58.0,0.03000000000000025,1.6999999999999997,6.643465045360185
0.32,Premium,E,IF,61.6,58.0,-0.009999999999999787,1.6899999999999995,6.883814254292036
0.97,Ideal,H,SI2,61.6,55.0,0.04999999999999982,2.41,8.122494885489635
0.36,Premium,I,VS1,62.0,59.0,-0.0699999999999994,1.7699999999999996,6.368370894661244
0.41,Ideal,I,VVS1,61.3,56.0,-0.04999999999999982,1.8899999999999997,6.796591736087538
0.54,Ideal,G,VS1,62.3,55.0,0.040000000000000036,1.9500000000000002,7.45348185222057
0.35,Ideal,E,VVS1,62.0,56.0,-0.07000000000000028,1.7600000000000002,6.894378605857601
0.9,Ideal,E,SI1,61.7,57.0,-0.03000000000000025,2.4000000000000004,8.38502386086462
0.43,Premium,G,IF,61.4,59.0,-0.05999999999999961,1.8899999999999997,7.132752838402146
0.31,Ideal,D,VS2,61.7,55.0,0.05000000000000071,1.6499999999999995,6.734509635408721
0.51,Premium,E,VS2,60.3,59.0,0.019999999999999574,2.06,7.42245750845094
0.43,Ideal,F,VVS2,61.9,56.0,-0.04999999999999982,1.87,7.048059924631197
0.9,Fair,F,VS1,65.7,59.0,0.040000000000000036,2.02,8.379595291875683
0.93,Good,F,SI2,59.4,61.0,-0.009999999999999787,2.54,8.12239329259269
0.5,Very Good,E,SI2,60.8,61.0,-0.009999999999999787,2.0,6.895044692350265
1.2,Fair,G,I1,64.4,55.0,0.15999999999999925,2.3000000000000007,8.100411342676209
0.52,Ideal,D,SI1,62.4,56.0,-0.04999999999999982,1.96,7.229443337986791
1.5,Good,E,SI2,63.9,58.0,-0.04999999999999982,2.6399999999999997,9.104995015190557
1.04,Ideal,H,SI2,60.3,56.0,0.03000000000000025,2.6,8.360561242899932
0.41,Ideal,H,VS1,61.8,56.0,0.040000000000000036,1.8099999999999996,6.7942735212371455
0.3,Premium,D,VS2,60.9,58.0,0.02999999999999936,1.6800000000000002,6.577096170393803
1.16,Premium,F,SI2,62.1,59.0,0.11000000000000032,2.4799999999999995,8.484493876620627
0.31,Ideal,I,VS1,61.9,54.5,-0.03000000000000025,1.6700000000000004,6.216923374462966
1.55,Premium,D,SI2,62.0,58.0,0.05000000000000071,2.79,9.146257902272307
1.15,Fair,G,VS1,64.6,57.0,0.09999999999999964,2.2699999999999996,8.884584594791768
0.98,Premium,F,SI2,61.8,58.0,0.04999999999999982,2.4000000000000004,8.147693485765448
0.31,Ideal,G,VS2,61.6,54.0,-0.020000000000000462,1.7000000000000002,6.372578952032137
1.14,Premium,F,VVS1,60.8,58.0,0.04999999999999982,2.63,9.303579254308735
1.59,Ideal,D,SI2,61.6,55.0,0.03000000000000025,2.8500000000000005,9.222954370550855
0.72,Premium,F,SI1,61.7,59.0,0.040000000000000036,2.1700000000000004,7.8545849497462905
0.53,Premium,H,SI1,59.4,60.0,-0.019999999999999574,2.1399999999999997,7.10455776824361
0.3,Ideal,D,VS2,61.4,58.0,-0.019999999999999574,1.6699999999999995,6.388378601623133
0.65,Ideal,G,VS1,60.6,60.0,-0.03000000000000025,2.22,7.795949248972507
2.23,Very Good,G,I1,63.5,57.0,0.040000000000000924,2.9799999999999995,9.099867356288959
1.02,Very Good,H,VS1,62.8,59.0,-0.1299999999999999,2.45,8.63534383613403
1.51,Premium,G,VS2,62.0,57.0,0.04999999999999982,2.7700000000000005,9.45990845970679
0.36,Ideal,G,SI1,62.7,55.0,-0.04999999999999982,1.73,6.399514383639905
1.1,Ideal,H,VVS2,62.0,56.0,-0.040000000000000036,2.5300000000000002,8.867187511692862
1.01,Premium,D,SI1,61.8,58.0,0.04999999999999982,2.42,8.601951909782702
0.7,Premium,F,SI1,61.6,60.0,-0.040000000000000036,2.21,7.841733639639727
0.4,Ideal,G,VVS2,62.4,56.0,0.040000000000000036,1.7299999999999995,6.996621416271319
0.9,Premium,I,VS2,63.0,59.0,0.040000000000000036,2.2299999999999995,8.103864257579392
1.11,Ideal,G,IF,61.2,54.0,-0.020000000000000462,2.62,9.186127140463025
0.39,Ideal,F,IF,61.0,56.0,-0.03000000000000025,1.8599999999999999,7.087699839559188
0.72,Ideal,E,SI1,60.9,57.0,-0.03000000000000025,2.3000000000000003,7.999930467859409
0.91,Ideal,J,VS2,61.9,58.0,-0.040000000000000036,2.38,8.095744415922471
1.11,Premium,G,SI1,62.7,57.0,0.1200000000000001,2.3899999999999997,8.5801051473888
0.9,Ideal,H,VS1,61.2,57.0,0.040000000000000036,2.41,8.38868175708638
0.26,Very Good,D,VVS2,60.4,59.0,-0.040000000000000036,1.6700000000000004,6.306218333299862
1.14,Ideal,I,VS1,61.7,53.0,-0.019999999999999574,2.5999999999999996,8.731179037983276
0.52,Ideal,G,VVS2,62.1,57.0,-0.020000000000000462,1.9600000000000004,7.5090197909935865
0.33,Ideal,F,VS2,61.6,55.0,-0.03000000000000025,1.7300000000000004,6.487956752064724
0.35,Ideal,G,VVS1,61.2,56.0,-0.020000000000000462,1.7800000000000002,6.757260460712737
1.5,Good,F,VS2,63.6,55.0,0.04999999999999982,2.6099999999999994,9.453814977668884
0.7,Good,F,SI1,57.7,65.0,0.0600000000000005,2.4,7.77160062607821
0.72,Ideal,J,SI1,62.3,55.0,-0.02999999999999936,2.1799999999999997,7.54467606480474
1.0,Premium,E,VVS2,62.7,60.0,0.019999999999999574,2.35,9.069555861386817
1.22,Ideal,H,VS2,62.8,56.0,0.05999999999999961,2.49,8.84832924814398
0.5,Premium,F,VS2,60.7,58.0,0.040000000000000036,2.0,7.259859137452537
1.0,Fair,I,SI2,66.8,56.0,0.09999999999999964,1.9900000000000002,8.030677679808882
1.01,Premium,H,SI1,60.3,59.0,0.03000000000000025,2.54,8.441384941972839
1.01,Very Good,F,SI1,62.1,57.0,-0.07000000000000028,2.4800000000000004,8.574480406303673
0.9,Very Good,G,VS2,58.4,61.0,-0.04999999999999982,2.67,8.390774452908877
0.73,Ideal,D,VVS2,61.3,56.0,-0.03000000000000025,2.2600000000000002,8.34837314936144
2.3,Ideal,G,SI2,61.6,57.0,0.0600000000000005,3.21,9.585025822978457
0.4,Premium,I,VVS1,59.5,59.0,0.03000000000000025,1.92,6.838396765584901
0.43,Premium,G,VS2,61.2,58.0,-0.0600000000000005,1.9200000000000004,6.786804579069021
0.38,Premium,I,SI1,60.2,60.0,0.02999999999999936,1.8400000000000003,6.3866587737835
0.59,Premium,D,VVS2,62.6,58.0,0.0600000000000005,1.98,7.854569161497663
0.4,Very Good,D,VVS2,61.4,58.3,-0.009999999999999787,1.8400000000000003,6.984365612530388
0.5,Premium,E,VS2,60.7,59.0,0.019999999999999574,2.0000000000000004,7.306486702106532
1.51,Premium,G,VVS2,60.9,58.0,-0.040000000000000036,2.91,9.545027225678874
0.32,Ideal,F,IF,61.3,57.0,-0.040000000000000036,1.7399999999999998,6.8400714387174935
1.0,Good,E,SI2,63.7,61.0,0.0699999999999994,2.23,8.292105610018927
1.03,Premium,E,VVS2,59.7,56.0,0.08000000000000007,2.6199999999999997,9.12969309654433
2.51,Premium,I,SI2,62.3,57.0,0.07000000000000028,3.249999999999999,9.640949667412277
1.01,Premium,G,VS2,62.5,60.0,0.0600000000000005,2.3499999999999996,8.687835678734073
0.26,Good,F,VS1,63.1,57.0,-0.03000000000000025,1.5100000000000002,6.173338742825015
0.33,Ideal,D,VVS2,60.9,57.0,-0.020000000000000462,1.7600000000000002,6.7621104626587
1.7,Premium,G,SI2,62.5,58.0,-0.0699999999999994,2.869999999999999,9.293037523323443
0.71,Fair,J,SI2,65.5,61.0,0.04999999999999982,1.8800000000000003,7.3183314816044565
0.51,Very Good,G,SI1,61.9,57.0,-0.0600000000000005,1.9800000000000004,7.033716294456481
0.3,Ideal,G,VVS2,62.7,57.0,-0.03000000000000025,1.6099999999999999,6.397776277135782
0.71,Ideal,H,VS1,61.4,56.0,-0.040000000000000036,2.24,7.948421418577534
0.74,Ideal,E,VS1,62.2,55.0,-0.03000000000000025,2.2100000000000004,8.164437146307607
1.13,Very Good,G,VS1,60.7,57.0,-0.040000000000000036,2.6499999999999995,8.98576303842228
0.7,Very Good,E,SI1,59.1,62.0,-0.05999999999999961,2.3899999999999997,7.8473598446965065
1.31,Very Good,I,SI2,59.6,60.0,-0.08000000000000007,2.92,8.642289907857256
0.43,Premium,H,I1,62.0,59.0,-0.04999999999999982,1.85,6.354695893802151
0.9,Premium,G,VS2,59.0,58.0,0.040000000000000036,2.55,8.398676798059432
0.24,Good,E,VS2,63.0,59.0,-0.04999999999999982,1.5,6.04379473449893
1.3,Ideal,H,VVS2,61.5,55.0,0.040000000000000036,2.6900000000000004,9.09796986102455
0.3,Good,D,SI1,63.1,55.0,-0.02999999999999936,1.5999999999999996,6.1848368157451485
1.47,Premium,H,SI2,59.1,56.0,0.04999999999999982,3.04,8.849142078357913
1.27,Ideal,F,SI2,62.0,55.0,0.04999999999999982,2.6000000000000005,8.725352167614725
0.73,Ideal,E,VS2,62.2,56.0,0.020000000000000462,2.17,8.01577458375019
1.0,Very Good,F,SI2,62.6,59.0,-0.040000000000000036,2.4,8.355953576273118
0.39,Very Good,H,SI1,58.4,63.0,-0.04999999999999982,2.03,6.447421162261636
0.51,Ideal,H,VVS1,61.4,55.0,-0.03000000000000025,2.0,7.466357003362761
0.9,Ideal,E,VS1,61.7,56.0,-0.02999999999999936,2.3899999999999997,8.655645100121442
1.25,Ideal,G,VS2,61.5,58.0,-0.04999999999999982,2.6799999999999997,9.068488428034343
0.55,Good,D,IF,58.0,62.0,-0.10000000000000053,2.29,8.146998468582199
0.31,Premium,F,VS2,61.2,58.0,0.020000000000000462,1.6799999999999997,6.631899103462322
1.5,Premium,H,VS1,59.9,60.0,0.05000000000000071,2.9499999999999993,9.310679017873186
1.01,Very Good,J,VS1,59.5,59.0,-0.05999999999999961,2.6899999999999995,8.383217647932506
0.4,Very Good,F,SI1,62.2,57.0,-0.04999999999999982,1.7999999999999998,6.577373817214068
0.34,Ideal,E,VS2,62.2,57.0,-0.040000000000000036,1.7000000000000002,6.591038092126768
2.02,Premium,G,SI2,60.1,59.0,0.0799999999999983,3.250000000000001,9.555240678008076
1.0,Very Good,G,VVS2,62.1,59.0,-0.11000000000000032,2.48,8.900597530307104
2.01,Very Good,J,VS1,60.2,61.0,-0.07000000000000028,3.3000000000000007,9.525772232277614
0.3,Ideal,E,VVS1,60.6,57.0,-0.019999999999999574,1.7199999999999998,6.5716318351572065
1.68,Ideal,G,VS1,62.0,55.0,-0.07000000000000028,2.9299999999999997,9.699107122611666
0.3,Ideal,E,VVS2,61.9,58.0,-0.020000000000000462,1.6400000000000001,6.4856925979868025
0.4,Ideal,E,SI1,62.2,54.0,-0.040000000000000036,1.8200000000000003,6.662133236054717
0.32,Very Good,H,SI1,62.6,55.0,-0.009999999999999787,1.6399999999999997,6.13696712798395
0.31,Ideal,G,VVS2,62.7,57.0,-0.020000000000000462,1.62,6.549214072820098
0.44,Ideal,F,VVS1,61.5,57.0,0.040000000000000036,1.8600000000000003,7.179947607181425
1.02,Very Good,H,VS2,63.3,55.0,0.07000000000000028,2.3,8.540002493624755
0.5,Very Good,D,SI1,62.8,58.0,-0.03000000000000025,1.8899999999999997,6.987684161775536
1.05,Premium,F,VS1,61.0,58.0,0.04999999999999982,2.54,8.963957055610013
0.71,Very Good,G,VS1,64.0,56.0,-0.019999999999999574,2.05,7.90223551917529
1.17,Ideal,H,SI1,62.1,54.0,0.0600000000000005,2.55,8.621819789311482
1.52,Premium,H,SI1,62.0,60.0,0.08000000000000007,2.74,9.187473258255293
0.39,Very Good,D,VS2,59.5,57.0,-0.03000000000000025,1.9600000000000004,6.764872532756055
0.6,Ideal,F,VVS2,60.9,57.0,-0.03000000000000025,2.1500000000000004,7.8557879206058
0.25,Good,F,VS1,63.6,57.0,-0.03000000000000025,1.48,6.125844880263912
1.04,Ideal,I,SI1,61.3,57.0,0.03000000000000025,2.5200000000000005,8.418136025653517
1.01,Good,I,VS2,63.9,59.0,0.03000000000000025,2.25,8.339995868174487
0.31,Ideal,D,SI1,61.3,56.0,-0.04999999999999982,1.7200000000000002,6.377415919042219
1.5,Very Good,I,VS1,60.8,63.0,-0.040000000000000036,2.92,9.217916895369717
0.34,Premium,H,VS2,60.2,60.0,-0.04999999999999982,1.8299999999999996,6.3582393203402665
1.0,Good,F,IF,60.7,64.0,0.019999999999999574,2.5100000000000002,9.076443336771941
0.9,Premium,F,SI1,61.6,60.0,0.05000000000000071,2.34,8.287346928148146
0.4,Ideal,E,VVS1,60.6,56.0,-0.03000000000000025,1.9,7.119869453662802
0.9,Good,G,SI1,64.1,59.4,-0.040000000000000036,2.2,8.187841641512186
0.5,Very Good,J,SI1,63.3,60.0,0.020000000000000462,1.8199999999999998,6.703626244369714
0.57,Premium,E,VS2,63.0,59.0,0.040000000000000036,1.9300000000000002,7.486066354810241
0.72,Ideal,H,VS1,62.3,55.0,-0.020000000000000462,2.1700000000000004,7.899173586403897
0.91,Ideal,F,SI2,60.3,57.0,-0.08000000000000007,2.54,8.212301228054201
0.52,Very Good,G,VS1,61.2,57.0,-0.0600000000000005,2.0500000000000003,7.444608382822428
0.54,Ideal,E,VS2,61.6,59.0,-0.03000000000000025,2.02,7.460142889747681
0.51,Premium,F,SI1,59.4,60.0,-0.019999999999999574,2.12,7.13920158504992
0.91,Premium,F,SI2,63.0,59.0,0.04999999999999982,2.25,8.10198330667872
0.56,Ideal,G,VVS2,60.7,56.0,0.009999999999999787,2.0900000000000003,7.634507790080743
0.42,Ideal,G,VS2,60.8,57.0,0.02999999999999936,1.8800000000000003,6.8658716584928765
0.46,Very Good,D,VS2,60.9,58.0,-0.02999999999999936,1.9499999999999997,6.98599594349724
0.56,Very Good,F,VS2,62.0,56.0,-0.019999999999999574,1.9899999999999998,7.405027891370232
0.42,Ideal,E,SI2,62.7,55.0,0.009999999999999787,1.7800000000000002,6.689568823595402
0.33,Ideal,F,VVS2,61.7,55.0,-0.03000000000000025,1.7300000000000004,6.688062602158742
1.52,Very Good,G,SI2,60.9,57.0,-0.05999999999999961,2.95,9.127249286337543
0.64,Ideal,D,SI1,62.1,57.0,0.02999999999999936,2.0700000000000003,7.640887321128253
0.4,Very Good,F,VVS1,62.3,60.0,-0.040000000000000036,1.7800000000000002,6.97975087467009
0.92,Very Good,D,SI1,62.0,58.0,-0.03000000000000025,2.37,8.3913206555495
0.35,Ideal,D,SI2,62.4,57.0,0.03000000000000025,1.67,6.462324977225671
0.51,Ideal,E,VS1,62.7,56.0,-0.040000000000000036,1.9299999999999997,7.417974719413463
1.6,Very Good,E,SI2,62.5,54.0,-0.04999999999999982,2.8499999999999996,9.252098658945297
1.01,Premium,F,VS2,63.0,58.0,0.0600000000000005,2.33,8.728731435219153
0.37,Premium,I,VVS1,62.4,58.0,0.03000000000000025,1.6999999999999997,6.677187385167212
0.83,Premium,E,VS2,61.3,59.0,0.0600000000000005,2.3099999999999996,8.234730602543113
1.02,Very Good,H,SI2,63.4,54.0,-0.05999999999999961,2.37,8.344014761120336
1.01,Very Good,F,VS2,61.3,61.0,-0.040000000000000036,2.48,8.766757849133517
1.7,Premium,G,VS1,61.2,57.0,0.09000000000000075,2.9399999999999995,9.660730622222927
0.44,Premium,E,VS1,60.7,58.0,0.03000000000000025,1.9099999999999997,7.016220835343926
0.24,Very Good,E,VVS1,63.7,57.0,-0.010000000000000231,1.4300000000000002,6.273701581623118
1.05,Very Good,F,VS1,60.2,58.0,-0.1200000000000001,2.7200000000000006,8.971521700419066
0.3,Ideal,F,VVS1,61.9,57.0,-0.03000000000000025,1.6600000000000001,6.5157473601586
1.21,Premium,J,VVS2,60.8,60.0,0.019999999999999574,2.6800000000000006,8.753731992723575
0.59,Ideal,F,SI1,62.0,53.0,-0.04999999999999982,2.0799999999999996,7.368924452896746
0.53,Premium,D,VS2,62.4,59.0,-0.040000000000000036,1.9599999999999995,7.430376269889739
0.31,Ideal,E,SI2,60.1,57.0,0.03000000000000025,1.75,6.367381453520962
0.34,Premium,F,SI1,59.4,62.0,0.04999999999999982,1.83,6.5297688742454385
1.02,Premium,F,IF,62.5,58.0,0.15000000000000036,2.3499999999999996,9.188328323139348
0.4,Very Good,D,SI1,60.0,56.0,-0.02999999999999936,1.9499999999999997,6.658271937359466
0.51,Ideal,D,VS2,61.2,55.0,0.019999999999999574,2.0,7.490209889442364
1.27,Premium,G,VS1,61.1,60.0,-0.040000000000000036,2.75,9.159675684721044
0.29,Very Good,E,VVS2,61.4,58.0,-0.05999999999999961,1.6799999999999997,6.381284384817149
0.35,Ideal,F,IF,60.9,55.0,-0.03000000000000025,1.8100000000000005,6.909908279578506
0.32,Premium,G,VS1,62.4,58.0,0.05000000000000071,1.6199999999999997,6.624105842722632
1.8,Good,I,SI2,63.2,58.0,-0.08999999999999986,2.88,9.299739359795552
0.5,Premium,E,VS2,62.3,60.0,-0.040000000000000036,1.9299999999999997,7.1733088878263525
0.57,Premium,E,SI1,58.9,59.0,0.0600000000000005,2.1799999999999997,7.369953296741996
1.24,Very Good,J,SI2,60.4,61.0,-0.07000000000000028,2.76,8.456612918997038
0.93,Good,D,SI1,63.8,59.0,0.05999999999999961,2.2100000000000004,8.306928218777376
0.36,Premium,F,SI1,61.1,59.0,0.040000000000000036,1.7599999999999998,6.623029385418743
0.9,Premium,F,SI2,60.3,55.0,0.0699999999999994,2.47,8.156490236388658
1.01,Premium,G,VS2,60.2,59.0,0.0699999999999994,2.5600000000000005,8.701637061587194
1.21,Ideal,I,VS2,62.3,58.0,0.040000000000000036,2.5300000000000002,8.718790981085897
1.51,Premium,G,VVS1,62.2,58.0,0.03000000000000025,2.75,9.57925627946415
0.54,Ideal,F,VS2,60.5,56.0,-0.020000000000000462,2.09,7.4296961800075705
1.5,Good,I,SI1,64.0,60.0,0.1200000000000001,2.5300000000000002,9.030233055776268
0.42,Very Good,H,VVS2,62.9,56.0,-0.040000000000000036,1.79,6.817886589015863
1.0,Good,E,VS2,60.6,65.0,-0.07000000000000028,2.5300000000000002,8.742195808697591
1.01,Good,H,SI1,64.0,58.0,0.0600000000000005,2.25,8.366154125395704
0.3,Good,E,SI1,63.1,53.0,-0.05000000000000071,1.6100000000000003,6.15564393041967
1.5,Ideal,F,VS2,60.2,57.0,0.040000000000000036,2.9299999999999997,9.540241795614389
0.3,Ideal,F,VS2,61.8,57.0,0.020000000000000462,1.6399999999999997,6.506645580334333
0.4,Premium,F,VVS1,61.1,59.0,0.03000000000000025,1.8399999999999999,7.122389325287145
1.01,Ideal,E,SI2,61.2,54.0,0.02999999999999936,2.5100000000000002,8.441173424097832
0.72,Ideal,D,VS2,62.1,57.0,-0.05999999999999961,2.2,8.108959305939967
0.41,Ideal,J,VS2,62.2,54.0,-0.03000000000000025,1.8199999999999998,6.4317041719897325
0.7,Very Good,H,SI2,59.9,57.0,-0.02999999999999936,2.3199999999999994,7.613286169317899
1.2,Very Good,G,SI1,63.4,55.0,0.0699999999999994,2.41,8.739537204616457
0.55,Ideal,F,SI1,61.8,55.0,0.04999999999999982,1.9799999999999995,7.279882652043368
1.01,Premium,G,IF,61.3,58.0,-0.08000000000000007,2.5300000000000002,9.036845540246873
1.01,Premium,G,VS2,61.2,58.0,0.03000000000000025,2.5,8.713006578736085
0.31,Very Good,D,VS1,62.3,56.0,-0.040000000000000036,1.6600000000000001,6.526670717360509
1.0,Ideal,F,SI1,62.0,57.0,0.05999999999999961,2.4,8.536424763904138
0.8,Premium,E,SI2,59.1,61.0,0.040000000000000036,2.4400000000000004,7.914272621056842
0.33,Premium,E,SI1,59.6,60.0,0.02999999999999936,1.8000000000000003,6.518152018066397
0.5,Ideal,E,VS2,61.8,55.0,-0.05000000000000071,1.9700000000000002,7.213479757788448
1.01,Premium,G,SI2,59.4,60.0,-0.03000000000000025,2.68,8.373870181542223
0.7,Very Good,I,VS2,60.7,59.0,-0.040000000000000036,2.29,7.665562154269076
0.26,Good,E,VVS2,63.1,59.0,-0.040000000000000036,1.52,6.2605614845842865
0.42,Very Good,D,SI2,58.6,58.0,-0.07000000000000028,2.0800000000000005,6.639180923386662
1.5,Very Good,I,VVS2,62.0,53.0,-0.040000000000000036,2.8,9.241578154532345
0.39,Ideal,F,VVS2,60.4,60.0,-0.04999999999999982,1.9100000000000001,6.949931543393343
1.01,Good,F,SI2,58.2,61.0,-0.0600000000000005,2.7500000000000004,8.344896373527686
0.23,Very Good,D,VS2,62.9,57.0,-0.050000000000000266,1.4900000000000002,5.9387025179650985
0.57,Ideal,F,VS2,61.6,56.0,0.03000000000000025,2.04,7.507299121187453
0.37,Ideal,E,VS2,62.0,57.0,-0.03000000000000025,1.77,6.645807532840017
1.59,Premium,I,VS2,60.2,60.0,-0.03000000000000025,3.04,9.19590542025135
1.02,Ideal,E,VS2,60.7,56.0,-0.03000000000000025,2.6100000000000003,8.892760236516029
1.11,Ideal,H,SI1,60.6,59.0,0.040000000000000036,2.63,8.568566158170741
1.54,Premium,J,SI1,61.1,58.0,0.07000000000000028,2.8600000000000003,8.979584711306499
2.0,Very Good,H,SI1,62.7,56.0,-0.03999999999999915,3.0,9.675252151685548
1.06,Ideal,H,SI1,62.2,57.0,0.0699999999999994,2.4300000000000006,8.511678636274278
1.2,Very Good,H,SI1,62.5,59.0,-0.05999999999999961,2.54,8.687697853440179
0.9,Good,G,VS2,63.9,61.0,-0.040000000000000036,2.1799999999999997,8.269454507851817
0.72,Good,H,VS1,60.0,61.2,-0.08999999999999986,2.36,7.918844629458191
0.7,Ideal,D,VVS2,61.1,55.0,-0.03000000000000025,2.2600000000000002,8.273816861682597
0.44,Ideal,D,VS1,62.3,55.0,0.03000000000000025,1.8199999999999998,7.072589133511584
1.02,Ideal,E,SI2,62.4,55.0,0.02999999999999936,2.41,8.419524547310905
0.7,Very Good,D,SI1,61.1,58.0,-0.07000000000000028,2.2500000000000004,7.909107012207713
0.73,Ideal,F,SI2,60.5,59.0,-0.04999999999999982,2.34,7.833584019894864
0.51,Good,G,VVS1,63.9,57.0,-0.020000000000000462,1.8399999999999999,7.50095989249124
1.24,Premium,D,SI2,59.9,59.0,0.05999999999999961,2.7700000000000005,8.705698831901044
1.06,Ideal,E,VS1,62.1,57.0,-0.02999999999999936,2.4799999999999995,9.039734264160733
1.5,Very Good,I,VVS2,64.0,54.0,-0.07999999999999918,2.6399999999999997,9.216315365376273
0.91,Premium,H,VS2,60.6,58.0,0.04999999999999982,2.45,8.295539998766012
1.51,Good,E,SI1,63.5,57.0,-0.04999999999999982,2.67,9.319733045928437
0.4,Ideal,F,VVS1,61.8,58.0,-0.040000000000000036,1.8299999999999996,7.039428031811118
0.23,Good,D,VVS1,64.8,58.0,-0.020000000000000018,1.3599999999999999,6.156423482244934
1.21,Premium,F,VS1,61.9,58.0,0.0600000000000005,2.5599999999999996,9.158959515725273
1.2,Good,I,SI1,63.9,56.0,-0.07000000000000028,2.4400000000000004,8.549217468313786
0.32,Ideal,H,IF,61.8,55.0,-0.03000000000000025,1.71,6.673431420479182
1.14,Ideal,G,VVS1,61.0,56.0,-0.04999999999999982,2.67,9.187202146840697
1.01,Very Good,F,VVS1,63.2,56.0,0.05999999999999961,2.3100000000000005,9.087556615602704
0.71,Very Good,E,VS1,63.2,60.0,0.03000000000000025,2.05,7.998218467887613
0.39,Ideal,G,SI1,61.0,55.0,-0.07000000000000028,1.9000000000000004,6.573616296944557
0.47,Ideal,H,VS2,62.7,55.0,-0.1299999999999999,1.9300000000000002,6.920542156331491
0.3,Very Good,E,VVS2,62.4,58.0,-0.02999999999999936,1.6299999999999994,6.426233347393495
0.4,Ideal,E,VS1,60.4,57.0,-0.04999999999999982,1.9199999999999995,6.860070080466405
0.52,Very Good,G,SI1,59.6,62.0,-0.05000000000000071,2.1300000000000003,7.129337765983412
0.48,Ideal,I,VVS2,62.1,56.0,-0.03000000000000025,1.92,7.097809951497189
1.12,Very Good,E,VS1,60.8,58.0,-0.040000000000000036,2.6500000000000004,9.060536770043017
0.41,Very Good,E,VVS2,59.9,60.0,-0.020000000000000462,1.9400000000000004,6.984434244287683
0.52,Premium,D,SI1,58.7,58.0,0.040000000000000036,2.1700000000000004,7.348634537751391
0.38,Premium,G,VS1,61.9,56.0,0.04999999999999982,1.75,6.783738738310631
0.31,Ideal,G,VVS2,61.5,57.0,-0.040000000000000036,1.6900000000000004,6.549214072820098
0.43,Ideal,G,SI1,62.0,55.0,-0.03000000000000025,1.8600000000000003,6.668836150966899
1.01,Premium,F,VS2,62.3,58.0,-0.0600000000000005,2.43,8.744201760676537
1.12,Very Good,E,VS2,62.8,57.0,-0.02999999999999936,2.4799999999999995,8.933944350548243
1.03,Ideal,G,SI1,61.1,57.0,0.040000000000000036,2.5300000000000002,8.567178850886664
0.7,Fair,D,SI2,58.1,60.0,-0.03000000000000025,2.45,7.71772329745331
0.3,Premium,D,VS2,60.4,59.0,0.019999999999999574,1.71,6.5673569857254686
0.27,Very Good,E,VS2,59.5,56.0,-0.10999999999999943,1.7799999999999998,6.1227351693386876
0.3,Very Good,G,IF,63.0,53.0,-0.05999999999999961,1.6099999999999999,6.516936506992714
0.7,Ideal,F,SI1,60.6,56.0,-0.07000000000000028,2.3,7.902014777826878
0.31,Ideal,G,IF,62.1,54.0,-0.03000000000000025,1.67,6.7414354065122755
1.61,Good,H,SI2,63.8,62.0,-0.03000000000000025,2.6799999999999997,9.095926435747206
1.05,Ideal,F,VVS1,61.4,57.0,-0.020000000000000462,2.5300000000000002,9.235860762544673
0.24,Very Good,E,VVS2,57.7,61.0,-0.009999999999999787,1.75,6.152950691373636
0.41,Ideal,D,SI2,62.3,57.0,-0.03000000000000025,1.81,6.5764084466615405
0.41,Good,D,VS2,63.4,54.0,-0.04999999999999982,1.77,6.788709725350593
0.91,Premium,G,SI2,60.4,61.0,0.07000000000000028,2.44,8.08677068539701
0.3,Premium,E,VVS1,60.0,60.0,-0.03000000000000025,1.7599999999999998,6.5467661868003955
1.01,Ideal,F,VVS2,59.6,60.0,0.040000000000000036,2.6199999999999997,9.079821805922696
0.44,Ideal,G,VVS1,60.3,57.0,-0.040000000000000036,1.98,7.069162186986264
0.33,Premium,G,VS2,62.6,58.0,-0.03000000000000025,1.6700000000000004,6.408738142318217
1.01,Premium,H,VS1,62.7,58.0,0.019999999999999574,2.37,8.608868642477097
1.05,Ideal,G,VS1,62.2,53.0,-0.040000000000000036,2.49,8.895613617346605
0.38,Premium,G,VS2,60.1,61.0,0.03000000000000025,1.8399999999999999,6.7094305685700455
2.18,Very Good,F,SI2,63.4,60.0,0.02999999999999936,2.9799999999999995,9.582698722011779
0.71,Ideal,F,SI1,62.5,55.0,0.05999999999999961,2.1000000000000005,7.853646158121865
0.24,Very Good,I,VS1,61.8,56.0,-0.029999999999999805,1.5499999999999998,5.966726116160121
1.5,Ideal,G,SI1,62.8,54.0,0.019999999999999574,2.71,9.295512808858064
0.9,Good,G,SI1,65.2,58.0,-0.05999999999999961,2.1299999999999994,8.101172368847932
0.98,Premium,F,SI2,62.3,56.0,0.09000000000000075,2.3699999999999997,8.15053197771873
0.34,Premium,G,VVS1,59.0,62.0,0.040000000000000036,1.8599999999999994,6.836472220297443
0.51,Ideal,H,SI2,62.5,55.0,-0.040000000000000036,1.9399999999999995,6.848763575611678
1.07,Very Good,H,VS2,61.5,57.0,-0.05999999999999961,2.5700000000000003,8.65381068482905
0.4,Very Good,F,SI1,59.6,58.0,-0.010000000000000675,1.9500000000000002,6.568409327495064
1.09,Ideal,G,VS2,62.4,55.0,0.05000000000000071,2.4499999999999993,8.816559081066293
0.5,Ideal,F,VS1,62.5,52.4,-0.040000000000000036,1.9300000000000002,7.241945285663526
1.05,Premium,F,SI2,61.1,59.0,-0.07000000000000028,2.5900000000000007,8.438296133770544
0.91,Premium,E,VS2,62.8,59.0,0.019999999999999574,2.2800000000000002,8.50556320203275
0.32,Good,E,SI1,63.1,56.0,-0.02999999999999936,1.63,6.289344356788174
0.75,Premium,G,VVS2,62.5,56.0,0.05999999999999961,2.1500000000000004,7.998540905778514
0.79,Very Good,F,SI1,62.8,59.0,-0.02999999999999936,2.1999999999999997,7.994004421590303
0.8,Good,D,SI2,64.0,60.0,0.10000000000000053,2.0599999999999996,7.849441087498233
0.31,Ideal,D,VS2,60.7,56.0,0.03000000000000025,1.6999999999999997,6.732813384850267
1.05,Fair,D,SI2,65.4,59.0,0.05999999999999961,2.1400000000000006,8.275498564695036
0.47,Premium,G,SI1,58.8,58.0,0.05000000000000071,2.0699999999999994,6.938913615701651
0.51,Very Good,F,SI1,63.7,55.0,-0.05000000000000071,1.87,7.026614965457898
1.0,Premium,D,SI2,61.6,58.0,0.08000000000000007,2.42,8.403620098426817
0.74,Very Good,F,VS1,61.7,57.0,-0.05999999999999961,2.26,8.127340122458342
0.34,Good,F,IF,59.0,61.0,-0.040000000000000036,1.9099999999999997,6.818306971275453
0.7,Good,E,SI2,61.0,64.0,-0.0600000000000005,2.24,7.710569963458461
1.5,Good,F,SI2,59.7,61.0,-0.05000000000000071,3.0100000000000007,9.079144191094365
1.01,Very Good,F,SI1,62.4,59.0,-0.04999999999999982,2.4299999999999997,8.544402011838619
0.9,Very Good,E,SI2,61.6,59.0,-0.08000000000000007,2.4299999999999997,8.216352680319762
0.91,Premium,E,SI1,61.5,60.0,-0.04999999999999982,2.4200000000000004,8.348902829468384
0.57,Ideal,E,VVS2,61.9,55.0,-0.020000000000000462,2.0500000000000003,7.796306715587117
0.45,Ideal,G,VVS2,61.2,56.0,0.04999999999999982,1.8900000000000001,7.086061581648654
0.51,Very Good,H,VS2,60.1,59.8,-0.05000000000000071,2.0900000000000003,7.157328573350703
1.01,Premium,F,SI1,60.6,59.0,0.02999999999999936,2.5500000000000003,8.562653884845753
0.4,Premium,E,VS1,61.2,59.0,0.040000000000000036,1.8199999999999998,6.980599494082093
0.32,Ideal,I,VVS2,62.6,54.0,-0.040000000000000036,1.6600000000000001,6.362845645591789
0.79,Premium,E,VS2,59.4,60.0,0.03000000000000025,2.4499999999999997,8.102899671518308
0.34,Very Good,G,SI1,61.5,56.0,-0.0699999999999994,1.7599999999999998,6.297401340229018
0.3,Ideal,D,VS1,61.0,57.0,-0.010000000000000675,1.6900000000000004,6.4199662507086455
1.2,Very Good,F,VS2,62.9,55.0,-0.04999999999999982,2.54,9.051111906621838
0.74,Very Good,H,SI2,62.1,58.0,0.040000000000000036,2.18,7.6193262118516465
0.42,Ideal,F,SI1,62.0,57.0,-0.020000000000000462,1.8399999999999999,6.684162707241698
0.33,Ideal,F,IF,62.2,53.0,-0.03000000000000025,1.71,6.868914885605392
0.79,Premium,E,VS1,62.6,56.0,0.04999999999999982,2.18,8.14495948800108
0.55,Premium,E,VS2,58.1,62.0,0.08000000000000007,2.23,7.551955925795147
0.5,Very Good,E,SI1,61.4,63.0,-0.040000000000000036,1.9799999999999995,6.981065938805101
0.54,Ideal,E,VS2,61.7,55.0,0.02999999999999936,2.0,7.520096790535652
0.92,Ideal,E,SI1,61.0,55.0,0.019999999999999574,2.43,8.377462668522952
0.73,Ideal,H,VVS2,61.6,56.0,-0.020000000000000462,2.2500000000000004,7.99273320693519
1.34,Ideal,J,VS1,62.0,57.0,0.08000000000000007,2.6500000000000004,8.724718595619724
1.14,Ideal,E,SI2,62.6,56.0,0.0600000000000005,2.46,8.53038665859029
0.29,Ideal,H,VVS2,61.7,56.0,-0.040000000000000036,1.67,6.3270157661206525
1.5,Ideal,H,VS1,61.0,56.8,-0.040000000000000036,2.9000000000000004,9.36407417349998
0.43,Premium,I,SI2,59.8,59.0,0.040000000000000036,1.9600000000000004,6.4845968329018
0.33,Ideal,H,VVS1,61.8,55.0,-0.020000000000000462,1.7000000000000002,6.623064914020143
0.3,Fair,G,VVS1,58.6,66.0,-0.04999999999999982,1.8400000000000003,6.372225128757958
0.9,Premium,J,SI1,60.4,59.0,0.02999999999999936,2.4600000000000004,7.972301378893089
0.78,Good,D,SI1,60.1,61.0,0.03000000000000025,2.34,8.021726354884894
0.6,Ideal,D,VS2,61.5,55.0,-0.03000000000000025,2.1100000000000003,7.674522256254267
1.53,Good,I,SI1,63.1,57.0,-0.05999999999999961,2.7299999999999995,9.076944904671409
0.59,Ideal,G,VS2,61.9,57.0,0.03000000000000025,2.04,7.455219981592147
0.79,Good,G,SI1,63.6,57.0,0.020000000000000462,2.1199999999999997,7.806507325903116
0.51,Premium,E,SI1,58.8,58.0,0.04999999999999982,2.1400000000000006,7.228733177102002
1.21,Ideal,E,SI1,61.9,57.0,0.08999999999999986,2.5599999999999996,8.861915340547744
0.31,Ideal,H,VS2,62.4,55.0,-0.03000000000000025,1.6500000000000004,6.262552958783967
1.39,Premium,I,I1,62.6,57.0,0.05000000000000071,2.6399999999999997,8.349027979040391
0.44,Very Good,E,VS1,62.2,58.0,-0.04999999999999982,1.8499999999999996,6.90653552582566
0.34,Ideal,D,SI1,61.5,53.0,-0.020000000000000462,1.7500000000000004,6.47513686515955
0.5,Very Good,J,VS1,61.4,57.8,-0.04999999999999982,1.9899999999999998,6.8977632708708425
0.43,Premium,E,VS2,61.6,59.0,-0.03000000000000025,1.8699999999999997,6.864093911697499
1.21,Very Good,H,VS1,62.8,54.4,-0.02999999999999936,2.55,8.895440708065848
0.4,Good,I,SI1,63.2,54.0,-0.020000000000000462,1.7300000000000004,6.364934387617118
0.52,Ideal,E,VS2,61.9,56.0,-0.040000000000000036,1.98,7.413901791439955
0.32,Very Good,I,SI2,63.1,58.0,0.07000000000000028,1.58,6.0846570056230584
0.9,Very Good,F,SI2,61.1,54.0,-0.020000000000000462,2.45,8.186967337367776
1.21,Very Good,H,VS2,62.8,57.0,-0.05000000000000071,2.5500000000000007,8.815790772789782
0.7,Very Good,E,VS2,63.4,59.0,-0.040000000000000036,2.09,7.842632586863624
1.0,Very Good,E,VS1,59.4,56.0,-0.02999999999999936,2.6699999999999995,8.88188462436922
1.18,Premium,F,SI1,62.3,59.0,0.08000000000000007,2.49,8.74389073203038
0.81,Very Good,I,VS1,62.7,58.0,-0.05999999999999961,2.2399999999999998,7.940237902082298
1.03,Premium,E,VS1,61.5,58.0,0.1200000000000001,2.4399999999999995,8.928413657743894
0.7,Very Good,H,VS2,62.9,58.0,-0.05000000000000071,2.1100000000000003,7.70010659769862
0.54,Ideal,J,VVS2,61.6,57.0,0.019999999999999574,2.0000000000000004,7.293458489240823
0.35,Ideal,D,VVS2,61.6,54.0,-0.020000000000000462,1.7600000000000002,6.806131957788744
1.72,Good,G,SI2,62.8,59.3,-0.07000000000000028,2.8600000000000003,9.292778288014729
2.17,Premium,F,I1,60.7,59.0,0.08000000000000007,3.26,9.093991553493566
0.64,Very Good,D,VS2,62.2,58.0,-0.04999999999999982,2.11,7.76088595248409
0.3,Ideal,H,SI1,62.6,55.0,0.040000000000000036,1.5900000000000003,6.2878588388060415
0.38,Ideal,I,VS1,61.9,54.7,-0.04999999999999982,1.7999999999999998,6.407832646433326
0.38,Ideal,G,VS2,61.5,54.4,-0.04999999999999982,1.8200000000000003,6.568284911741768
0.5,Good,E,VS1,61.0,61.0,-0.04999999999999982,2.0100000000000002,7.286737388289291
1.61,Premium,G,SI1,62.6,58.0,0.03000000000000025,2.7800000000000002,9.381271205772254
1.55,Ideal,G,VS2,61.6,56.0,-0.04999999999999982,2.8900000000000006,9.532844725076052
0.96,Premium,G,SI2,61.1,59.0,0.040000000000000036,2.43,8.123754015582856
0.3,Good,G,VS1,63.4,55.0,-0.0600000000000005,1.6,6.253376495959145
1.03,Ideal,E,SI2,62.5,56.0,-0.03000000000000025,2.4400000000000004,8.45216030752406
0.38,Premium,G,IF,62.5,60.0,-0.02999999999999936,1.7499999999999996,6.909561840601851
1.03,Very Good,G,I1,60.8,57.0,-0.040000000000000036,2.5799999999999996,8.131181830026025
1.09,Very Good,E,SI2,62.2,58.0,-0.07000000000000028,2.5200000000000005,8.469336882141599
1.37,Ideal,I,VS2,61.6,55.0,-0.03000000000000025,2.76,8.911211464100267
1.52,Premium,H,VS2,61.0,61.0,0.07000000000000028,2.8600000000000003,9.29945549720073
0.33,Good,H,SI2,63.5,57.0,-0.02999999999999936,1.6099999999999999,6.032632938964975
0.7,Very Good,E,SI1,59.9,63.0,0.05999999999999961,2.27,7.844179621504447
1.94,Very Good,I,SI2,63.1,59.0,0.1200000000000001,2.87,9.347097636693281
0.51,Premium,D,VS2,59.7,58.0,-0.0600000000000005,2.1300000000000003,7.419795890078704
1.02,Ideal,G,VS2,62.3,56.0,-0.04999999999999982,2.4699999999999998,8.77720812076159
0.82,Very Good,I,VS1,63.6,58.9,-0.04999999999999982,2.17,7.8909900699086615
0.31,Premium,G,VVS1,60.4,59.0,0.040000000000000036,1.7200000000000002,6.77800398067547
0.96,Premium,D,SI2,59.1,58.0,0.08999999999999986,2.6100000000000003,8.22622845646319
1.01,Good,E,VS2,58.0,60.0,-0.040000000000000036,2.82,8.772622002288669
0.7,Good,F,SI1,59.7,64.0,-0.03000000000000025,2.3200000000000003,7.795708723759963
0.8,Very Good,G,SI2,63.1,59.0,0.0699999999999994,2.1100000000000003,7.748586667322774
0.53,Premium,I,VS1,62.3,58.0,-0.08000000000000007,2.01,7.198880939253093
0.55,Premium,D,SI1,60.5,60.0,0.03000000000000025,2.0699999999999994,7.365933729061165
0.43,Premium,F,VS2,61.2,59.0,0.03000000000000025,1.8699999999999997,6.916031271641589
0.3,Very Good,D,VS2,62.5,57.0,-0.020000000000000462,1.6100000000000003,6.338254187633997
0.72,Good,I,SI1,63.6,59.0,0.03000000000000025,2.02,7.6088040952364535
0.32,Ideal,F,VS2,62.4,54.0,0.020000000000000462,1.6399999999999997,6.665566291377982
0.5,Very Good,D,VS2,63.8,56.0,-0.03000000000000025,1.85,7.184003093038758
0.51,Very Good,D,SI1,63.5,56.0,0.020000000000000462,1.8399999999999994,7.193116673179689
0.52,Ideal,E,VS2,61.5,56.0,-0.020000000000000462,2.0100000000000002,7.440953870943309
0.54,Ideal,D,SI1,61.5,56.0,0.019999999999999574,2.0100000000000002,7.373234325923922
1.74,Ideal,G,VS2,61.7,56.0,0.040000000000000036,2.9299999999999997,9.69125659795128
1.03,Very Good,F,VS1,60.2,55.0,0.0600000000000005,2.5899999999999994,8.923358552009693
0.77,Very Good,H,VVS2,61.1,56.0,-0.03000000000000025,2.31,8.090735056699055
1.2,Ideal,D,VVS2,62.7,54.0,-0.020000000000000462,2.5500000000000007,9.47195579127133
0.61,Ideal,D,VS2,61.0,57.0,-0.019999999999999574,2.1399999999999997,7.701061817482546
0.35,Ideal,F,VS1,60.9,56.0,-0.040000000000000036,1.7899999999999996,6.6269410767985075
1.11,Premium,E,VS1,61.2,58.0,0.040000000000000036,2.5700000000000003,9.030509233949562
1.01,Good,E,SI2,63.7,58.0,-0.040000000000000036,2.3200000000000003,8.37226804010082
0.4,Ideal,H,VS2,60.9,56.0,-0.040000000000000036,1.9,6.617753484431934
0.5,Good,F,VS2,57.7,61.0,0.03000000000000025,2.21,7.243681323918846
0.43,Premium,E,VS1,62.3,58.0,0.040000000000000036,1.79,7.02242624813448
1.6,Very Good,H,SI2,61.1,57.0,0.04999999999999982,2.9000000000000004,9.13817550664762
0.7,Good,F,VS1,63.7,55.0,-0.05000000000000071,2.0500000000000003,7.882075379781964
1.02,Good,E,SI1,63.2,61.0,-0.0600000000000005,2.3600000000000003,8.566659252015462
1.15,Good,H,VS2,63.1,56.0,-0.08000000000000007,2.5,8.705328703586998
0.35,Ideal,E,IF,62.2,56.0,0.009999999999999787,1.6999999999999997,7.0664104377562715
1.01,Very Good,E,VS1,60.4,60.0,-0.05000000000000071,2.5800000000000005,8.936806406607143
0.32,Premium,G,IF,59.9,58.0,0.009999999999999787,1.77,6.876529682918931
1.55,Ideal,D,VS2,60.1,58.0,0.019999999999999574,3.0,9.597902880051283
0.3,Very Good,H,VVS2,60.6,58.0,-0.019999999999999574,1.7199999999999998,6.296460737180584
1.28,Ideal,I,VS2,61.6,57.0,0.02999999999999936,2.670000000000001,8.789384446688523
0.9,Premium,I,VS2,62.6,62.0,0.08999999999999986,2.23,8.09251197403283
0.35,Ideal,E,VS2,62.4,57.0,-0.03000000000000025,1.7199999999999998,6.591038092126768
1.01,Ideal,I,SI1,62.4,56.0,-0.040000000000000036,2.4200000000000004,8.368099870211294
0.91,Very Good,E,VS2,62.9,55.0,-0.040000000000000036,2.3,8.53523900982606
0.9,Very Good,I,IF,62.6,59.0,-0.03000000000000025,2.3100000000000005,8.43710363763194
1.52,Premium,D,SI1,60.2,58.0,0.03000000000000025,2.96,9.37331519925369
0.43,Ideal,G,VVS2,61.9,55.0,-0.020000000000000462,1.8600000000000003,6.981910560498181
1.01,Premium,J,I1,60.7,59.0,0.03000000000000025,2.4999999999999996,7.858859555378395
1.5,Very Good,I,SI1,60.3,60.0,0.03000000000000025,2.9399999999999995,9.102655764107642
0.32,Very Good,F,SI1,59.3,58.0,-0.03000000000000025,1.8399999999999999,6.244026039453826
0.57,Very Good,G,I1,59.5,56.9,-0.040000000000000036,2.2199999999999998,6.932130128877972
1.54,Premium,G,SI2,59.4,60.0,0.02999999999999936,3.0300000000000002,9.055587020539496
1.02,Very Good,F,SI2,63.0,58.0,-0.05999999999999961,2.3999999999999995,8.384377789953572
0.91,Very Good,H,VS1,62.7,63.0,0.0699999999999994,2.2300000000000004,8.310439820264172
1.21,Very Good,I,VS1,60.6,60.0,0.040000000000000036,2.6899999999999995,8.783754114198747
0.33,Ideal,H,VS2,60.7,57.0,-0.03000000000000025,1.7700000000000005,6.317542596916166
0.7,Premium,F,SI1,61.8,59.0,0.08999999999999986,2.14,7.785435909638223
1.2,Good,G,SI2,63.6,54.0,0.040000000000000036,2.4299999999999997,8.503558059110892
0.38,Premium,D,SI1,60.7,60.0,0.0600000000000005,1.7999999999999998,6.7171598200712275
0.59,Ideal,G,VS2,61.9,56.0,-0.040000000000000036,2.08,7.4598262184416795
0.9,Premium,F,SI2,61.9,62.0,0.04999999999999982,2.3000000000000003,8.114000198060674
2.0,Good,D,SI2,63.8,57.0,0.04999999999999982,2.84,9.570694758264466
1.51,Premium,J,VS1,61.8,61.0,0.04999999999999982,2.74,9.057184932139752
0.78,Very Good,G,SI1,63.3,56.0,-0.03000000000000025,2.16,7.859672173768983
1.62,Ideal,F,VS1,61.3,56.0,-0.08999999999999986,2.9799999999999995,9.701155722712764
0.31,Ideal,E,VS1,60.5,60.0,-0.019999999999999574,1.7399999999999998,6.534978608805838
2.28,Ideal,J,VS2,62.7,57.0,0.07000000000000028,3.0999999999999996,9.581778869887744
0.9,Very Good,E,SI1,62.1,59.0,-0.040000000000000036,2.35,8.353387669671942
1.5,Very Good,H,SI1,62.4,58.0,0.03000000000000025,2.7199999999999998,9.174306735022451
2.02,Very Good,H,SI2,62.7,59.0,0.05999999999999872,2.960000000000001,9.577107598241128
0.74,Premium,H,SI1,62.4,58.0,0.04999999999999982,2.1300000000000003,7.734895035486651
0.3,Very Good,H,SI1,63.4,58.0,0.03000000000000025,1.5499999999999998,6.199610029552163
0.51,Ideal,D,SI2,60.9,56.0,-0.020000000000000462,2.04,7.081193362475137
1.26,Premium,D,VS2,62.5,59.0,0.0600000000000005,2.55,9.147924508805888
1.01,Ideal,G,SI2,62.4,56.0,0.04999999999999982,2.38,8.357445227998394
0.91,Very Good,I,VS2,59.9,58.0,0.08000000000000007,2.4899999999999998,8.194100010251749
1.01,Good,E,VS2,63.7,56.0,-0.020000000000000462,2.29,8.740458556709102
2.0,Ideal,H,I1,62.5,57.0,0.07000000000000028,2.9700000000000006,9.13339395878777
0.4,Ideal,I,VS2,62.5,57.0,-0.040000000000000036,1.7799999999999998,6.505879421703023
0.7,Very Good,H,VVS2,62.6,57.0,-0.020000000000000462,2.1200000000000006,7.841591973340683
0.52,Very Good,D,SI2,62.9,56.0,-0.03000000000000025,1.9299999999999997,7.063366103537723
0.9,Premium,D,SI1,61.2,60.0,0.05000000000000071,2.3699999999999997,8.377657345151173
0.3,Very Good,E,VS2,62.4,56.0,-0.03000000000000025,1.62,6.298358462206522
0.5,Very Good,H,VS1,64.6,56.0,-0.08999999999999986,1.8199999999999994,7.0288707306696425
0.32,Ideal,H,VS1,61.4,55.0,-0.0600000000000005,1.75,6.3466964250322135
0.3,Good,G,VVS1,63.5,57.0,-0.03999999999999915,1.5699999999999994,6.413450446272824
1.01,Ideal,E,SI2,60.9,57.0,-0.040000000000000036,2.5599999999999996,8.468989882556288
0.54,Premium,E,VS2,59.6,59.0,0.0600000000000005,2.0999999999999996,7.474386534233861
0.36,Premium,E,VVS2,61.7,59.0,-0.040000000000000036,1.7599999999999998,6.816385718243854
0.55,Ideal,H,VVS2,61.7,57.0,-0.020000000000000462,2.0300000000000002,7.471695911543032
0.32,Ideal,G,VVS2,62.1,54.0,-0.019999999999999574,1.6799999999999997,6.572739855473286
0.35,Premium,J,VS1,62.2,58.0,0.04999999999999982,1.6800000000000002,6.3576428835315895
0.84,Fair,F,VS2,65.0,57.2,-0.040000000000000036,2.06,8.047271384887791
0.7,Ideal,G,SI1,62.1,58.0,-0.020000000000000462,2.1600000000000006,7.751187521864827
1.55,Premium,F,VS1,61.6,56.0,0.07000000000000028,2.8099999999999996,9.611285300819189
0.82,Ideal,G,VS1,61.5,56.0,-0.040000000000000036,2.34,8.255860406650863
0.31,Ideal,H,VS2,62.1,55.0,0.02999999999999936,1.6300000000000003,6.463707544239477
0.24,Very Good,G,VS1,62.4,56.0,-0.040000000000000036,1.5300000000000002,6.104842580322656
2.01,Very Good,E,SI2,59.3,61.0,-0.049999999999998934,3.3499999999999996,9.61181481740597
1.01,Very Good,E,VVS2,63.3,58.0,0.08000000000000007,2.29,9.02436225968275
1.01,Premium,G,VS2,62.4,58.0,-0.03000000000000025,2.42,8.688539784075736
0.9,Ideal,J,VS2,62.8,55.0,0.040000000000000036,2.2800000000000002,8.043434155818867
1.21,Ideal,G,VS1,62.5,57.0,0.0699999999999994,2.49,9.09780241470843
0.35,Ideal,F,VS1,61.4,55.0,-0.040000000000000036,1.7800000000000002,6.628637327356961
0.31,Good,I,SI1,63.3,53.0,-0.020000000000000462,1.5900000000000003,6.0153031530956005
0.9,Premium,G,SI1,62.7,58.0,0.04999999999999982,2.25,8.199093933110577
1.22,Premium,G,IF,59.2,58.0,0.04999999999999982,2.83,9.297641112217917
0.55,Ideal,J,SI1,61.2,55.0,-0.009999999999999787,2.0599999999999996,6.915051084914909
0.71,Premium,H,VS1,62.4,58.0,0.05000000000000071,2.1199999999999997,7.847839898087984
0.63,Fair,E,SI1,64.6,57.7,-0.04999999999999982,1.94,7.4442298003011675
0.61,Ideal,G,VS2,61.6,55.0,-0.020000000000000462,2.1100000000000003,7.5368685533322255
0.5,Very Good,F,VS1,61.4,58.0,-0.08999999999999986,2.01,7.268706585662578
1.51,Premium,H,VS1,61.8,59.0,0.05000000000000071,2.76,9.312625692781857
0.5,Good,D,SI1,63.3,56.0,-0.02999999999999936,1.8799999999999994,6.962708323430578
1.2,Ideal,G,VS2,62.6,57.0,-0.0699999999999994,2.5699999999999994,9.016242800688387
0.61,Good,F,VS1,60.0,65.0,0.0600000000000005,2.17,7.640745430970302
0.36,Ideal,F,VVS1,61.0,55.0,-0.020000000000000462,1.81,6.8722900970490715
0.52,Ideal,D,VVS2,62.3,56.0,-0.03000000000000025,1.9500000000000002,7.708555777966226
0.26,Ideal,G,VVS2,61.4,56.0,-0.02999999999999936,1.6099999999999999,6.306397658025548
1.04,Good,E,SI1,63.8,58.0,0.07000000000000028,2.29,8.529138528153105
1.03,Very Good,D,SI2,62.8,56.0,-0.03000000000000025,2.41,8.458989995305577
1.07,Very Good,E,SI1,60.4,63.0,0.07000000000000028,2.59,8.642569843014336
0.4,Premium,G,VVS1,60.3,58.0,0.040000000000000036,1.8900000000000001,7.0483883279052835
0.7,Ideal,H,SI1,61.4,57.0,0.03000000000000025,2.1900000000000004,7.730278148638713
1.03,Ideal,E,SI1,62.0,53.0,0.03000000000000025,2.45,8.619128711908859
1.03,Ideal,F,VS2,60.4,56.0,0.03000000000000025,2.5899999999999994,8.82402687700374
0.57,Ideal,D,VS2,61.8,55.0,-0.019999999999999574,2.05,7.591469828637571
0.38,Premium,I,VS1,60.1,60.0,0.05999999999999961,1.8400000000000003,6.533866972369263
0.71,Premium,F,VS1,62.7,58.0,0.040000000000000036,2.1,7.976706490510698
1.0,Fair,G,SI1,64.4,57.0,0.040000000000000036,2.2200000000000006,8.397461468149285
0.4,Very Good,E,VVS2,63.6,55.0,-0.03000000000000025,1.7200000000000002,6.942968274579476
0.72,Ideal,I,VVS1,61.4,57.0,-0.03000000000000025,2.25,7.882833477496792
0.31,Premium,H,SI1,61.1,55.0,0.040000000000000036,1.6799999999999997,6.341429304023563
0.9,Very Good,F,VS2,62.2,57.0,-0.07000000000000028,2.3800000000000003,8.471680732206838
0.62,Good,F,VVS2,59.9,62.0,-0.020000000000000462,2.2300000000000004,7.869146021085631
0.52,Very Good,E,SI2,62.7,56.0,-0.02999999999999936,1.9099999999999997,7.001240534609401
0.72,Good,F,SI1,63.9,62.0,0.07000000000000028,2.01,7.775968330361603
0.3,Good,H,SI1,63.7,57.0,0.020000000000000462,1.5399999999999996,6.177064476139936
0.73,Ideal,G,VS2,61.6,56.0,-0.03000000000000025,2.25,7.981465514190881
0.55,Ideal,G,VS2,61.1,57.0,-0.019999999999999574,2.0699999999999994,7.391436930884541
0.34,Very Good,I,SI1,60.4,56.0,-0.019999999999999574,1.8099999999999996,6.111700731753254
1.4,Ideal,H,SI2,61.2,56.0,0.05000000000000071,2.7699999999999996,8.887553106448319
0.3,Ideal,G,VVS1,61.9,55.0,-0.019999999999999574,1.6599999999999997,6.468260175249975
1.56,Ideal,I,SI1,61.4,56.0,0.04999999999999982,2.8499999999999996,9.182296381589156
1.05,Ideal,F,VVS2,62.1,54.0,0.03000000000000025,2.46,9.17017881715135
0.33,Ideal,F,VVS1,61.7,57.0,-0.02999999999999936,1.7199999999999998,6.79447263572895
0.32,Ideal,D,VVS1,61.8,56.0,0.020000000000000462,1.6699999999999995,7.0131223444283055
0.41,Ideal,J,VS1,60.2,57.0,-0.040000000000000036,1.9399999999999995,6.486353091158867
0.31,Ideal,G,IF,61.6,56.0,-0.040000000000000036,1.71,6.7414354065122755
0.83,Ideal,F,VS1,62.0,57.0,0.04999999999999982,2.2499999999999996,8.294296287663297
1.55,Ideal,G,VVS2,62.5,57.0,0.019999999999999574,2.74,9.569067924384768
0.34,Ideal,E,VS1,61.8,56.0,-0.040000000000000036,1.73,6.6648647001647765
0.4,Good,D,SI2,63.8,54.0,-0.03000000000000025,1.7200000000000006,6.475786741552756
0.5,Good,F,SI1,63.7,61.0,0.02999999999999936,1.8000000000000003,6.951414667240888
0.91,Ideal,G,SI2,61.0,57.0,-0.03000000000000025,2.4600000000000004,8.19204547462466
0.51,Premium,F,VVS2,61.2,59.0,0.09000000000000075,1.9499999999999997,7.582243571215074
0.31,Ideal,H,VVS2,61.1,56.0,0.040000000000000036,1.67,6.607453230767105
1.02,Very Good,F,SI1,62.9,56.0,-0.040000000000000036,2.3999999999999995,8.578730628617077
1.01,Good,H,SI1,60.3,64.0,-0.02999999999999936,2.5999999999999996,8.43566041444898
0.3,Premium,G,VVS2,61.3,58.0,0.05999999999999961,1.6400000000000001,6.543391836014646
0.61,Premium,F,SI2,60.9,58.0,-0.07999999999999918,2.1799999999999997,7.269431645288104
1.01,Very Good,F,SI2,63.1,57.0,0.07000000000000028,2.3,8.323385014381582
0.71,Premium,G,VS2,60.9,57.0,0.03000000000000025,2.24,7.92718201640726
1.34,Premium,D,SI2,61.5,58.0,-0.03000000000000025,2.7300000000000004,8.803594374732967
0.75,Ideal,E,SI1,61.4,57.0,-0.04999999999999982,2.2800000000000002,8.019125441994323
0.53,Ideal,G,VVS2,62.1,54.0,-0.040000000000000036,1.9899999999999998,7.561057157119411
1.0,Good,G,SI2,64.2,57.0,-0.019999999999999574,2.25,8.280443109517046
1.21,Premium,H,VS2,60.8,62.0,0.040000000000000036,2.6500000000000004,8.810537116783468
0.23,Ideal,D,VVS2,62.1,57.0,-0.050000000000000266,1.52,6.175822309698812
0.33,Ideal,H,IF,61.8,54.0,-0.020000000000000462,1.7200000000000002,6.7077786404836
1.01,Premium,G,VS1,60.9,58.0,0.040000000000000036,2.4999999999999996,8.802590642042794
1.29,Premium,J,VVS2,62.6,59.0,0.07000000000000028,2.5600000000000005,8.803215955433457
0.57,Fair,E,SI1,64.6,59.0,0.040000000000000036,1.8199999999999998,7.244755579259093
0.25,Very Good,E,VVS1,60.7,58.0,-0.02999999999999936,1.6199999999999997,6.276868727607631
0.53,Ideal,H,SI1,62.5,56.0,-0.040000000000000036,1.9600000000000004,7.034517401853214
0.7,Fair,G,SI1,66.0,53.0,0.0600000000000005,1.8399999999999999,7.578987277609598
0.35,Premium,D,VVS1,60.8,58.0,0.019999999999999574,1.7700000000000005,7.09395600725688
1.1,Very Good,E,SI2,60.0,58.0,-0.03000000000000025,2.71,8.476805746150315
1.35,Premium,H,VS2,62.2,56.0,0.04999999999999982,2.66,8.953832911339443
0.54,Very Good,D,VVS2,62.1,55.0,-0.04999999999999982,2.01,7.7500474403600315
1.09,Premium,G,VS2,61.0,59.0,0.05000000000000071,2.5599999999999996,8.812477448235043
0.5,Very Good,F,VVS1,62.2,57.0,-0.040000000000000036,1.9300000000000002,7.466979143104385
0.57,Very Good,F,VS1,63.2,56.0,-0.040000000000000036,1.9699999999999998,7.526102479254088
0.9,Ideal,D,SI2,60.9,57.0,-0.040000000000000036,2.45,8.274344288003377
1.03,Ideal,D,VS1,61.8,56.0,-0.08000000000000007,2.5200000000000005,9.036101393080866
0.31,Ideal,E,VS2,62.4,54.0,-0.040000000000000036,1.6499999999999995,6.492952746049459
0.7,Good,H,SI2,63.6,54.0,0.04999999999999982,2.0300000000000002,7.47104950467254
0.71,Ideal,E,VS2,61.1,56.0,-0.020000000000000462,2.2600000000000002,8.083436199769286
0.5,Very Good,D,VS2,61.2,56.0,-0.020000000000000462,2.0100000000000002,7.264951760274188
0.5,Ideal,E,VS1,62.7,57.0,-0.07000000000000028,1.9300000000000002,7.2785370584313185
1.16,Very Good,H,SI2,62.8,59.0,0.0600000000000005,2.4499999999999993,8.403236258545958
0.5,Fair,I,VS1,66.9,56.0,0.040000000000000036,1.5799999999999996,6.9440378252156005
0.76,Ideal,E,SI2,62.8,56.0,-0.040000000000000036,2.18,7.859451969106876
1.01,Very Good,I,SI2,62.2,59.0,-0.04999999999999982,2.44,8.254792429971198
0.41,Very Good,E,SI1,60.5,63.0,-0.040000000000000036,1.9099999999999997,6.641726604557048
1.25,Premium,I,VS1,60.4,59.0,-0.0699999999999994,2.8,8.827452130272002
0.9,Very Good,F,VS2,61.9,57.0,-0.0600000000000005,2.3900000000000006,8.471680732206838
0.35,Very Good,H,SI1,61.3,55.0,-0.03000000000000025,1.7800000000000002,6.224494303130601
0.6,Premium,G,SI2,60.8,58.0,0.04999999999999982,2.1200000000000006,7.170949140322346
1.5,Ideal,F,SI1,62.0,60.0,0.03000000000000025,2.76,9.349565293824332
0.34,Premium,H,SI1,60.2,58.0,-0.03999999999999915,1.8099999999999996,6.241565723745377
1.01,Fair,H,SI1,65.3,61.0,0.05000000000000071,2.13,8.283752466785005
0.53,Very Good,F,VS2,63.2,58.0,-0.03000000000000025,1.9100000000000001,7.312268549647403
2.01,Ideal,J,SI1,62.1,56.0,0.05000000000000071,3.0299999999999994,9.50377611055992
0.82,Ideal,G,SI1,61.8,55.0,-0.03000000000000025,2.32,8.029453079098882
0.31,Ideal,D,VS2,61.8,55.0,-0.03000000000000025,1.6700000000000004,6.533355049953212
1.01,Fair,H,VVS2,65.0,55.0,0.040000000000000036,2.1799999999999997,8.561715474219117
0.71,Premium,E,VS2,62.1,59.0,0.040000000000000036,2.1399999999999997,7.965508813837097
1.01,Fair,F,VS1,64.6,60.0,0.09999999999999964,2.1500000000000004,8.700625391930483
1.34,Very Good,G,SI2,63.2,57.0,0.03000000000000025,2.55,8.678741427594884
1.07,Premium,G,I1,62.3,60.0,0.040000000000000036,2.4399999999999995,8.020130404880312
1.02,Premium,I,SI1,61.7,58.0,0.03000000000000025,2.46,8.391755739036817
0.52,Good,G,SI1,64.3,61.0,0.040000000000000036,1.7599999999999998,7.10018680950454
1.01,Good,G,VS2,63.6,60.0,-0.04999999999999982,2.33,8.66129760296543
0.51,Ideal,E,VS1,60.9,56.0,-0.05999999999999961,2.0599999999999996,7.514639906335782
0.25,Very Good,E,VS2,59.7,61.0,-0.019999999999999574,1.6599999999999997,6.0294661848211755
1.36,Premium,F,VS2,59.3,60.0,0.03000000000000025,2.92,9.19029497202861
0.8,Ideal,F,VS2,62.7,54.0,0.040000000000000036,2.19,8.152082970445711
0.39,Good,G,IF,63.5,56.0,-0.019999999999999574,1.71,6.982335161617824
0.91,Premium,F,VS2,62.2,58.0,-0.040000000000000036,2.36,8.490522546639895
1.01,Premium,F,VVS1,62.5,58.0,-0.0600000000000005,2.42,9.112480886179581
1.02,Premium,G,SI2,60.9,59.0,0.10999999999999943,2.49,8.355841118449115
0.7,Good,G,VS2,62.1,61.0,-0.010000000000000675,2.1600000000000006,7.725486431762374
0.51,Ideal,E,VS2,61.5,55.0,0.09000000000000075,1.9499999999999997,7.384712181768447
0.9,Ideal,F,SI1,62.3,56.0,0.040000000000000036,2.3,8.308521586491858
1.01,Good,J,VS2,62.8,58.0,-0.04999999999999982,2.3799999999999994,8.294488900633493
0.24,Good,F,VS1,60.2,65.0,-0.029999999999999805,1.6,6.1032944933520445
0.26,Ideal,D,VS1,62.0,55.0,-0.020000000000000462,1.5700000000000003,6.258034743881605
2.02,Very Good,I,SI2,61.9,60.0,0.05999999999999872,3.0500000000000007,9.573514744747984
2.13,Good,H,SI2,59.2,58.0,-0.0600000000000005,3.45,9.603090014277694
0.7,Ideal,E,SI2,62.5,54.0,-0.03000000000000025,2.15,7.72763552308584
1.0,Very Good,E,VS2,62.1,59.0,-0.040000000000000036,2.4299999999999997,8.75166936735072
1.21,Premium,F,VS2,61.5,57.0,0.0699999999999994,2.5700000000000003,9.037672839238603
0.72,Ideal,E,VS2,61.4,56.0,-0.019999999999999574,2.25,8.072698132318447
0.4,Very Good,J,VS1,63.5,56.0,0.009999999999999787,1.7100000000000004,6.575777536164075
0.26,Ideal,G,VS1,62.1,54.0,-0.040000000000000036,1.5799999999999996,6.205533919101113
0.53,Ideal,G,VVS2,61.4,57.0,0.0699999999999994,1.9800000000000004,7.570675269101215
0.35,Very Good,D,SI1,63.0,57.0,-0.05999999999999961,1.6899999999999995,6.43405808332913
0.52,Good,H,VS2,63.6,57.0,0.04999999999999982,1.8199999999999998,7.197269960849264
0.3,Premium,H,VVS1,61.8,58.0,-0.040000000000000036,1.6800000000000002,6.403059829827174
0.3,Very Good,F,IF,62.0,58.0,-0.019999999999999574,1.6399999999999997,6.526681412153361
1.54,Ideal,I,VS2,61.9,55.8,-0.04999999999999982,2.8499999999999996,9.23278534906532
0.56,Ideal,F,VVS2,61.1,56.0,-0.020000000000000462,2.1,7.728154119192363
0.73,Ideal,G,SI1,62.1,54.0,0.04999999999999982,2.17,7.8360066624521085
0.9,Ideal,H,VVS2,62.0,57.0,0.04999999999999982,2.3200000000000003,8.481910259235303
0.92,Very Good,G,SI2,59.4,62.0,-0.020000000000000462,2.5900000000000003,8.15812373871847
1.69,Premium,I,VS2,62.4,58.0,0.1299999999999999,2.79,9.338733890332769
0.41,Ideal,F,SI1,62.7,57.0,0.040000000000000036,1.7400000000000002,6.788611664129498
0.33,Ideal,F,VVS2,61.9,56.0,-0.040000000000000036,1.71,6.688062602158742
0.3,Premium,I,VS1,60.5,60.0,0.03000000000000025,1.69,6.293583115972803
1.01,Premium,F,VS2,60.9,58.0,0.05999999999999961,2.49,8.766972304778433
0.57,Ideal,D,VS2,61.8,56.0,0.03000000000000025,2.0199999999999996,7.604365441262858
0.53,Ideal,G,VS2,62.5,55.0,0.03000000000000025,1.9299999999999997,7.354978084101976
0.9,Fair,H,VS2,64.8,58.0,0.040000000000000036,2.1100000000000003,8.14280210911775
0.9,Very Good,F,SI1,62.3,55.0,-0.040000000000000036,2.34,8.308396569416244
0.51,Premium,I,SI1,61.3,58.0,0.04999999999999982,1.9600000000000004,6.929358888368874
0.51,Ideal,E,SI1,61.4,56.0,-0.020000000000000462,2.0,7.175032563199327
1.07,Ideal,H,SI1,60.9,57.0,-0.0699999999999994,2.63,8.571504307192829
0.9,Very Good,F,SI2,62.3,58.0,-0.03000000000000025,2.3400000000000003,8.159813232301524
2.01,Premium,I,VS2,61.7,60.0,0.07000000000000028,3.05,9.61558808746032
1.01,Ideal,F,SI2,62.5,55.0,-0.010000000000000675,2.4000000000000004,8.417617037833542
1.5,Very Good,H,SI2,62.0,63.0,-0.040000000000000036,2.7800000000000002,9.05905863016883
0.7,Very Good,I,VVS1,61.6,58.0,-0.019999999999999574,2.2,7.804178278491469
0.59,Good,G,VS1,60.4,61.2,-0.04999999999999982,2.17,7.524191445333913
1.2,Very Good,I,SI1,63.8,57.0,-0.08000000000000007,2.46,8.586456353042117
1.08,Premium,G,VS2,62.3,58.0,0.040000000000000036,2.4400000000000004,8.787306548233031
1.15,Very Good,H,SI2,61.4,58.0,-0.04999999999999982,2.62,8.479513970217477
0.51,Very Good,G,VS2,59.1,60.0,-0.03000000000000025,2.14,7.274932686192497
0.56,Good,F,VS1,58.6,62.0,-0.15000000000000036,2.29,7.621926893327065
0.4,Ideal,E,VVS1,60.8,57.0,-0.03000000000000025,1.9000000000000004,7.120233853622779
0.54,Very Good,J,SI1,61.3,55.0,-0.04999999999999982,2.06,6.885897226730699
1.82,Premium,I,VS1,61.4,60.0,0.03000000000000025,3.0,9.450118978503532
0.72,Ideal,H,VVS1,61.5,57.0,-0.019999999999999574,2.2199999999999998,8.04473958352507
0.41,Premium,E,VS1,62.3,59.0,0.019999999999999574,1.7800000000000002,6.993828913923799
1.31,Ideal,G,VS1,62.0,53.0,-0.010000000000000675,2.7,9.196659878791964
0.32,Premium,D,SI1,61.3,60.0,0.019999999999999574,1.7000000000000002,6.584249947101642
1.17,Premium,J,SI1,61.9,58.0,0.03999999999999915,2.5500000000000007,8.373789155701965
1.0,Premium,D,SI1,62.3,60.0,0.040000000000000036,2.3200000000000003,8.570822454059023
0.4,Premium,H,VS1,62.7,59.0,0.08000000000000007,1.6999999999999997,6.767693976950042
0.57,Ideal,F,VS1,62.6,56.0,-0.0600000000000005,2.0100000000000002,7.574103122379592
1.52,Fair,I,I1,67.7,58.0,0.07000000000000028,2.24,8.241574698424122
0.4,Premium,G,VVS1,61.5,58.0,-0.04999999999999982,1.8400000000000003,6.9658609768425155
0.35,Ideal,F,VS2,61.4,54.0,-0.040000000000000036,1.7800000000000002,6.541815588569541
0.71,Ideal,G,VS2,59.5,57.0,0.009999999999999787,2.34,7.948510834727057
1.11,Ideal,J,SI2,62.5,57.0,0.040000000000000036,2.46,8.271971425338537
1.27,Ideal,D,SI1,62.1,55.0,-0.040000000000000036,2.6500000000000004,9.023537346446483
0.71,Premium,G,SI1,61.3,57.0,0.020000000000000462,2.21,7.8519517078294925
1.03,Premium,H,SI1,60.0,60.0,0.009999999999999787,2.380000000000001,8.436102286423473
1.06,Ideal,E,VS2,61.9,55.0,-0.040000000000000036,2.5200000000000005,8.934142903370882
0.7,Good,G,SI1,63.9,58.0,0.0600000000000005,1.9699999999999998,7.629905316216349
0.3,Ideal,F,VVS1,62.3,56.0,-0.040000000000000036,1.65,6.515382960198623
0.3,Ideal,G,VVS1,61.4,58.0,-0.040000000000000036,1.6899999999999995,6.469413053852363
0.9,Ideal,G,VVS1,62.9,56.0,-0.08000000000000007,2.3200000000000003,8.699641642703723
0.23,Very Good,F,VVS2,61.2,55.0,-0.03999999999999959,1.5699999999999998,6.159565770142678
0.31,Ideal,J,SI1,62.4,53.0,-0.020000000000000462,1.6600000000000001,5.968927504627322
0.71,Very Good,J,VS2,62.6,54.0,-0.040000000000000036,2.15,7.577317563836268
0.31,Ideal,E,VVS2,60.8,57.0,0.02999999999999936,1.7000000000000002,6.815674415672832
1.0,Premium,G,SI2,59.1,59.0,0.0699999999999994,6.48,8.348954232411877
0.39,Very Good,E,VS2,61.3,61.0,-0.040000000000000036,1.83,6.7244233095578245
0.3,Premium,G,VS1,61.4,60.0,0.03000000000000025,1.65,6.473645217206046
0.91,Premium,I,VS2,63.0,58.0,0.08000000000000007,2.22,8.122163348069627
0.54,Premium,D,VS2,61.6,56.0,0.0600000000000005,1.9699999999999998,7.5389141455284365
1.01,Very Good,G,VVS2,63.2,59.0,0.040000000000000036,2.3200000000000003,8.87821019360657
1.61,Premium,J,IF,62.1,58.0,-0.0600000000000005,2.87,9.166232496092336
1.01,Premium,H,VS1,62.1,62.0,0.040000000000000036,2.3800000000000003,8.597516358930534
0.41,Ideal,F,VVS2,62.5,56.0,0.03000000000000025,1.7599999999999998,7.07600020024604
0.9,Good,H,VS2,63.1,60.0,-0.040000000000000036,2.27,8.240936720169952
0.4,Very Good,F,SI1,61.7,62.0,-0.04999999999999982,1.8399999999999999,6.572047232433872
0.3,Ideal,G,IF,62.8,57.0,0.040000000000000036,1.58,6.681244963752443
1.53,Ideal,G,VVS2,61.0,55.0,-0.05999999999999961,2.9400000000000004,9.60034138362827
0.42,Ideal,J,VS1,62.7,57.0,-0.040000000000000036,1.7999999999999998,6.523491738544369
1.5,Ideal,G,SI2,61.4,56.0,0.040000000000000036,2.8200000000000003,9.097955580969478
1.01,Good,H,VS2,59.6,64.0,0.08000000000000007,2.58,8.513711010824762
1.16,Ideal,H,SI1,64.2,59.0,0.04999999999999982,2.3500000000000005,8.579563884848616
1.52,Very Good,H,VVS2,62.8,56.0,-0.020000000000000462,2.7300000000000004,9.35188396640495
0.62,Ideal,F,VS1,61.2,54.0,0.03000000000000025,2.1299999999999994,7.71697637379163
0.99,Fair,I,SI1,60.7,66.0,0.08000000000000007,2.4699999999999998,8.171643355219187
0.51,Ideal,F,VS1,61.8,54.0,-0.02999999999999936,1.9899999999999998,7.439036837801409
0.31,Ideal,G,SI1,62.2,55.0,-0.019999999999999574,1.6599999999999997,6.240048504153512
0.73,Ideal,E,SI1,62.2,56.0,-0.040000000000000036,2.2,8.001094458145014
1.0,Very Good,F,VS2,62.1,58.0,-0.08999999999999986,2.49,8.728109615869036
1.01,Very Good,F,SI2,60.0,55.0,0.02999999999999936,2.6,8.375591237067567
0.85,Ideal,D,VVS1,62.0,56.0,-0.0600000000000005,2.3400000000000003,8.735067376164698
0.56,Very Good,D,SI1,59.9,60.0,-0.05999999999999961,2.1799999999999997,7.371792830205889
0.4,Very Good,E,VS2,62.2,58.0,-0.04999999999999982,1.7999999999999998,6.746122602257537
0.5,Good,D,SI1,63.9,56.0,0.08999999999999986,1.7499999999999996,7.044493079164705
1.39,Premium,H,VS2,62.5,59.0,0.07000000000000028,2.6399999999999997,9.077452548408564
0.92,Ideal,I,SI1,61.8,57.0,-0.04999999999999982,2.4099999999999997,8.146310457865765
0.9,Good,E,VS1,62.2,60.0,-0.040000000000000036,2.3400000000000003,8.579399627555143
0.34,Ideal,G,IF,60.9,56.0,-0.03000000000000025,1.7800000000000002,6.845929218690573
0.31,Ideal,G,SI1,61.6,55.0,-0.019999999999999574,1.6899999999999995,6.240048504153512
1.01,Good,G,VS2,63.9,54.0,0.0600000000000005,2.26,8.639902320989458
0.54,Ideal,E,VS2,60.5,56.0,0.020000000000000462,2.07,7.5161332894110355
1.18,Very Good,I,VS1,62.2,57.0,-0.040000000000000036,2.5699999999999994,8.724597687224088
0.9,Ideal,J,IF,62.2,57.0,0.03000000000000025,2.3099999999999996,8.34500010276186
1.0,Fair,G,SI1,68.3,61.0,0.08999999999999986,1.8499999999999996,8.273165083922754
0.32,Ideal,F,VS2,61.9,56.0,0.019999999999999574,1.6600000000000001,6.665566291377982
0.33,Ideal,E,IF,62.1,55.0,-0.03000000000000025,1.7000000000000002,6.9229555594096
0.35,Ideal,F,VS2,61.5,57.0,-0.040000000000000036,1.7699999999999996,6.542179988529519
0.4,Very Good,G,VVS2,61.6,58.0,-0.04999999999999982,1.85,6.850025787746762
0.75,Ideal,E,SI2,62.1,57.0,-0.040000000000000036,2.2299999999999995,7.864831090726385
0.72,Ideal,F,SI1,62.0,55.0,-0.03000000000000025,2.21,7.951980204898656
0.38,Ideal,F,VVS1,61.1,57.0,0.019999999999999574,1.8200000000000003,7.01678462585997
0.7,Very Good,D,SI1,63.5,58.0,-0.02999999999999936,2.07,7.822437739543458
0.9,Good,F,SI1,58.0,58.0,-0.040000000000000036,2.6500000000000004,8.269915807098009
0.53,Ideal,E,VS1,61.4,56.0,-0.040000000000000036,2.04,7.569361379401552
0.28,Very Good,F,VVS2,61.8,60.0,-0.03000000000000025,1.6100000000000003,6.341565033170727
1.01,Good,E,VS2,62.6,58.0,-0.03000000000000025,2.39,8.762592291201681
0.71,Very Good,F,SI1,61.1,57.0,-0.03000000000000025,2.24,7.913386102234732
1.29,Fair,G,I1,66.0,58.0,0.07000000000000028,2.2699999999999996,8.136695547330294
0.43,Premium,H,VS1,62.3,58.0,-0.05999999999999961,1.8299999999999996,6.734110168858513
0.31,Premium,F,VVS1,59.9,59.0,0.020000000000000462,1.7699999999999996,6.839924721086323
1.08,Premium,F,VS2,62.1,59.0,0.04999999999999982,2.46,8.864823501172436
1.2,Premium,J,VS2,60.8,60.0,-0.040000000000000036,2.71,8.573792989010151
2.3,Ideal,I,SI2,61.8,57.0,0.030000000000001137,3.219999999999999,9.616877678345073
1.52,Very Good,H,SI1,63.4,55.0,-0.04999999999999982,2.6899999999999995,9.205551579345268
2.0,Good,I,SI1,63.0,61.0,-0.040000000000000036,2.96,9.609613286219249
1.16,Fair,G,SI1,65.9,55.0,0.03000000000000025,2.21,8.574114738343518
0.52,Ideal,E,VS2,61.5,56.0,-0.03000000000000025,2.0,7.440953870943309
1.77,Premium,F,SI1,60.3,59.0,0.07000000000000028,3.1000000000000005,9.554019323184184
1.2,Very Good,H,SI1,62.3,57.0,0.020000000000000462,2.54,8.67313304076174
1.14,Ideal,D,SI2,61.4,56.0,-0.07999999999999918,2.6399999999999997,8.616767211426948
0.57,Ideal,F,VS2,59.2,57.0,-0.04999999999999982,2.26,7.550398828660337
0.9,Premium,D,SI1,62.2,58.0,-0.0699999999999994,2.36,8.385423188736276
1.53,Very Good,I,VS1,59.3,58.0,-0.040000000000000036,3.08,9.20038794389093
0.63,Ideal,J,SI1,61.8,56.0,-0.04999999999999982,2.1299999999999994,7.225788464955468
1.37,Ideal,I,VS2,61.5,56.0,0.02999999999999936,2.7300000000000004,8.882420302748656
0.7,Good,D,SI1,59.9,63.0,-0.0699999999999994,2.3499999999999996,7.9010211034068485
0.7,Very Good,G,SI1,63.5,61.0,0.02999999999999936,2.0400000000000005,7.666198659589663
0.37,Ideal,G,SI1,62.0,55.0,-0.019999999999999574,1.7699999999999996,6.399514383639905
0.91,Very Good,G,SI2,60.4,61.0,-0.07000000000000028,2.5100000000000002,8.142824585820142
0.3,Ideal,G,IF,62.1,55.0,-0.019999999999999574,1.65,6.557304617034538
0.5,Ideal,D,SI1,61.4,58.0,-0.02999999999999936,1.9799999999999995,7.058181055686825
0.71,Very Good,F,VS1,60.6,60.0,-0.05000000000000071,2.2700000000000005,8.08543924343644
0.34,Premium,D,VS2,59.3,59.0,0.040000000000000036,1.8399999999999999,6.76240299894622
0.71,Good,F,VS2,57.8,60.0,0.03000000000000025,2.47,7.9569892497143995
2.23,Premium,J,SI1,62.4,59.0,-0.02999999999999936,3.1499999999999995,9.554336526091713
0.3,Premium,G,VS2,60.8,61.0,0.03000000000000025,1.6799999999999997,6.443450452455412
1.5,Good,E,VS2,63.9,58.0,-0.040000000000000036,2.63,9.502676819600437
0.41,Ideal,G,VS1,59.8,57.0,0.05000000000000071,1.9199999999999995,6.881069032054557
0.71,Good,H,SI1,63.5,57.0,-0.03000000000000025,2.08,7.709432606108708
0.7,Ideal,E,VVS2,62.8,56.0,0.08000000000000007,2.0599999999999996,8.087837557072048
1.06,Ideal,D,VVS2,61.8,56.0,-0.040000000000000036,2.5,9.30534360127814
2.29,Premium,I,VS2,60.8,60.0,0.02999999999999936,3.3100000000000005,9.67380381113576
0.51,Very Good,E,VS2,62.8,56.0,-0.02999999999999936,1.9199999999999995,7.278152820301362
0.7,Premium,E,SI1,61.8,59.0,0.05999999999999961,2.1100000000000003,7.788801906944184
0.76,Ideal,H,SI1,61.2,57.0,-0.03000000000000025,2.3000000000000003,7.881494018954564
0.43,Ideal,G,SI1,62.2,54.0,-0.040000000000000036,1.8599999999999999,6.668836150966899
0.9,Very Good,E,SI1,62.6,58.0,-0.040000000000000036,2.3100000000000005,8.338621449556221
0.32,Very Good,H,VS1,58.9,63.0,0.05999999999999961,1.7900000000000005,6.445360685351154
0.32,Premium,H,VVS1,61.5,59.0,-0.040000000000000036,1.71,6.581014774689292
0.96,Ideal,F,SI2,60.9,60.0,-0.05000000000000071,2.5000000000000004,8.22438989438615
0.36,Ideal,D,VS1,61.7,55.0,-0.019999999999999574,1.7699999999999996,6.754216362866477
1.74,Good,I,SI2,60.1,64.0,0.11000000000000032,3.04,9.146348179852431
0.82,Ideal,D,VS2,61.9,56.0,-0.04999999999999982,2.31,8.31898809685671
0.38,Ideal,F,I1,62.5,57.0,-0.02999999999999936,1.7499999999999996,6.292792082828512
1.2,Ideal,G,VS1,62.4,57.0,-0.019999999999999574,2.5599999999999996,9.102743663434753
0.35,Premium,E,VS2,59.5,58.0,0.03000000000000025,1.8499999999999996,6.717115170057794
0.33,Premium,D,VS2,61.2,58.0,-0.03000000000000025,1.7300000000000004,6.571045938217437
0.71,Ideal,E,SI1,61.7,56.0,0.02999999999999936,2.1700000000000004,7.9196253432864525
0.3,Ideal,H,IF,61.8,57.0,-0.05000000000000071,1.6800000000000002,6.500980248733583
1.52,Ideal,F,SI2,61.8,58.0,-0.020000000000000462,2.83,9.162338617071354
0.42,Very Good,I,SI1,61.2,60.0,-0.040000000000000036,1.8800000000000003,6.43842302614998
0.35,Ideal,E,SI1,62.3,56.0,0.02999999999999936,1.7000000000000002,6.625219608065704
0.3,Ideal,E,VS2,62.3,56.0,0.040000000000000036,1.6099999999999999,6.558972298255339
1.01,Good,G,VVS2,63.4,55.0,-0.07000000000000028,2.37,8.889618014377827
0.3,Premium,I,VS1,61.7,59.0,0.040000000000000036,1.6199999999999997,6.300150318546582
0.9,Very Good,H,VVS1,63.5,57.0,-0.05000000000000071,2.2300000000000004,8.46796741720848
1.09,Ideal,J,VS2,62.5,55.0,0.05999999999999961,2.45,8.452309049518055
0.37,Ideal,G,VVS2,62.0,56.0,-0.019999999999999574,1.7699999999999996,6.711521653378334
0.7,Ideal,J,SI1,62.6,56.0,-0.019999999999999574,2.13,7.469048333390813
1.02,Ideal,E,VS1,62.2,54.0,-0.03000000000000025,2.45,8.96898694281261
0.24,Very Good,F,VVS2,61.9,56.0,-0.019999999999999574,1.5399999999999996,6.244211957043585
0.71,Very Good,F,SI2,63.3,56.0,-0.05000000000000071,2.1200000000000006,7.702151800142637
1.2,Very Good,F,VS2,62.9,57.0,0.07000000000000028,2.4699999999999998,9.028364557259868
1.04,Premium,G,IF,61.3,58.0,0.08999999999999986,2.4599999999999995,9.062000230805255
0.41,Very Good,H,SI1,61.4,60.0,-0.04999999999999982,1.8600000000000003,6.489544222102365
0.29,Very Good,G,VS2,62.0,55.0,-0.02999999999999936,1.6399999999999997,6.183442495828722
0.34,Ideal,D,VVS1,61.5,56.0,-0.03000000000000025,1.7400000000000002,6.962118684757728
1.53,Premium,G,VVS1,60.6,58.0,0.040000000000000036,2.92,9.592805313446727
1.5,Premium,J,SI2,61.4,61.0,0.0600000000000005,2.8,8.872197526335832
0.55,Ideal,D,VS2,62.7,57.0,-0.03000000000000025,1.9600000000000004,7.461991114923611
0.42,Premium,D,VS1,60.8,59.0,-0.05999999999999961,1.9199999999999995,6.953099222188913
1.05,Ideal,D,VS2,61.7,59.0,-0.03000000000000025,2.5100000000000007,8.939182676182657
0.8,Premium,J,SI1,60.1,57.0,0.04999999999999982,2.3700000000000006,7.713329996244438
0.79,Very Good,I,SI1,62.5,57.0,-0.020000000000000462,2.22,7.738012227109137
1.13,Very Good,F,SI1,61.2,59.0,-0.03000000000000025,2.63,8.71549328361899
0.5,Premium,D,VS2,62.8,58.0,0.03000000000000025,1.8699999999999997,7.3073730771008805
1.02,Ideal,D,VS1,60.5,56.0,0.0699999999999994,2.5400000000000005,9.016364444168463
0.32,Ideal,E,VS2,62.0,55.0,0.040000000000000036,1.65,6.714424394975231
0.51,Ideal,G,VVS1,62.8,53.0,-0.04999999999999982,1.9299999999999997,7.54980577102404
0.81,Ideal,H,VS1,61.8,58.0,-0.07000000000000028,2.33,8.136286392548481
1.16,Premium,I,SI1,60.0,58.0,0.040000000000000036,2.7,8.48471643581532
0.83,Ideal,E,SI1,61.6,56.0,-0.019999999999999574,2.3299999999999996,8.154088524674199
1.52,Premium,J,VS1,62.4,59.0,-0.05000000000000071,2.7800000000000002,9.063950161442664
0.31,Ideal,G,VS1,61.3,55.0,-0.03000000000000025,1.7199999999999998,6.435565561553522
0.32,Ideal,E,VVS2,61.6,57.0,-0.02999999999999936,1.7099999999999995,6.694877271224285
1.24,Ideal,D,VVS2,61.5,57.0,-0.0600000000000005,2.6900000000000004,9.499578156264937
0.4,Premium,F,VS1,60.3,60.0,-0.040000000000000036,1.9199999999999995,6.815775388372179
1.02,Good,D,VS2,63.2,58.0,-0.040000000000000036,2.37,8.831550765657125
0.32,Ideal,I,VVS2,62.6,54.0,0.040000000000000036,1.62,6.527956716678923
0.43,Premium,G,VVS1,62.0,59.0,0.020000000000000462,1.8199999999999998,7.105354840020003
0.36,Good,D,SI1,63.2,56.0,-0.040000000000000036,1.6899999999999995,6.469597612713135
0.9,Good,J,VS2,63.9,58.0,0.07000000000000028,2.17,7.91539406730123
0.91,Fair,G,VS2,64.9,54.0,-0.040000000000000036,2.15,8.313326622210116
0.3,Ideal,G,IF,62.6,57.0,0.040000000000000036,1.5900000000000003,6.681244963752443
0.72,Premium,G,VVS2,60.7,60.0,0.07000000000000028,2.26,8.075580640165638
1.58,Ideal,F,SI1,60.2,56.0,-0.0699999999999994,3.0599999999999996,9.418581312032188
1.52,Ideal,I,VS2,62.1,59.0,-0.04999999999999982,2.8,9.20663381949321
0.91,Premium,G,SI2,61.3,60.0,-0.03000000000000025,2.41,8.133132668317415
0.31,Ideal,G,VS1,62.4,55.0,-0.019999999999999574,1.6399999999999997,6.435565561553522
0.31,Ideal,I,SI1,62.1,54.0,-0.019999999999999574,1.6699999999999995,6.055958483368123
0.33,Ideal,G,VVS2,61.7,55.0,-0.03000000000000025,1.7300000000000004,6.607087075477704
1.04,Very Good,G,SI2,62.7,57.0,-0.05999999999999961,2.4299999999999997,8.36750521326438
0.3,Premium,D,VS2,60.5,58.0,-0.03000000000000025,1.7399999999999998,6.3801251978451425
0.57,Ideal,E,VS1,61.4,57.0,0.04999999999999982,2.0400000000000005,7.657578055225525
0.58,Ideal,F,VS1,60.4,57.0,0.04999999999999982,2.1100000000000003,7.620166465903046
0.26,Very Good,F,VVS1,58.7,58.0,-0.009999999999999787,1.7599999999999998,6.311994577078409
0.79,Ideal,G,SI1,61.8,56.0,0.019999999999999574,2.25,7.945019631170044
0.43,Ideal,F,SI1,61.8,56.0,-0.03000000000000025,1.87,6.7159691076644945
0.38,Premium,I,VS2,62.5,58.0,0.03000000000000025,1.71,6.507302558669384
1.21,Very Good,G,VS2,62.3,58.0,-0.040000000000000036,2.58,9.005969635355525
0.31,Ideal,G,VVS2,62.6,57.0,0.040000000000000036,1.5899999999999999,6.704711141820602
1.5,Good,I,SI1,63.8,59.0,0.09999999999999964,2.54,9.033459660283686
0.55,Very Good,E,VVS2,60.8,55.0,-0.07000000000000028,2.11,7.727950151557768
0.3,Very Good,G,VVS1,62.1,61.0,-0.03000000000000025,1.6399999999999997,6.424321557021239
0.26,Very Good,G,VVS2,62.5,55.0,-0.020000000000000462,1.5500000000000003,6.253753461608417
1.04,Ideal,E,SI2,62.3,55.0,-0.03000000000000025,2.46,8.479707551100821
1.01,Very Good,I,SI1,63.4,62.0,0.07000000000000028,2.2399999999999998,8.244051394476553
0.31,Premium,G,VVS1,63.0,58.0,0.03000000000000025,1.58,6.784571183249249
0.59,Premium,E,VS2,62.3,55.0,0.040000000000000036,2.0199999999999996,7.559143930991132
1.07,Very Good,I,VS2,62.5,56.0,-0.03000000000000025,2.46,8.572610087224907
0.35,Good,D,SI2,63.3,55.0,-0.040000000000000036,1.6600000000000001,6.251003668755643
1.01,Very Good,G,VS2,63.1,59.0,0.03000000000000025,2.34,8.669818735256168
0.41,Ideal,G,VVS1,62.2,54.0,-0.03000000000000025,1.83,7.003337051933582
0.33,Ideal,E,VS2,61.7,55.0,-0.019999999999999574,1.7199999999999998,6.536814855661973
0.27,Very Good,F,VS1,60.5,57.0,-0.020000000000000462,1.6800000000000006,6.195822202830248
0.9,Very Good,H,VS2,63.7,61.0,-0.03000000000000025,2.2100000000000004,8.242219201199028
1.01,Premium,J,I1,60.7,59.0,-0.03000000000000025,2.53,7.896001594731445
1.58,Ideal,E,VS1,62.6,56.0,0.03000000000000025,2.76,9.651076588307124
1.01,Good,G,VVS2,63.1,56.0,-0.0600000000000005,2.380000000000001,8.889618014377827
1.03,Premium,G,VS2,58.9,59.0,0.0600000000000005,2.69,8.731293907449611
0.42,Premium,G,VVS2,61.6,60.0,0.04999999999999982,1.8299999999999996,7.01841558083253
1.51,Very Good,E,VS2,62.4,58.0,-0.07000000000000028,2.7800000000000002,9.54602402789478
0.9,Ideal,E,VS1,61.3,57.0,-0.040000000000000036,2.43,8.648623889339003
1.01,Good,I,SI1,63.6,55.0,0.08000000000000007,2.2699999999999996,8.269659867039573
0.39,Ideal,G,SI1,60.5,56.0,-0.020000000000000462,1.9,6.564326556602477
0.3,Very Good,H,SI1,62.9,57.0,-0.04999999999999982,1.5999999999999996,6.046204167986291
0.98,Fair,F,SI1,61.8,66.0,0.11000000000000032,2.3599999999999994,8.257850390125796
0.83,Ideal,F,SI1,62.8,56.0,-0.040000000000000036,2.25,8.080746662261191
0.53,Very Good,G,VS1,63.0,58.0,-0.019999999999999574,1.92,7.367904078481652
0.3,Premium,E,VS2,61.6,58.0,0.020000000000000462,1.6499999999999995,6.543391634866687
1.54,Premium,J,SI1,61.2,59.0,0.040000000000000036,2.8600000000000003,8.979584711306499
0.4,Premium,G,SI1,59.2,61.0,0.02999999999999936,1.9400000000000004,6.694661408452829
0.9,Premium,G,SI2,59.5,61.0,0.04999999999999982,2.5300000000000002,8.086967380771569
0.91,Ideal,F,SI2,60.9,57.0,-0.03000000000000025,2.4699999999999998,8.227770347667528
0.43,Ideal,F,SI1,61.3,56.0,-0.040000000000000036,1.9100000000000001,6.732440296387606
0.31,Ideal,E,VVS2,61.6,56.0,-0.040000000000000036,1.6999999999999997,6.661509197270804
0.51,Ideal,F,VS1,62.5,55.0,-0.04999999999999982,1.94,7.381747346605648
1.01,Good,E,SI1,63.7,58.0,-0.040000000000000036,2.3200000000000003,8.5367785940308
1.0,Ideal,F,VS1,61.7,55.0,0.03000000000000025,2.4399999999999995,8.865421584023496
1.42,Ideal,I,VS2,60.4,55.0,-0.09999999999999964,2.95,9.0441387063428
0.7,Very Good,E,SI1,62.5,59.0,-0.040000000000000036,2.1500000000000004,7.814329164413889
1.0,Very Good,E,SI2,61.9,59.0,-0.040000000000000036,2.4599999999999995,8.422104116409402
1.04,Ideal,F,SI1,61.4,59.0,-0.040000000000000036,2.52,8.619181732797932
1.08,Ideal,D,SI1,60.3,57.0,-0.03000000000000025,2.67,8.743588558244278
0.24,Very Good,F,VS1,59.9,58.0,-0.040000000000000036,1.6399999999999997,6.128638552082285
1.16,Ideal,E,SI1,61.9,55.0,-0.04999999999999982,2.5999999999999996,8.80048443880426
1.58,Ideal,F,SI1,61.9,55.0,0.04999999999999982,2.83,9.418250385933309
0.43,Ideal,D,VS2,60.7,57.0,-0.03000000000000025,1.94,6.925087764217986
1.9,Fair,H,SI2,67.1,64.0,0.05000000000000071,2.46,9.24707716149376
2.01,Very Good,E,SI1,60.8,59.0,-0.05999999999999872,3.2299999999999995,9.728076344886556
0.41,Very Good,J,VS2,61.6,57.0,-0.03000000000000025,1.8600000000000003,6.407023479514988
1.4,Very Good,G,VS2,62.2,61.0,-0.040000000000000036,2.71,9.255814510378135
0.34,Ideal,F,VS2,62.6,54.0,0.020000000000000462,1.6600000000000001,6.721465819955035
0.56,Premium,E,VVS2,61.5,58.0,-0.03000000000000025,2.06,7.759018150032658
1.03,Very Good,F,SI2,62.4,59.0,-0.07000000000000028,2.45,8.384377789953572
0.41,Premium,G,SI1,61.3,60.0,0.05999999999999961,1.8199999999999998,6.731597197310261
0.3,Ideal,E,VS2,61.8,55.0,-0.020000000000000462,1.6700000000000004,6.35781771279983
1.27,Ideal,I,I1,62.3,56.0,0.04999999999999982,2.5700000000000003,8.210909060214842
0.34,Ideal,I,IF,62.2,53.5,-0.019999999999999574,1.7199999999999998,6.605958917619253
1.21,Premium,G,SI2,59.1,55.0,0.05999999999999961,2.8400000000000007,8.580282021198382
0.6,Ideal,F,VS1,62.9,57.0,0.040000000000000036,1.9599999999999995,7.626666532559532
0.51,Very Good,D,SI2,61.5,59.0,-0.0699999999999994,1.9999999999999996,7.042431875064039
1.01,Premium,H,SI2,59.9,59.0,0.0699999999999994,2.5800000000000005,8.325609427834449
0.9,Good,E,SI1,63.8,61.0,-0.03000000000000025,2.21,8.279556387332432
2.27,Ideal,I,SI2,63.0,54.0,-0.030000000000001137,3.1100000000000003,9.655982264214192
0.57,Ideal,G,SI1,61.7,56.0,-0.040000000000000036,2.0700000000000003,7.2811873176834325
0.71,Very Good,H,SI1,61.2,56.0,-0.02999999999999936,2.2299999999999995,7.803889302718735
0.3,Premium,F,SI1,62.1,60.0,0.020000000000000462,1.6099999999999999,6.386481667967848
0.31,Good,D,SI2,63.9,57.0,-0.04999999999999982,1.58,6.162971702034387
0.33,Premium,H,IF,60.3,59.0,0.020000000000000462,1.7699999999999996,6.802925311227173
0.31,Premium,I,VVS2,59.4,59.0,0.03000000000000025,1.7800000000000002,6.481310805237349
0.76,Premium,J,VS1,61.1,58.0,-0.0600000000000005,2.3200000000000003,7.794714167724773
0.52,Ideal,G,VVS2,62.3,56.0,-0.02999999999999936,1.9599999999999995,7.508655391033609
1.5,Ideal,I,I1,61.3,57.0,-0.02999999999999936,2.87,8.620100483006464
0.32,Ideal,I,VS1,60.9,56.7,-0.03000000000000025,1.7500000000000004,6.232858385328956
1.55,Ideal,F,SI1,61.9,55.0,0.04999999999999982,2.8099999999999996,9.363092987488262
2.09,Very Good,H,SI2,60.1,63.0,0.05000000000000071,3.24,9.570893288373705
1.01,Fair,H,SI1,64.4,59.0,0.04999999999999982,2.1799999999999997,8.319149488099912
0.9,Very Good,E,SI2,63.5,58.0,-0.05999999999999961,2.26,8.182907609865534
0.3,Very Good,D,SI2,61.4,59.0,-0.04999999999999982,1.6799999999999997,6.0544879720296665
2.0,Good,F,SI1,63.0,64.0,-0.08999999999999986,2.8999999999999995,9.722522057799901
0.3,Premium,G,VVS2,61.2,58.0,0.019999999999999574,1.6700000000000004,6.543391836014646
0.34,Ideal,D,SI1,62.3,57.0,-0.040000000000000036,1.7000000000000006,6.475501265119528
0.71,Ideal,G,SI2,59.5,57.0,0.08000000000000007,2.3200000000000003,7.735646526273698
1.01,Very Good,E,SI2,60.4,60.0,-0.08999999999999986,2.6300000000000003,8.438857659636486
1.16,Very Good,D,SI1,61.8,58.0,-0.0600000000000005,2.6100000000000003,8.79350478206704
0.51,Ideal,G,SI2,61.3,55.0,-0.020000000000000462,2.0200000000000005,6.965107322224154
0.23,Good,G,VVS2,63.8,56.0,0.040000000000000036,1.4,6.212988083576071
1.23,Ideal,I,VS2,62.4,58.0,-0.07000000000000028,2.6100000000000003,8.75689344122901
1.0,Good,F,VS2,63.8,58.0,-0.040000000000000036,2.3000000000000007,8.657272770786292
0.51,Ideal,D,VS2,61.8,55.0,0.02999999999999936,1.9600000000000004,7.432920398246603
0.34,Very Good,H,VS1,62.3,57.0,-0.03000000000000025,1.7000000000000006,6.3948987714596015
0.55,Ideal,G,VVS2,62.3,53.0,-0.020000000000000462,2.0,7.561311952292561
0.43,Premium,G,IF,61.0,58.0,-0.05999999999999961,1.92,7.143574354017908
0.3,Premium,E,SI1,60.6,58.0,0.040000000000000036,1.6799999999999997,6.418342739173041
2.0,Very Good,E,SI2,58.1,60.0,-0.07000000000000028,3.5100000000000007,9.593653413965976
1.01,Good,E,SI1,58.1,59.0,-0.08000000000000007,2.8100000000000005,8.561574525233508
0.5,Premium,E,SI1,61.4,62.0,0.02999999999999936,1.9500000000000002,7.058596949774867
0.31,Ideal,I,SI2,62.0,54.1,-0.02999999999999936,1.6599999999999997,5.979062572829165
0.64,Very Good,E,VS2,63.4,54.0,0.02999999999999936,2.0,7.703470356644182
0.9,Very Good,D,SI1,62.3,58.0,-0.020000000000000462,2.33,8.374841572336669
0.87,Ideal,H,VS2,61.7,57.0,0.04999999999999982,2.32,8.106383018656079
0.76,Very Good,J,VS1,59.3,63.0,0.1900000000000004,2.38,7.750258912029979
1.0,Ideal,H,SI2,62.6,56.0,0.040000000000000036,2.36,8.301696966543348
1.74,Premium,I,VS1,62.5,57.0,0.040000000000000036,2.8600000000000003,9.41352988046431
0.7,Very Good,D,VS2,60.7,60.0,-0.020000000000000462,2.2600000000000002,7.97985553395531
0.53,Very Good,F,VS1,60.6,57.0,-0.040000000000000036,2.08,7.528916818029749
2.06,Ideal,I,SI2,62.4,55.0,-0.040000000000000924,3.0700000000000003,9.631004888515585
0.32,Ideal,G,VS1,60.7,56.0,0.03000000000000025,1.7299999999999995,6.637080283361303
0.44,Premium,E,SI1,62.3,58.0,-0.03000000000000025,1.85,6.756116626517708
0.35,Ideal,D,VS2,61.8,55.0,-0.02999999999999936,1.7499999999999996,6.6310759960705425
0.52,Ideal,H,VS2,61.6,55.0,-0.04999999999999982,2.0300000000000002,7.219129551695364
0.41,Ideal,E,VVS1,60.7,57.0,0.04999999999999982,1.8699999999999997,7.201384730249098
0.42,Premium,G,VS1,60.9,58.0,-0.03000000000000025,1.9,6.8192447017147035
0.36,Ideal,I,IF,61.9,54.0,-0.02999999999999936,1.7599999999999998,6.632909324421746
1.01,Fair,D,SI1,64.4,61.0,0.040000000000000036,2.17,8.448058049375634
0.53,Premium,E,VS2,58.5,61.0,0.07000000000000028,2.1599999999999997,7.464931002527318
0.64,Ideal,D,VS2,60.7,59.0,-0.040000000000000036,2.22,7.867029205758641
0.3,Premium,J,VS2,62.2,58.0,0.019999999999999574,1.6100000000000003,6.17850202635517
0.42,Ideal,E,VVS1,61.6,56.0,-0.02999999999999936,1.8699999999999997,7.1602382594509955
1.41,Premium,G,SI1,59.5,59.0,0.04999999999999982,2.9399999999999995,9.10064726114765
0.76,Premium,D,SI1,61.6,59.0,0.019999999999999574,2.2300000000000004,8.023999547057644
0.38,Very Good,D,VVS2,59.1,59.9,-0.040000000000000036,1.96,6.842503827731685
2.04,Premium,F,SI2,60.2,58.0,-0.07000000000000028,3.3,9.605673021677651
0.56,Ideal,E,VS1,61.3,55.0,0.03000000000000025,2.04,7.63369156226451
0.3,Ideal,H,VS1,62.2,57.0,-0.02999999999999936,1.6399999999999997,6.230608675540263
0.78,Ideal,I,VS1,60.7,56.0,-0.0600000000000005,2.39,7.960156216983422
0.3,Very Good,G,VS2,63.5,59.0,0.04999999999999982,1.5099999999999998,6.373650838242958
0.32,Premium,E,SI1,62.8,57.0,0.04999999999999982,1.5999999999999996,6.559750446261477
0.91,Premium,H,VVS1,62.5,59.0,-0.03000000000000025,2.3300000000000005,8.530344346257335
0.54,Very Good,F,VS2,59.4,57.0,-0.05999999999999961,2.1899999999999995,7.445961387751554
1.07,Very Good,G,VS1,61.2,55.0,-0.040000000000000036,2.5999999999999996,8.935414270604118
0.37,Ideal,F,SI1,61.6,55.0,-0.019999999999999574,1.7999999999999998,6.464054581404165
0.3,Very Good,G,IF,58.4,62.0,-0.02999999999999936,1.8499999999999996,6.479651112527015
1.01,Very Good,F,SI2,63.4,54.0,0.03000000000000025,2.33,8.334335135087693
0.31,Premium,D,SI1,61.4,58.0,-0.04999999999999982,1.7099999999999995,6.371244697693931
0.8,Premium,F,SI1,61.5,60.0,0.02999999999999936,2.2800000000000002,8.037691838377638
2.15,Ideal,J,VS1,60.9,55.0,-0.040000000000000924,3.290000000000001,9.61119238923382
0.72,Premium,G,SI2,60.6,61.0,0.08000000000000007,2.24,7.707065988553147
1.01,Premium,H,SI2,61.3,59.0,0.05999999999999961,2.46,8.322517524177467
0.24,Ideal,F,VVS2,62.6,57.0,-0.029999999999999805,1.4899999999999998,6.320989735885834
0.4,Very Good,E,VS2,62.2,56.0,-0.020000000000000462,1.8000000000000003,6.747200262598404
0.81,Ideal,H,SI1,62.8,57.0,0.03000000000000025,2.19,7.916143764566033
0.5,Ideal,H,VS2,60.3,55.0,-0.04999999999999982,2.08,7.048413732735097
1.01,Good,H,SI1,62.9,55.0,-0.0600000000000005,2.4000000000000004,8.428179489342089
1.02,Premium,H,VS1,62.1,59.0,0.04999999999999982,2.4,8.631268554010074
0.74,Ideal,F,VS1,61.9,54.0,-0.040000000000000036,2.2300000000000004,8.128209773499792
0.57,Ideal,G,VS1,61.4,55.0,-0.040000000000000036,2.09,7.535001448562284
0.51,Very Good,D,SI1,59.1,63.0,0.11999999999999922,2.0700000000000003,7.211189148444703
0.34,Premium,G,VS2,62.0,59.0,0.040000000000000036,1.67,6.636600005089564
1.08,Ideal,E,VS1,61.7,55.0,-0.03000000000000025,2.54,9.058009961062112
1.22,Ideal,H,SI2,61.1,57.0,0.9800000000000004,1.7000000000000002,8.384586504661248
0.3,Premium,F,VS2,60.6,60.0,0.02999999999999936,1.7100000000000004,6.495067819654238
0.5,Premium,D,VS2,62.2,60.0,0.10000000000000053,1.88,7.30405750741939
0.55,Good,J,VS2,64.1,54.0,0.03000000000000025,1.8499999999999996,7.024541394514675
1.52,Premium,H,VS2,59.4,59.0,-0.040000000000000036,3.05,9.275321143620902
2.07,Premium,J,VS2,61.5,59.0,-0.03999999999999915,3.169999999999999,9.52517839107013
0.54,Ideal,E,VS2,61.0,56.0,-0.03000000000000025,2.0700000000000003,7.490016281922134
1.09,Ideal,E,VVS2,60.9,56.0,-0.040000000000000036,2.63,9.276414731893215
0.3,Ideal,G,VVS1,62.9,57.0,0.040000000000000036,1.5699999999999998,6.610321903893153
0.41,Very Good,H,VVS2,62.0,56.0,-0.040000000000000036,1.8399999999999994,6.783277364095292
2.0,Fair,F,SI2,59.8,68.0,0.1800000000000006,3.1400000000000006,9.535775133163218
0.75,Ideal,G,SI2,62.5,55.0,0.05000000000000071,2.1499999999999995,7.6952216982298305
1.0,Very Good,H,VS1,63.3,53.0,0.08000000000000007,2.2800000000000002,8.558672605905228
0.53,Ideal,D,VVS2,61.6,56.0,-0.03000000000000025,2.02,7.811860666978341
1.09,Very Good,H,SI2,60.9,57.0,-0.05000000000000071,2.630000000000001,8.417710506127959
0.71,Very Good,G,SI1,63.2,58.0,0.02999999999999936,2.0700000000000003,7.752910955164416
1.07,Premium,H,SI2,62.2,59.0,0.0600000000000005,2.4299999999999997,8.340151707162306
0.32,Ideal,E,VS1,61.4,56.0,-0.020000000000000462,1.7200000000000002,6.576658643655541
0.41,Premium,F,VVS2,61.0,59.0,-0.03000000000000025,1.8900000000000001,6.973576980001417
1.33,Premium,I,VS1,61.5,58.0,0.040000000000000036,2.6899999999999995,8.849750434296848
0.31,Premium,G,VS2,60.9,58.0,-0.03000000000000025,1.7199999999999998,6.364500348898977
1.01,Premium,D,SI1,62.3,60.0,0.05000000000000071,2.3799999999999994,8.598636340101212
1.51,Very Good,G,VS1,63.1,55.0,0.040000000000000036,2.6799999999999997,9.500332052337972
1.29,Good,J,VS2,58.2,61.0,-0.04999999999999982,2.99,8.647977244541917
0.9,Good,H,VVS1,64.3,59.0,-0.04999999999999982,2.19,8.421461938183315
0.23,Premium,G,VVS1,61.3,59.0,0.020000000000000018,1.52,6.381410887272681
0.4,Ideal,J,VS2,62.2,54.0,-0.04999999999999982,1.8299999999999996,6.4151430302977674
1.01,Ideal,F,SI2,60.6,57.0,-0.05999999999999961,2.5999999999999996,8.454607315903864
0.54,Premium,D,VS2,61.7,55.0,0.04999999999999982,1.98,7.5389141455284365
0.6,Ideal,G,VS1,61.2,56.0,-0.040000000000000036,2.1399999999999997,7.633124595176247
1.25,Ideal,J,VVS2,61.1,57.0,0.03000000000000025,2.6799999999999997,8.822736510409277
0.5,Very Good,G,VVS2,62.8,57.0,-0.04999999999999982,1.8900000000000001,7.311544230725591
0.41,Ideal,G,VVS2,61.0,57.0,0.019999999999999574,1.8600000000000003,7.006382221789267
0.38,Ideal,H,VS1,61.7,55.0,-0.04999999999999982,1.81,6.528406247356159
2.01,Very Good,J,VS2,62.1,60.0,-0.1200000000000001,3.0700000000000003,9.503404851636088
1.11,Very Good,J,VS1,59.9,56.0,0.03000000000000025,2.6999999999999993,8.505688065919015
0.3,Ideal,H,VS2,62.1,55.0,-0.03000000000000025,1.65,6.18112980431164
2.2,Good,H,SI2,63.6,58.0,0.040000000000000924,2.96,9.56336217395771
1.01,Premium,G,SI1,62.3,60.0,0.05999999999999961,2.34,8.478461532619255
0.32,Very Good,G,VS1,62.4,58.0,-0.05000000000000071,1.6700000000000004,6.4202405127272515
1.22,Premium,G,VS2,61.2,58.0,0.10000000000000053,2.6099999999999994,9.016105956754341
1.5,Fair,F,VS2,65.3,57.0,0.03000000000000025,2.46,9.419142584919973
0.36,Ideal,G,SI1,61.5,54.0,-0.03000000000000025,1.79,6.399514383639905
1.01,Ideal,G,SI1,62.9,57.0,0.07000000000000028,2.32,8.504841819235955
0.82,Fair,H,SI2,65.1,58.0,0.05000000000000071,2.01,7.673010778665275
0.33,Good,I,SI1,63.6,53.0,-0.02999999999999936,1.6199999999999997,6.0515857747676645
0.7,Very Good,F,SI1,63.1,54.0,-0.03000000000000025,2.1,7.762509223438037
0.31,Ideal,H,IF,61.3,56.0,-0.03000000000000025,1.7199999999999998,6.634459976663709
0.7,Ideal,H,SI1,60.6,57.0,0.02999999999999936,2.2600000000000002,7.7620588955836185
0.3,Ideal,G,VVS2,61.1,57.0,0.02999999999999936,1.6700000000000004,6.553273346136287
0.5,Ideal,H,VVS1,60.6,55.0,0.040000000000000036,2.01,7.390151008531369
0.36,Ideal,E,SI1,62.1,56.0,-0.03000000000000025,1.75,6.499842442111066
0.71,Very Good,J,SI1,61.0,61.0,-0.04999999999999982,2.2399999999999998,7.5454259101211605
0.32,Ideal,G,SI1,61.4,55.0,-0.05999999999999961,1.7399999999999998,6.260365567623774
0.54,Ideal,H,VVS1,61.7,57.0,0.009999999999999787,2.0000000000000004,7.551692975518975
0.71,Premium,D,SI1,59.7,59.0,-0.020000000000000462,2.35,7.983040264091355
1.52,Ideal,I,VS1,62.9,60.0,0.040000000000000036,2.6799999999999997,9.218591626257197
0.31,Ideal,E,VS2,62.8,57.0,0.040000000000000036,1.6,6.690638717181212
1.22,Ideal,F,VVS1,61.2,57.0,-0.040000000000000036,2.7,9.450253518559641
1.02,Premium,G,I1,61.3,57.0,0.1200000000000001,2.4199999999999995,7.988820555649133
2.02,Premium,J,SI1,61.6,58.0,0.040000000000000924,3.0999999999999996,9.514372630390463
0.9,Fair,H,SI2,65.6,58.0,0.09999999999999964,2.0,7.893168052503239
1.1,Ideal,I,VS2,61.8,56.0,0.05000000000000071,2.5,8.582399748321663
0.35,Ideal,G,IF,61.3,55.0,-0.02999999999999936,1.7899999999999996,6.8463049024973
1.2,Premium,H,VS2,62.5,58.0,0.03999999999999915,2.5,8.803349111835715
0.31,Ideal,G,IF,61.2,56.0,-0.040000000000000036,1.7200000000000002,6.7414354065122755
0.71,Ideal,I,VS2,61.0,58.0,-0.040000000000000036,2.28,7.783307225502097
0.53,Ideal,F,VS1,62.4,57.0,-0.03000000000000025,1.9699999999999998,7.494170112598935
0.24,Very Good,E,VS1,59.8,58.0,-0.09000000000000075,1.6800000000000002,6.071351460097788
1.27,Very Good,H,VS2,59.2,58.0,-0.08000000000000007,2.9400000000000004,8.899291931442669
0.38,Very Good,F,VVS1,61.6,58.0,-0.040000000000000036,1.8000000000000003,6.845524650956079
1.01,Premium,H,VS2,61.5,59.0,-0.009999999999999787,2.5,8.558656038960075
0.3,Ideal,I,VS1,62.2,53.9,-0.040000000000000036,1.65,6.1355002199906385
1.06,Premium,H,VS2,60.7,59.0,0.040000000000000036,2.5700000000000003,8.637025159301375
0.39,Premium,E,VS1,59.6,60.0,0.03000000000000025,1.9,6.917457764019592
0.76,Very Good,H,SI1,62.6,58.0,-0.08000000000000007,2.21,7.833367902140756
0.7,Premium,I,SI2,62.3,59.0,0.04999999999999982,2.09,7.4475222140372015
1.56,Good,I,VS2,57.2,62.0,0.05999999999999961,3.26,9.077487563713705
1.0,Premium,G,SI2,61.8,58.0,0.040000000000000036,2.4299999999999997,8.302956096636569
0.3,Ideal,D,VS1,62.2,56.0,-0.040000000000000036,1.6399999999999997,6.419601850748668
1.56,Premium,G,VS2,61.9,58.0,0.040000000000000036,2.8100000000000005,9.470631415680717
0.37,Premium,F,VS2,61.2,58.0,-0.0600000000000005,1.8400000000000003,6.588882109956357
1.0,Premium,F,SI2,61.5,59.0,0.02999999999999936,2.47,8.351732058757978
0.4,Ideal,G,VVS2,62.4,56.0,-0.020000000000000462,1.79,6.885357379430203
0.4,Premium,D,VS2,61.7,59.0,-0.03000000000000025,1.83,6.822970485788514
1.06,Ideal,I,SI2,62.7,58.0,-0.019999999999999574,2.4299999999999997,8.337266539229008
0.63,Ideal,D,SI1,62.0,56.0,0.03000000000000025,2.07,7.643759567344816
0.67,Very Good,G,VS1,59.9,57.4,-0.05999999999999961,2.33,7.79411266604838
0.89,Fair,G,SI2,58.9,66.0,0.09999999999999964,2.5,7.9107163312329645
0.71,Ideal,G,SI2,62.8,57.0,0.04999999999999982,2.08,7.652358383169538
0.39,Premium,D,VVS1,63.0,60.0,0.019999999999999574,1.7000000000000002,7.250276362758514
1.29,Ideal,H,SI1,61.6,57.0,0.04999999999999982,2.6500000000000004,8.861510593920965
0.52,Ideal,D,VS2,61.6,55.0,0.04999999999999982,1.9600000000000004,7.506750887893691
0.7,Premium,H,SI1,62.2,57.0,0.03000000000000025,2.15,7.687344331833576
0.41,Ideal,G,VVS2,61.3,56.0,-0.009999999999999787,1.8499999999999996,6.915130535194836
0.38,Ideal,G,SI1,61.6,56.0,0.04999999999999982,1.77,6.608079392323118
0.9,Fair,I,VS2,65.8,55.0,0.040000000000000036,2.0399999999999996,8.040498062033663
0.76,Very Good,H,VS2,63.4,58.0,0.040000000000000036,2.0900000000000003,7.821819521265893
0.33,Premium,H,VS1,59.7,59.0,0.010000000000000675,1.8199999999999994,6.510022620502401
0.53,Very Good,I,SI1,59.7,63.0,-0.08000000000000007,2.1599999999999997,6.961290670991989
0.3,Very Good,H,VVS1,63.0,56.0,-0.02999999999999936,1.5899999999999994,6.370394639111783
0.71,Premium,G,SI1,60.4,59.0,0.05999999999999961,2.26,7.851354012394716
2.04,Very Good,I,VS1,61.8,60.0,-0.10000000000000142,3.170000000000001,9.679502793247178
0.4,Ideal,I,VVS2,62.0,56.0,-0.02999999999999936,1.8199999999999994,6.692782567672733
1.09,Premium,J,SI1,62.3,59.0,-0.040000000000000036,2.5,8.332518996735791
0.28,Ideal,F,VS1,62.0,53.0,-0.02999999999999936,1.63,6.300114560639269
0.56,Good,E,VS1,61.7,65.0,-0.020000000000000462,2.0100000000000002,7.547733303985392
1.21,Premium,G,VVS2,62.5,55.0,0.040000000000000036,2.54,9.185687486499459
0.33,Ideal,G,VS2,62.2,56.0,-0.010000000000000675,1.6800000000000006,6.416441061644651
0.31,Ideal,H,VVS2,61.8,56.0,0.020000000000000462,1.65,6.607453230767105
0.3,Very Good,I,VS1,63.4,54.0,0.03000000000000025,1.56,6.2439401171311895
0.36,Ideal,D,VS2,61.6,56.0,-0.020000000000000462,1.7600000000000002,6.685845436783792
1.35,Premium,G,VS1,61.0,59.0,0.0600000000000005,2.75,9.208773279931764
0.72,Very Good,J,VVS2,63.0,59.0,-0.019999999999999574,2.1199999999999997,7.661467972163288
1.02,Premium,D,VS2,62.5,58.0,0.03000000000000025,2.38,8.84948390707481
0.34,Ideal,G,IF,61.6,56.0,0.02999999999999936,1.7100000000000004,6.947070136312403
0.36,Ideal,D,SI1,60.6,56.0,-0.04999999999999982,1.8399999999999999,6.528210055314346
0.31,Premium,I,SI1,60.1,59.0,0.03000000000000025,1.7399999999999998,6.237692117086849
0.3,Ideal,E,VS2,62.1,56.0,-0.05999999999999961,1.6499999999999995,6.35781771279983
0.37,Ideal,F,SI1,61.3,55.0,-0.040000000000000036,1.8100000000000005,6.464054581404165
1.0,Premium,E,SI1,61.9,60.0,-0.08999999999999986,2.4899999999999998,8.581819236578522
0.31,Ideal,F,IF,60.7,56.0,-0.03000000000000025,1.7600000000000002,6.795925292213144
1.07,Ideal,F,SI2,61.6,57.0,0.02999999999999936,2.5,8.43753404370897
1.16,Ideal,G,SI2,61.5,54.0,0.03000000000000025,2.59,8.507058637471562
0.91,Good,H,VVS2,65.5,57.0,-0.10000000000000053,2.14,8.349434998896912
0.34,Ideal,D,VS1,62.6,56.0,-0.02999999999999936,1.6999999999999997,6.699446922153228
0.3,Premium,G,VVS2,62.0,60.0,0.08000000000000007,1.5899999999999999,6.543391836014646
1.32,Premium,F,VS2,60.9,59.0,0.0600000000000005,2.7399999999999993,9.155820961162489
0.52,Good,G,VS1,63.3,55.0,-0.03000000000000025,1.8900000000000001,7.348201723118038
0.73,Ideal,D,VS2,61.5,57.0,-0.020000000000000462,2.25,8.12774200407655
0.41,Ideal,F,VVS2,62.1,55.0,-0.020000000000000462,1.8199999999999998,6.981279899327851
0.7,Premium,E,VS2,60.9,59.0,0.03000000000000025,2.2099999999999995,7.934284708813433
0.55,Ideal,F,VVS1,61.2,54.0,-0.04999999999999982,2.09,7.773288364760586
0.33,Ideal,G,IF,62.1,56.0,-0.03000000000000025,1.6900000000000004,6.803615257965732
0.53,Very Good,F,SI2,63.2,55.0,-0.009999999999999787,1.9099999999999997,6.985387421495279
0.4,Good,E,SI2,63.2,57.0,-0.019999999999999574,1.7299999999999995,6.448012520191641
0.4,Premium,F,VS1,61.9,59.0,0.03000000000000025,1.77,6.946602660217533
0.4,Good,I,VS1,63.8,55.0,0.040000000000000036,1.6700000000000004,6.636804394535073
0.23,Very Good,E,VVS1,61.8,59.0,-0.03000000000000025,1.5100000000000002,6.128061888864341
1.26,Ideal,J,SI2,62.8,54.0,0.020000000000000462,2.5599999999999996,8.500278707113171
0.32,Ideal,D,VVS1,62.1,54.0,0.02999999999999936,1.6600000000000001,7.0131223444283055
1.01,Very Good,F,SI2,60.8,63.0,0.05999999999999961,2.4600000000000004,8.361185134038204
0.3,Ideal,E,VS2,62.1,55.0,-0.02999999999999936,1.6599999999999997,6.35781771279983
0.66,Ideal,J,VS2,62.1,55.0,-0.040000000000000036,2.1499999999999995,7.338990180485943
0.93,Ideal,H,VS2,61.5,57.0,0.040000000000000036,2.4,8.33730466378983
1.13,Very Good,D,VS2,62.9,58.0,-0.040000000000000036,2.4699999999999998,9.013923206531377
1.01,Premium,G,VS1,60.2,59.0,0.07000000000000028,2.57,8.791596808700628
1.5,Ideal,F,VS2,61.7,54.0,-0.02999999999999936,2.8099999999999996,9.563892178034655
0.32,Good,F,VVS1,63.8,54.0,0.07000000000000028,1.5399999999999996,6.764473778316393
1.77,Premium,I,VS1,62.2,58.0,0.08000000000000007,2.88,9.44616119484398
0.72,Ideal,I,VS1,62.1,55.0,-0.02999999999999936,2.1999999999999997,7.8079878373607725
1.52,Good,E,VS1,63.9,56.0,0.040000000000000036,2.59,9.590566894469815
1.7,Ideal,F,VS2,62.3,56.0,-0.040000000000000036,2.9000000000000004,9.734769027195153
0.34,Premium,E,SI2,62.4,59.0,-0.040000000000000036,1.69,6.2762073170964365
0.3,Premium,E,VS2,61.8,58.0,0.020000000000000462,1.6199999999999997,6.543391634866687
0.7,Ideal,H,VS1,61.0,56.0,-0.040000000000000036,2.2800000000000002,7.9007420500136485
0.8,Premium,G,SI1,63.0,59.0,0.09000000000000075,2.1199999999999997,7.8711681110316425
1.01,Ideal,F,VS1,61.3,57.0,-0.02999999999999936,2.51,8.931145928958381
1.51,Fair,G,I1,65.6,54.0,0.1800000000000006,2.38,8.413950319984977
1.21,Very Good,H,VS1,62.0,58.0,-0.15000000000000036,2.67,8.902427975121409
0.3,Premium,G,VVS2,61.8,59.0,0.040000000000000036,1.5999999999999996,6.543391836014646
1.0,Premium,H,SI2,61.2,59.0,0.040000000000000036,2.46,8.297280925648904
0.33,Ideal,G,IF,61.5,56.0,-0.020000000000000462,1.7300000000000004,6.803615257965732
0.83,Ideal,F,SI1,60.7,57.0,-0.08000000000000007,2.4199999999999995,8.115753159120315
0.5,Ideal,E,SI1,61.6,57.0,-0.040000000000000036,1.98,7.021753339651532
0.34,Ideal,D,VVS2,61.2,56.0,-0.019999999999999574,1.7599999999999998,6.806131957788744
1.01,Premium,I,SI2,60.5,61.0,0.04999999999999982,2.52,8.226436877840248
0.3,Ideal,F,VS2,62.3,57.0,-0.03000000000000025,1.6400000000000001,6.309324009162558
0.52,Ideal,F,VVS1,61.3,55.0,-0.02999999999999936,2.03,7.749604026222949
1.0,Premium,F,SI1,61.8,58.0,0.07000000000000028,2.41,8.510044477287439
0.32,Premium,G,VS2,61.0,59.0,-0.040000000000000036,1.75,6.385193096175966
1.13,Ideal,G,VVS1,61.2,57.0,-0.0699999999999994,2.63,9.180180936058258
0.32,Ideal,E,VVS2,61.5,57.0,0.009999999999999787,1.6900000000000004,6.850374340224789
0.4,Very Good,D,VS2,63.5,57.0,-0.04999999999999982,1.7199999999999998,6.791378494987872
1.31,Ideal,F,VS2,59.6,60.0,-0.10000000000000053,2.92,9.17918768578524
0.72,Very Good,G,SI2,60.6,61.0,-0.05999999999999961,2.3,7.741267938383282
0.71,Good,F,SI1,57.9,53.0,0.040000000000000036,2.4299999999999997,7.85574376134904
1.0,Good,D,SI2,62.2,61.0,-0.0600000000000005,2.4200000000000004,8.395172576217496
0.5,Ideal,H,SI1,62.4,56.0,-0.019999999999999574,1.92,6.825200380996651
0.3,Very Good,F,VVS1,61.6,59.0,-0.040000000000000036,1.67,6.4467353891604
1.01,Ideal,E,VS2,61.9,55.0,0.0600000000000005,2.4099999999999997,8.811522445992992
1.02,Premium,E,SI2,59.6,59.0,0.04999999999999982,2.63,8.383333280072899
0.9,Good,F,VS2,65.0,58.0,-0.02999999999999936,2.1299999999999994,8.314142464409386
1.21,Good,E,I1,64.0,57.0,0.0600000000000005,2.38,8.195063635446337
0.71,Good,D,VS2,62.3,61.0,-0.03000000000000025,2.1700000000000004,7.9732913069147875
0.77,Ideal,J,VS2,61.4,55.0,-0.04999999999999982,2.31,7.741373684782859
0.39,Ideal,G,VVS1,62.3,57.0,-0.0600000000000005,1.79,6.956952390218514
0.34,Ideal,D,VS2,60.6,57.0,0.020000000000000462,1.7699999999999996,6.805561362573825
1.01,Good,H,SI1,64.0,58.0,-0.0600000000000005,2.3100000000000005,8.401565047405606
1.01,Very Good,H,VVS2,59.6,63.0,0.08000000000000007,2.59,8.71709936409405
1.12,Very Good,G,VVS2,62.6,59.0,-0.03000000000000025,2.4800000000000004,9.045010518336642
0.31,Premium,G,VVS1,62.2,59.0,-0.020000000000000462,1.6400000000000001,6.644688045401279
0.58,Ideal,H,SI1,61.8,56.0,-0.019999999999999574,2.06,7.191991918718579
0.3,Ideal,E,SI1,62.9,56.0,0.04999999999999982,1.56,6.435619653120147
1.01,Premium,H,SI1,62.7,59.0,0.0600000000000005,2.3199999999999994,8.412817339003997
0.3,Very Good,H,VS1,62.9,56.0,-0.04999999999999982,1.5999999999999996,6.189876165538461
0.58,Ideal,D,VS2,61.5,56.0,-0.03000000000000025,2.0900000000000003,7.591469828637571
0.57,Premium,F,SI1,59.5,58.0,0.0699999999999994,2.1500000000000004,7.343121035020713
0.31,Ideal,G,VS1,62.5,57.0,0.03000000000000025,1.6199999999999997,6.610097170231107
1.02,Very Good,H,SI1,60.3,59.0,-0.05999999999999961,2.6,8.492038276444994
0.52,Ideal,E,VS2,61.7,57.0,-0.07000000000000028,2.0,7.441318270903286
0.34,Ideal,G,VVS1,62.1,53.0,-0.040000000000000036,1.7300000000000004,6.757260460712737
0.61,Very Good,G,VS2,62.0,57.0,-0.02999999999999936,2.09,7.49581725191384
1.04,Very Good,I,I1,61.6,61.0,-0.019999999999999574,2.4899999999999998,7.989559909387821
1.01,Very Good,H,VS1,59.1,59.0,-0.08999999999999986,2.7199999999999998,8.636511356121224
0.78,Ideal,G,VS2,62.6,57.0,-0.040000000000000036,2.22,8.007701958926184
1.01,Very Good,G,SI1,62.8,56.0,-0.08000000000000007,2.42,8.516436793033431
1.5,Premium,J,SI1,61.2,61.0,0.05999999999999961,2.84,8.964278640901632
1.01,Ideal,G,VS2,61.0,56.0,-0.03000000000000025,2.54,8.754808209228614
1.5,Premium,H,VS2,62.4,59.0,-0.03000000000000025,2.7600000000000007,9.282533050169151
0.3,Ideal,F,VS2,61.3,55.0,0.020000000000000462,1.6599999999999997,6.51011419465809
0.32,Premium,H,VS2,60.6,58.0,-0.02999999999999936,1.7699999999999996,6.285930231487503
1.01,Very Good,E,SI2,61.5,56.0,-0.019999999999999574,2.4999999999999996,8.449311026524606
1.0,Very Good,I,SI2,58.3,63.0,0.03000000000000025,2.7,8.177958544813126
1.18,Ideal,G,SI1,62.0,56.0,-0.03000000000000025,2.59,8.774791584538528
2.09,Very Good,I,SI2,63.1,60.0,-0.08000000000000007,3.0199999999999996,9.607982876594482
0.9,Premium,D,SI1,62.4,61.0,0.040000000000000036,2.29,8.33738598073796
0.51,Ideal,F,VS2,61.7,56.0,-0.020000000000000462,1.9800000000000004,7.291213198195618
1.56,Ideal,J,SI2,62.1,55.0,0.040000000000000036,2.79,8.948871189789568
1.52,Ideal,H,VS2,61.8,55.1,-0.040000000000000036,2.84,9.340522004616464
0.4,Very Good,D,SI2,63.4,56.0,0.0600000000000005,1.69,6.618981832755164
0.55,Good,F,VS1,59.5,62.0,-0.04999999999999982,2.1799999999999997,7.5141918055894825
0.3,Premium,G,VVS2,61.0,60.0,0.020000000000000462,1.67,6.543391836014646
2.0,Good,G,SI2,64.3,56.0,0.040000000000000036,2.8,9.502109520024431
0.81,Premium,E,SI2,62.5,59.0,0.0699999999999994,2.1900000000000004,7.895103206863337
0.42,Ideal,F,VVS2,61.6,56.0,0.019999999999999574,1.85,7.097915069410943
1.01,Ideal,D,SI1,62.0,57.0,0.07000000000000028,2.4,8.62680049842126
0.5,Very Good,E,SI2,63.2,61.0,0.03000000000000025,1.8399999999999994,6.846833247956572
0.32,Premium,D,VS2,62.9,59.0,0.02999999999999936,1.6100000000000003,6.739692702730241
1.6,Ideal,F,VS2,62.0,55.0,-0.04999999999999982,2.88,9.626803551959656
0.38,Very Good,G,VS2,60.8,61.0,-0.009999999999999787,1.83,6.534093902205886
0.73,Good,E,VS1,63.7,59.0,-0.020000000000000462,2.0700000000000003,8.004562380561016
2.04,Premium,F,SI2,60.2,58.0,0.07000000000000028,3.2299999999999995,9.574005666746702
0.33,Ideal,E,SI1,61.5,55.0,-0.03000000000000025,1.7400000000000002,6.391214164892999
0.73,Ideal,E,VVS1,62.0,56.0,-0.040000000000000036,2.21,8.327489077782177
0.32,Ideal,H,VVS1,60.4,57.0,0.040000000000000036,1.7399999999999998,6.729993207888019
0.58,Very Good,G,SI1,59.3,59.0,-0.04999999999999982,2.26,7.336697378654281
0.25,Very Good,F,VS1,60.7,57.0,-0.03000000000000025,1.6199999999999997,6.142569647320896
0.5,Premium,G,VS1,60.8,60.0,0.020000000000000462,2.01,7.278108321789937
2.01,Good,J,SI1,63.6,59.0,-0.04999999999999982,2.9299999999999997,9.491111149270484
0.31,Good,D,SI1,63.5,57.0,-0.040000000000000036,1.5900000000000003,6.307792827096779
0.3,Ideal,H,VS1,62.3,55.0,0.04999999999999982,1.6,6.408244498581627
0.23,Very Good,F,VVS2,61.5,58.0,-0.040000000000000036,1.5299999999999998,6.154966471701477
0.35,Ideal,H,VS1,62.0,56.0,-0.019999999999999574,1.7399999999999998,6.434902481541449
0.43,Premium,F,SI2,60.2,60.0,0.0600000000000005,1.9099999999999997,6.639886018071802
0.39,Ideal,F,VVS1,60.9,55.0,-0.04999999999999982,1.8899999999999997,7.019602996739864
0.42,Very Good,D,VS1,60.7,60.0,-0.07000000000000028,1.94,6.923937588722494
0.26,Ideal,H,IF,61.1,57.0,-0.040000000000000036,1.6300000000000003,6.395935395447308
1.2,Premium,F,SI1,60.2,58.0,0.040000000000000036,2.7200000000000006,8.807990249970356
1.21,Very Good,E,I1,63.3,63.0,0.04999999999999982,2.4299999999999997,8.249722802340997
1.01,Premium,H,SI2,60.3,60.0,0.040000000000000036,2.5500000000000003,8.311148007028576
1.01,Premium,H,VS2,60.5,58.0,0.05999999999999961,2.5100000000000002,8.546582416469521
0.27,Premium,D,VS2,59.6,61.0,0.02999999999999936,1.7000000000000006,6.400099552114697
0.72,Ideal,D,VS2,60.8,56.0,-0.040000000000000036,2.3,8.1351641297587
2.01,Premium,J,SI1,63.0,57.0,0.07000000000000028,2.9400000000000004,9.47448982346338
0.31,Very Good,E,VS1,61.2,61.0,-0.08000000000000007,1.7200000000000002,6.478394671938564
1.27,Very Good,F,SI2,61.0,61.0,-0.05999999999999961,2.75,8.739244953472209
0.8,Very Good,H,VS1,61.7,62.0,-0.05000000000000071,2.2900000000000005,8.092453554101988
0.76,Fair,G,VS1,59.0,70.0,0.08999999999999986,2.34,8.025544580921744
0.35,Premium,D,SI2,60.8,58.0,-0.0600000000000005,1.8100000000000005,6.303444890008565
0.31,Ideal,G,VVS1,60.2,58.0,-0.05999999999999961,1.7799999999999998,6.65193666353105
0.7,Premium,E,SI1,61.2,57.0,0.05000000000000071,2.1899999999999995,7.837709792007004
0.3,Very Good,H,VVS1,63.3,60.0,0.03000000000000025,1.5399999999999996,6.473825270669559
1.55,Ideal,G,SI1,61.7,57.0,-0.040000000000000036,2.8600000000000003,9.35726052781112
0.72,Ideal,G,VVS1,62.2,54.4,-0.02999999999999936,2.19,8.113404422914597
0.53,Premium,D,SI2,59.3,61.0,0.03000000000000025,2.13,7.161732972747694
0.48,Ideal,F,VS1,60.8,56.3,0.019999999999999574,1.98,7.291667188799126
0.41,Very Good,G,VS1,58.9,60.0,-0.03000000000000025,2.0100000000000002,6.79261505024328
1.04,Ideal,E,SI2,61.6,55.0,-0.03000000000000025,2.5200000000000005,8.479707551100821
1.56,Premium,G,VS2,61.9,58.0,-0.040000000000000036,2.8500000000000005,9.491747199925186
0.82,Premium,E,SI2,62.0,59.0,0.07999999999999918,2.2300000000000004,7.95251584835909
0.56,Premium,D,SI1,59.9,60.0,0.05999999999999961,2.12,7.365423529613442
1.23,Very Good,I,SI1,63.1,56.0,0.1200000000000001,2.4699999999999998,8.615830127910407
1.34,Very Good,H,VS2,61.4,58.0,0.05999999999999961,2.71,8.90676348453356
1.14,Very Good,F,I1,61.3,55.8,-0.019999999999999574,2.63,8.262563841364754
0.65,Premium,F,SI1,61.4,57.8,-0.05999999999999961,2.1699999999999995,7.57357083313432
1.27,Ideal,G,VS1,59.6,57.0,0.03000000000000025,2.84,9.172205222159986
0.55,Premium,G,VS2,62.7,60.0,0.07999999999999918,1.9100000000000006,7.348986002322417
1.51,Very Good,I,VS2,62.3,60.0,-0.05999999999999961,2.79,9.190951188562527
1.01,Premium,D,SI1,62.0,60.0,-0.03000000000000025,2.4400000000000004,8.603086614004825
0.25,Very Good,F,IF,63.3,59.0,-0.04999999999999982,1.5,6.358843656488486
0.9,Very Good,F,SI2,62.0,59.0,0.10000000000000053,2.2899999999999996,8.107125429821568
2.01,Premium,G,SI2,61.2,57.2,-0.0600000000000005,3.170000000000001,9.565851261031765
1.13,Ideal,H,SI1,61.3,57.0,0.019999999999999574,2.59,8.613593582921864
1.82,Premium,H,VS2,61.6,60.0,0.040000000000000036,2.96,9.514257285175205
0.51,Good,E,SI2,63.3,56.0,-0.040000000000000036,1.8900000000000001,6.904842773277636
1.5,Good,I,VVS2,65.4,59.0,-0.04999999999999982,2.4899999999999993,9.169688580253132
0.5,Fair,E,SI1,61.7,68.0,0.05999999999999961,1.9100000000000001,6.999452780380332
1.25,Premium,J,VS2,62.2,59.0,-0.019999999999999574,2.6100000000000003,8.616417220079153
0.36,Premium,F,VS2,61.4,58.0,-0.040000000000000036,1.7899999999999996,6.588882109956357
1.05,Very Good,F,IF,59.7,55.0,-0.07000000000000028,2.7300000000000004,9.262839369337176
0.71,Ideal,F,VS1,62.1,56.0,-0.05999999999999961,2.2,8.09998737359449
1.2,Very Good,F,VVS2,63.8,58.0,-0.020000000000000462,2.4300000000000006,9.30177072315622
0.52,Ideal,E,VS2,60.4,57.0,0.04999999999999982,2.03,7.498122265360272
0.42,Ideal,F,VVS2,60.6,57.0,-0.02999999999999936,1.9199999999999995,7.040267099105411
0.31,Very Good,F,SI1,58.8,59.0,-0.05999999999999961,1.87,6.212771429720142
0.39,Ideal,F,VVS2,61.6,55.0,-0.03000000000000025,1.83,6.934530837652805
0.7,Premium,G,SI1,58.6,62.0,0.03000000000000025,2.3899999999999997,7.763066365079261
1.18,Ideal,J,VS1,61.4,56.0,-0.03000000000000025,2.6400000000000006,8.639056681786165
0.7,Good,F,VS1,59.1,62.0,-0.040000000000000036,2.4200000000000004,7.958441657801359
0.54,Ideal,G,VS1,62.0,53.9,-0.020000000000000462,2.0,7.429992083262452
0.46,Very Good,I,VVS1,63.5,57.0,0.0600000000000005,1.7499999999999996,6.989183560796286
0.41,Ideal,H,SI1,62.6,55.0,-0.020000000000000462,1.7999999999999998,6.5248758137858065
1.0,Ideal,D,SI1,62.8,55.0,-0.08000000000000007,2.4,8.63292034493257
0.48,Ideal,F,VS2,62.4,54.0,0.0,1.8800000000000003,7.195237047268941
1.57,Ideal,I,VS2,60.4,58.0,-0.040000000000000036,3.0199999999999996,9.225074240156735
1.22,Very Good,G,SI2,59.2,61.0,0.07000000000000028,2.8,8.609416541160808
1.36,Very Good,H,VS1,59.9,58.0,-0.040000000000000036,2.9000000000000004,9.01996348823253
0.9,Very Good,F,SI1,61.4,58.0,-0.05000000000000071,2.4200000000000004,8.311234084286484
1.53,Ideal,I,VS2,61.7,57.0,-0.04999999999999982,2.8500000000000005,9.225764138282882
1.26,Premium,D,SI2,61.9,58.0,0.07000000000000028,2.5699999999999994,8.735372141171402
0.72,Very Good,G,VVS2,62.2,57.0,-0.04999999999999982,2.1799999999999997,7.977347230975823
0.34,Ideal,D,VS1,61.4,56.0,-0.03000000000000025,1.7600000000000002,6.699446922153228
0.93,Very Good,I,VS2,63.5,57.0,-0.08000000000000007,2.29,8.18012059619602
1.01,Good,E,SI2,58.7,63.0,-0.08000000000000007,2.7499999999999996,8.361833940252634
0.36,Very Good,I,SI1,63.1,57.0,0.040000000000000036,1.65,6.354135701411423
0.3,Very Good,E,VVS2,62.5,61.0,-0.04999999999999982,1.62,6.421509960604196
0.74,Ideal,F,SI2,62.0,56.0,-0.040000000000000036,2.22,7.832029552577725
0.28,Ideal,F,SI1,60.6,55.0,-0.040000000000000036,1.6999999999999997,6.155363583667804
0.37,Ideal,E,VS1,61.6,54.0,-0.05000000000000071,1.7900000000000005,6.719634140878026
0.55,Ideal,H,VS2,62.0,55.0,0.02999999999999936,2.0000000000000004,7.29335429950212
1.02,Ideal,G,IF,62.5,57.0,-0.07000000000000028,2.4400000000000004,9.068150866146265
0.32,Premium,E,SI1,61.2,58.0,0.04999999999999982,1.6800000000000002,6.553739416099999
0.51,Premium,D,VS1,60.0,58.0,0.05000000000000071,2.0399999999999996,7.563474308249209
0.58,Ideal,G,SI2,62.2,55.0,0.040000000000000036,2.0100000000000002,7.119779709107773
1.7,Ideal,H,VS1,62.4,55.0,-0.08000000000000007,2.920000000000001,9.529118373588643
1.36,Ideal,F,VVS1,61.3,57.0,-0.10000000000000053,2.83,9.53873036116825
0.55,Ideal,F,SI1,61.7,56.4,-0.040000000000000036,2.05,7.295006002873432
1.01,Ideal,E,VS1,61.5,56.0,-0.040000000000000036,2.5100000000000002,8.971757931281644
1.0,Premium,F,SI1,62.6,60.0,0.020000000000000462,2.3499999999999996,8.510044477287439
1.01,Very Good,D,SI1,63.6,59.0,-0.040000000000000036,2.33,8.592504997605218
0.41,Ideal,H,SI1,62.6,55.0,0.020000000000000462,1.7799999999999994,6.66191699215766
0.91,Good,D,SI2,64.7,57.0,-0.020000000000000462,2.14,8.126215063308077
0.25,Very Good,F,VS1,62.1,58.0,-0.04999999999999982,1.5499999999999998,6.1450543765217605
0.56,Premium,D,SI1,61.4,58.0,-0.040000000000000036,2.0700000000000003,7.366618987476575
0.34,Ideal,D,VVS1,61.7,57.0,-0.02999999999999936,1.7399999999999998,6.9624830847177055
1.63,Premium,I,SI1,61.7,58.0,0.03000000000000025,2.87,9.195857136935436
0.82,Good,H,VS2,62.4,54.0,-0.07000000000000028,2.29,8.003871457478937
1.5,Premium,F,VS2,61.1,59.0,0.020000000000000462,2.8499999999999996,9.533161062952372
0.56,Ideal,D,IF,60.8,58.0,0.040000000000000036,2.0699999999999994,8.197297798682008
1.26,Ideal,F,VS2,61.4,57.0,0.05999999999999961,2.67,9.12124000192758
1.12,Ideal,H,SI2,62.4,54.0,-0.02999999999999936,2.5199999999999996,8.449764757908424
0.52,Premium,E,SI1,60.9,58.0,0.040000000000000036,2.01,7.313823007716323
1.03,Premium,H,VS1,61.2,58.0,-0.03000000000000025,2.55,8.65368467498668
0.48,Premium,F,VS2,61.3,60.0,0.040000000000000036,1.9099999999999997,7.177377760591443
0.32,Premium,G,VVS1,61.9,58.0,0.02999999999999936,1.6500000000000004,6.812403814698288
0.32,Premium,H,VS1,60.5,59.0,0.009999999999999787,1.7400000000000002,6.504779321014378
0.72,Fair,H,SI2,65.9,57.0,0.05999999999999961,1.87,7.453573040239806
0.95,Very Good,D,SI1,63.7,55.0,-0.040000000000000036,2.2800000000000002,8.372494008989058
0.31,Ideal,I,VVS1,61.2,55.6,-0.04999999999999982,1.71,6.43590573869809
0.41,Very Good,D,VS2,59.2,58.0,-0.040000000000000036,2.0,6.85425701125335
0.9,Good,F,SI2,63.3,57.0,-0.05999999999999961,2.2699999999999996,8.123679205655648
1.57,Ideal,I,SI1,61.7,56.0,-0.03000000000000025,2.87,9.20587808772108
1.06,Premium,E,VS2,62.3,58.0,0.02999999999999936,2.4400000000000004,8.864939833933086
0.4,Ideal,E,VS1,62.1,55.0,-0.040000000000000036,1.83,6.8662459809125265
0.28,Very Good,H,VVS2,62.0,55.0,-0.020000000000000462,1.6100000000000003,6.252605131771074
1.0,Premium,F,VS2,62.8,55.0,0.03000000000000025,2.3499999999999996,8.700402440359639
0.4,Ideal,G,IF,62.2,55.0,0.02999999999999936,1.7800000000000002,7.136227500027871
1.08,Premium,G,VS2,62.4,57.0,0.0699999999999994,2.42,8.787272793969752
0.54,Ideal,E,SI2,60.7,56.0,-0.04999999999999982,2.0999999999999996,7.157030601626588
0.29,Very Good,H,VVS2,61.2,56.0,-0.03000000000000025,1.6800000000000002,6.274371569703521
2.33,Very Good,I,SI1,60.7,56.0,-0.05999999999999872,3.3999999999999995,9.68144877842699
0.33,Premium,E,VS1,60.9,58.0,0.040000000000000036,1.73,6.7502248186441784
0.52,Ideal,D,SI1,60.9,57.0,-0.040000000000000036,2.05,7.326472924869088
1.51,Very Good,H,VS2,63.5,60.0,0.02999999999999936,2.63,9.24919063561393
0.96,Fair,I,SI2,66.3,58.0,0.16999999999999993,1.9300000000000002,7.851944194734022
1.56,Ideal,H,VS2,61.5,56.0,0.040000000000000036,2.8600000000000003,9.335993503698027
1.05,Ideal,H,SI2,61.2,57.0,0.07000000000000028,2.5199999999999996,8.382875526620303
0.32,Good,E,VS2,58.8,63.0,-0.05999999999999961,1.8900000000000001,6.38028216812463
1.01,Premium,E,SI1,63.0,61.0,0.04999999999999982,2.34,8.543194034819608
0.51,Premium,D,SI1,60.1,60.0,-0.040000000000000036,2.0799999999999996,7.2374643542181465
2.01,Fair,E,SI2,62.1,66.0,0.07000000000000028,2.9799999999999995,9.554121965287994
1.0,Premium,D,VS1,59.7,60.0,0.03000000000000025,2.58,8.91815845792896
1.23,Ideal,G,VS1,61.4,56.0,-0.04999999999999982,2.7,9.144408449993236
0.41,Ideal,D,VVS2,62.3,57.0,-0.019999999999999574,1.7999999999999998,7.057024010386263
1.51,Fair,H,SI1,65.8,62.0,0.040000000000000036,2.3999999999999995,9.082985160325096
1.1,Very Good,H,SI1,61.6,56.0,-0.04999999999999982,2.5700000000000003,8.546820869094901
0.38,Very Good,G,SI1,62.1,54.0,-0.03000000000000025,1.77,6.405509646320899
0.3,Ideal,I,VS2,61.3,58.0,-0.009999999999999787,1.6699999999999995,6.08753862732438
0.39,Good,F,SI1,63.3,54.0,-0.04999999999999982,1.73,6.5360765954560485
0.9,Premium,D,SI1,62.6,58.0,0.040000000000000036,2.2700000000000005,8.347987024083485
0.5,Ideal,E,VS2,62.8,57.0,0.08000000000000007,1.85,7.26751467276622
0.95,Very Good,G,VS1,59.9,58.0,-0.040000000000000036,2.58,8.589841430662823
0.31,Ideal,F,VS1,61.2,56.0,-0.019999999999999574,1.7199999999999998,6.507427596854223
0.32,Premium,G,VS1,61.7,58.0,-0.03000000000000025,1.7000000000000002,6.451752824840255
0.41,Premium,G,VVS2,61.6,58.0,0.05999999999999961,1.8000000000000003,6.996500711667626
0.36,Premium,E,VS2,61.3,60.0,0.04999999999999982,1.7400000000000002,6.80169102266897
0.41,Ideal,I,IF,61.1,57.0,-0.02999999999999936,1.8799999999999994,6.866452622505096
0.51,Premium,G,VS2,61.3,59.0,0.05999999999999961,1.9600000000000004,7.275370997028205
0.34,Ideal,D,SI1,60.4,57.0,-0.020000000000000462,1.8000000000000003,6.4684781245469765
0.72,Very Good,J,SI1,57.6,63.0,-0.0600000000000005,2.54,7.573008492017611
0.51,Ideal,H,VS2,61.5,55.0,-0.019999999999999574,1.9999999999999996,7.143223070796584
1.01,Very Good,D,SI2,63.1,54.0,0.05999999999999961,2.33,8.40061521463362
1.24,Ideal,G,SI1,62.7,56.0,0.040000000000000036,2.54,8.840346704653841
0.37,Ideal,E,VS2,62.7,56.0,0.04999999999999982,1.6799999999999997,6.817271686057622
1.07,Ideal,H,SI1,61.5,54.0,0.040000000000000036,2.5299999999999994,8.543689963259734
1.01,Ideal,F,SI2,62.4,54.0,-0.03000000000000025,2.4300000000000006,8.417617037833542
1.73,Very Good,I,SI1,60.9,59.0,0.03000000000000025,2.9899999999999993,9.30221562678906
0.31,Ideal,D,VVS2,61.6,56.0,-0.040000000000000036,1.69,6.696091419259255
0.52,Premium,G,SI2,59.2,60.0,0.08000000000000007,2.1,7.051025721237666
0.78,Premium,F,SI1,62.3,57.0,0.010000000000000675,2.1999999999999997,7.964103491451537
1.1,Ideal,G,SI2,62.5,55.0,-0.04999999999999982,2.51,8.461377524773773
2.26,Very Good,H,SI2,63.2,58.0,0.120000000000001,3.0,9.577107598241128
0.41,Very Good,F,VS2,62.6,58.0,-0.05999999999999961,1.8199999999999994,6.716056179295507
0.77,Good,D,SI2,63.8,58.0,0.02999999999999936,2.08,7.784570472853347
0.35,Very Good,G,VS1,59.2,60.0,-0.04999999999999982,1.9099999999999997,6.51479117961313
1.02,Ideal,I,SI2,62.9,56.0,0.08000000000000007,2.34,8.273117345068256
0.7,Good,D,VS2,63.9,58.0,-0.040000000000000036,2.04,7.842710403809996
0.9,Very Good,J,VS1,62.3,56.0,-0.040000000000000036,2.3600000000000003,8.148261265941803
1.13,Premium,H,SI2,62.3,59.0,0.02999999999999936,2.5,8.420016333787853
0.3,Ideal,D,VVS2,62.2,55.0,-0.009999999999999787,1.6400000000000001,6.5125887255765385
0.25,Ideal,F,VS2,62.9,55.0,-0.040000000000000036,1.52,6.183222829399419
0.7,Very Good,D,VS1,60.3,58.0,-0.03000000000000025,2.31,8.095595905566197
1.63,Ideal,H,VS2,61.3,56.0,0.02999999999999936,2.92,9.39921333363479
0.42,Premium,G,VVS2,60.4,59.0,0.040000000000000036,1.8800000000000003,7.00912584049045
0.3,Ideal,G,IF,62.8,57.0,0.03000000000000025,1.5799999999999996,6.681244963752443
0.5,Premium,F,VS2,61.3,60.0,0.04999999999999982,1.9500000000000002,7.2042658968152296
0.8,Ideal,E,VS2,62.2,57.0,-0.03000000000000025,2.2700000000000005,8.24527679828309
0.7,Good,E,VS2,60.1,62.0,0.02999999999999936,2.2800000000000002,7.887481601867882
1.07,Premium,H,SI1,59.2,61.0,0.019999999999999574,2.7100000000000004,8.498762947436319
0.71,Ideal,D,VS2,62.0,57.0,-0.040000000000000036,2.1900000000000004,8.082992622857201
0.73,Ideal,D,SI1,61.4,57.0,-0.040000000000000036,2.25,8.027017191624513
0.22,Premium,F,SI1,60.4,61.0,0.040000000000000036,1.5099999999999998,6.129843105886391
0.43,Premium,G,VS2,61.1,59.0,-0.03000000000000025,1.9000000000000004,6.786804579069021
1.24,Premium,H,VS1,62.2,59.0,0.07000000000000028,2.5600000000000005,8.895164324171414
1.01,Premium,H,SI2,61.6,60.0,0.040000000000000036,2.36,8.29768103223865
0.35,Good,E,SI2,63.9,55.0,-0.019999999999999574,1.63,6.2179393059031325
1.02,Premium,F,SI2,59.9,59.0,-0.03000000000000025,2.65,8.40573782999367
0.31,Ideal,F,SI1,62.3,55.0,-0.04999999999999982,1.6699999999999995,6.3115641945735845
0.31,Ideal,J,SI2,62.2,54.0,-0.020000000000000462,1.6600000000000001,5.904165380775121
0.3,Ideal,E,VVS2,62.1,54.0,-0.02999999999999936,1.6599999999999997,6.486770258327669
0.57,Very Good,F,SI2,60.1,56.0,-0.019999999999999574,2.17,7.188581695898555
0.59,Ideal,E,SI1,62.4,55.0,-0.04999999999999982,2.0399999999999996,7.375916581770061
1.15,Ideal,G,VS2,62.2,54.0,0.08999999999999986,2.4800000000000004,8.908839899119899
0.9,Premium,G,SI1,60.6,61.0,0.04999999999999982,2.41,8.22707885935028
1.0,Good,J,VS1,58.1,64.0,0.1200000000000001,2.69,8.296814452141259
0.72,Very Good,I,VVS2,61.7,55.0,-0.04999999999999982,2.2399999999999998,7.834192122593567
1.01,Premium,G,IF,60.0,61.0,0.040000000000000036,2.5500000000000003,9.012683577535967
0.38,Very Good,I,VS1,62.0,55.0,-0.019999999999999574,1.7799999999999998,6.389027206742191
0.41,Premium,F,VS2,62.6,58.0,0.05999999999999961,1.7599999999999998,6.887433937430907
0.33,Ideal,E,SI1,61.9,57.0,0.03000000000000025,1.6799999999999997,6.56789215723713
0.34,Premium,F,VS2,59.8,59.0,0.040000000000000036,1.7999999999999998,6.68566695251001
0.63,Very Good,G,VS1,61.5,56.0,0.040000000000000036,2.1,7.678058675827552
1.06,Very Good,J,SI2,62.0,58.0,-0.08000000000000007,2.49,8.272840366439269
1.12,Premium,G,VVS1,60.9,57.0,0.04999999999999982,2.59,9.110770629865147
1.2,Ideal,I,SI1,62.2,57.0,0.03000000000000025,2.55,8.5966488101428
1.01,Premium,H,SI1,62.1,60.0,0.040000000000000036,2.4099999999999997,8.427583559119718
0.28,Very Good,H,VS2,59.7,60.0,-0.040000000000000036,1.7400000000000002,6.05285767891991
0.41,Ideal,F,VS1,60.8,57.0,0.03000000000000025,1.8599999999999994,6.968017339622425
1.93,Fair,F,VS1,58.9,62.0,0.20000000000000018,3.2199999999999998,9.74089192969558
0.61,Premium,D,VS1,61.5,58.0,0.05999999999999961,2.0600000000000005,7.775344613210367
0.85,Fair,H,I1,61.0,61.0,0.20000000000000018,2.27,7.394287312899684
0.59,Ideal,D,SI1,61.3,59.0,-0.040000000000000036,2.1000000000000005,7.427969870247868
2.04,Premium,G,I1,62.4,58.0,-0.08999999999999986,3.0999999999999996,9.116947777906784
0.72,Ideal,F,VVS2,60.9,56.0,-0.0600000000000005,2.3000000000000003,8.276479633756455
1.01,Ideal,E,SI1,61.1,57.0,0.03000000000000025,2.51,8.619027454161332
0.38,Ideal,E,VVS2,62.0,57.0,-0.009999999999999787,1.7600000000000002,6.858442408919168
0.91,Ideal,G,SI2,62.3,56.0,-0.040000000000000036,2.36,8.174230193468281
0.33,Ideal,G,SI1,61.6,56.0,-0.03000000000000025,1.7199999999999998,6.283910613766025
0.3,Premium,E,VVS2,61.4,58.0,0.03000000000000025,1.63,6.630519678223256
0.31,Very Good,F,VS2,63.5,55.0,0.010000000000000675,1.5699999999999994,6.592083453735551
0.43,Ideal,D,VS2,61.8,56.0,0.020000000000000462,1.8299999999999996,7.014160555810399
0.72,Ideal,E,SI2,60.1,56.0,0.019999999999999574,2.3200000000000003,7.845319484060461
0.41,Good,E,SI1,63.6,58.0,0.020000000000000462,1.71,6.7424626903091855
1.01,Ideal,G,VS2,59.8,61.0,-0.03000000000000025,2.64,8.731124549279597
1.0,Very Good,D,VS1,60.0,60.0,-0.04999999999999982,2.6100000000000003,8.944761970180132
1.01,Good,D,VS2,61.8,59.0,-0.0699999999999994,2.4499999999999997,8.805835284442658
0.71,Very Good,H,VS1,62.8,58.0,-0.03000000000000025,2.1300000000000003,7.844840446116835
0.31,Very Good,G,VVS1,62.1,59.0,-0.02999999999999936,1.6599999999999997,6.6131757332882755
1.0,Very Good,E,VS2,62.6,60.0,-0.05000000000000071,2.41,8.75166936735072
1.01,Very Good,H,SI1,62.1,60.0,-0.040000000000000036,2.45,8.438863894172693
0.51,Ideal,G,VS1,59.7,57.0,0.04999999999999982,2.08,7.41768004209192
0.71,Ideal,F,SI2,62.1,54.0,-0.020000000000000462,2.18,7.761836239674995
1.5,Premium,H,SI1,61.4,56.0,0.1299999999999999,2.79,9.207672854287212
1.36,Very Good,D,SI1,59.5,61.0,-0.03000000000000025,2.9400000000000004,9.044556178221418
1.51,Good,I,SI1,63.7,61.0,-0.040000000000000036,2.6100000000000003,9.05962121733585
0.71,Premium,G,SI2,59.9,59.0,-0.03000000000000025,2.3400000000000003,7.735292584570565
1.0,Very Good,E,SI2,60.6,60.0,-0.07000000000000028,2.5400000000000005,8.42040786585095
0.51,Ideal,G,VS1,62.2,55.0,-0.02999999999999936,1.9499999999999997,7.3155979824726325
0.5,Very Good,E,VS2,63.5,58.0,0.03000000000000025,1.83,7.215308580002948
0.55,Very Good,E,VS1,62.8,56.0,-0.040000000000000036,1.9600000000000004,7.489878257999385
0.95,Ideal,J,VVS2,60.6,57.0,0.0600000000000005,2.48,8.326938837756138
0.9,Good,E,SI2,59.9,61.0,-0.040000000000000036,2.5,8.185960064818662
0.62,Premium,G,VVS2,59.2,59.0,0.020000000000000462,2.26,7.817977756091731
1.2,Premium,H,SI2,62.5,58.0,0.04999999999999982,2.49,8.526193643756097
1.01,Very Good,H,SI1,63.5,57.0,-0.040000000000000036,2.33,8.429005168520014
0.32,Ideal,H,VS2,63.0,57.0,0.040000000000000036,1.5899999999999999,6.491694805752417
1.37,Premium,F,SI2,62.8,57.0,0.040000000000000036,2.62,8.767504469788411
0.32,Ideal,D,VVS2,61.3,55.8,-0.010000000000000675,1.7300000000000004,6.7290950932527585
1.21,Premium,J,SI1,59.9,60.0,0.02999999999999936,2.74,8.455693530908581
0.34,Premium,E,VVS1,61.7,58.0,0.05000000000000071,1.6799999999999997,7.002823931365867
1.12,Premium,G,SI2,60.8,55.0,0.14999999999999947,2.58,8.426220479577983
1.0,Premium,G,VS2,62.9,56.0,0.15000000000000036,2.2799999999999994,8.633441101018985
0.32,Ideal,F,VVS1,61.8,55.0,-0.04999999999999982,1.7000000000000002,6.759761015764555
0.32,Very Good,H,VS1,63.1,57.0,0.03000000000000025,1.5899999999999999,6.4402283299979
0.71,Premium,E,SI1,60.5,55.0,0.04999999999999982,2.25,7.938227252295729
1.0,Fair,E,VS1,64.4,55.0,0.03000000000000025,2.2299999999999995,8.769870231127094
0.3,Ideal,H,VS1,62.2,57.0,0.019999999999999574,1.6100000000000003,6.40477588425787
0.51,Very Good,G,VS2,62.5,59.0,-0.04999999999999982,1.9299999999999997,7.196166126416802
1.03,Very Good,G,VS1,60.7,58.0,-0.04999999999999982,2.59,8.846038923585931
1.02,Ideal,J,VS2,61.1,58.0,-0.040000000000000036,2.54,8.401813434846137
1.0,Premium,F,SI2,61.7,57.0,0.07000000000000028,2.4099999999999997,8.326861812555881
1.01,Very Good,H,SI2,58.9,60.0,0.040000000000000036,2.69,8.313211333580995
1.01,Fair,D,SI2,64.6,56.0,0.0699999999999994,2.1900000000000004,8.291197486476253
1.0,Fair,J,SI2,56.3,64.0,0.040000000000000036,2.85,8.056504996985927
1.0,Ideal,I,SI1,59.8,57.0,0.05999999999999961,2.5700000000000003,8.328800850678949
0.38,Ideal,F,VVS1,62.2,57.0,-0.040000000000000036,1.7799999999999998,6.904413329454697
2.21,Very Good,F,SI2,61.0,58.0,-0.07000000000000028,3.3099999999999996,9.617166853858278
0.31,Ideal,F,IF,61.4,56.0,-0.03000000000000025,1.71,6.797621542771598
0.3,Very Good,I,SI1,63.3,59.0,0.03000000000000025,1.5399999999999996,6.121128528582315
1.21,Very Good,I,SI1,62.1,56.0,-0.16000000000000014,2.67,8.612393536125596
0.73,Very Good,E,SI1,61.6,59.0,-0.010000000000000675,2.22,7.955362322074794
0.7,Ideal,F,VVS1,61.6,56.0,0.15000000000000036,2.2,8.186261851254073
0.7,Premium,E,VS1,58.4,59.0,0.08000000000000007,2.4,8.01364276097603
0.29,Very Good,E,VS1,61.7,58.0,-0.05999999999999961,1.6600000000000001,6.258529658850033
0.7,Ideal,F,SI1,62.6,56.0,0.03000000000000025,2.1100000000000003,7.784497118013798
2.01,Fair,H,VS2,66.1,53.0,-0.09999999999999964,2.7199999999999998,9.567918686576341
1.83,Ideal,J,VS2,62.0,56.0,-0.0600000000000005,3.0200000000000005,9.318096720093704
0.33,Premium,G,VS1,60.8,59.0,0.020000000000000462,1.7299999999999995,6.636573024850307
0.57,Very Good,I,SI1,62.5,58.0,-0.04999999999999982,1.9899999999999998,7.053403283291458
1.51,Premium,H,SI2,62.9,58.0,0.04999999999999982,2.6799999999999997,9.011916601281783
0.52,Very Good,F,SI1,61.3,56.0,-0.040000000000000036,2.04,7.193670336791842
1.03,Premium,F,SI1,61.5,57.0,0.08999999999999986,2.45,8.5576472330857
1.23,Premium,H,VS2,62.4,61.0,0.04999999999999982,2.54,8.811791241646683
0.45,Ideal,E,VVS2,61.6,56.0,-0.020000000000000462,1.9200000000000004,7.15633063280134
0.58,Premium,F,SI2,63.0,56.0,0.08000000000000007,1.92,7.107391733341063
1.0,Good,I,SI1,57.6,61.0,0.040000000000000036,2.7499999999999996,8.270362023604624
1.0,Very Good,I,SI2,62.4,63.0,-0.09000000000000075,2.45,8.218203547896072
1.0,Good,F,SI1,63.3,61.0,-0.019999999999999574,2.3199999999999994,8.474291869054838
0.32,Ideal,F,VS1,62.0,54.0,0.010000000000000675,1.6799999999999997,6.718431493849068
0.73,Ideal,I,SI1,62.0,56.0,0.04999999999999982,2.17,7.655168184317996
1.64,Premium,E,SI1,59.5,58.0,-0.08000000000000007,3.1499999999999995,9.407740477268932
1.01,Premium,F,VS1,61.4,60.0,0.0600000000000005,2.4499999999999997,8.874653493613348
0.9,Ideal,H,VS2,62.4,56.0,-0.02999999999999936,2.3299999999999996,8.30465200245931
1.17,Ideal,D,SI2,62.7,57.0,0.019999999999999574,2.49,8.571676096433896
0.32,Ideal,H,VS1,61.1,56.0,-0.019999999999999574,1.7399999999999998,6.3466964250322135
0.42,Premium,G,VS2,62.0,58.0,-0.040000000000000036,1.8399999999999994,6.738162589963135
1.01,Very Good,H,SI2,63.5,55.0,0.05000000000000071,2.2699999999999996,8.27190160486507
0.75,Good,E,SI2,62.3,58.0,-0.02999999999999936,2.1999999999999997,7.813430108584392
0.35,Ideal,H,IF,61.7,56.0,0.019999999999999574,1.7300000000000004,6.857014506633166
1.09,Ideal,G,VS2,62.0,54.0,-0.040000000000000036,2.54,8.854279078727572
1.01,Good,E,SI1,64.3,59.0,-0.02999999999999936,2.26,8.515332318889925
0.92,Very Good,D,SI1,62.9,56.0,-0.040000000000000036,2.32,8.390713679622515
0.41,Premium,G,VVS2,62.2,58.0,0.0600000000000005,1.7799999999999998,6.996500711667626
0.72,Very Good,J,VS1,62.3,57.0,-0.03999999999999915,2.1899999999999995,7.657455887117257
0.32,Ideal,F,VS2,62.5,56.0,-0.019999999999999574,1.65,6.464411705922473
1.69,Good,G,VS1,58.1,58.0,-0.040000000000000036,3.3,9.614997491991979
1.53,Premium,G,VS1,60.2,59.0,0.04999999999999982,2.95,9.521474413404023
0.4,Ideal,E,VVS2,61.7,55.0,0.019999999999999574,1.81,7.103568269514318
0.4,Ideal,H,SI1,61.3,57.0,-0.020000000000000462,1.8599999999999999,6.496546489012198
0.91,Very Good,F,SI2,61.6,59.0,-0.10000000000000053,2.43,8.17522445403774
0.9,Premium,I,VS2,61.2,62.0,0.0600000000000005,2.36,8.156409643804345
1.2,Ideal,F,VS2,62.3,56.0,-0.03000000000000025,2.58,9.096481311880614
1.59,Ideal,H,VS1,61.8,57.0,0.07000000000000028,2.8099999999999996,9.376749941715541
0.32,Very Good,H,VVS2,60.2,60.0,-0.03000000000000025,1.7900000000000005,6.436548743421084
1.23,Premium,G,VS2,61.1,57.0,0.04999999999999982,2.67,9.016072202491062
0.28,Very Good,E,VVS2,61.4,60.0,-0.040000000000000036,1.6399999999999997,6.347459107136416
0.61,Ideal,F,VVS2,61.5,56.0,-0.04999999999999982,2.1300000000000003,7.872084269576502
0.72,Very Good,I,VVS2,62.7,54.0,-0.05999999999999961,2.1799999999999997,7.78494429041993
1.2,Premium,H,VS1,62.6,59.0,0.040000000000000036,2.51,8.879436720696411
0.61,Ideal,G,IF,62.3,56.0,-0.040000000000000036,2.07,7.889925894584296
1.23,Very Good,H,VS2,62.4,58.0,-0.04999999999999982,2.59,8.843583969687947
0.4,Premium,D,SI2,62.4,58.0,-0.040000000000000036,1.7900000000000005,6.529924213364133
0.37,Good,E,VS1,62.8,65.0,-0.03000000000000025,1.7000000000000002,6.643235234081506
0.37,Premium,E,SI1,59.3,58.0,0.019999999999999574,1.9200000000000004,6.625389374755114
1.06,Very Good,E,IF,62.7,58.0,-0.05999999999999961,2.46,9.32259263740225
0.9,Premium,E,VS2,62.6,59.0,0.08000000000000007,2.2399999999999998,8.466405163566812
1.5,Premium,D,SI1,60.5,59.0,0.05000000000000071,2.8999999999999995,9.365214548910023
0.35,Ideal,E,VS2,61.6,55.0,-0.04999999999999982,1.7600000000000002,6.59067369216679
1.17,Ideal,H,SI2,61.4,56.0,0.07000000000000028,2.59,8.488569002566578
0.5,Premium,D,SI1,62.8,58.0,0.02999999999999936,1.8600000000000003,7.101362476100332
1.51,Very Good,G,SI1,63.4,58.0,-0.10999999999999943,2.71,9.277540611077777
0.42,Ideal,D,VS2,62.2,55.0,0.04999999999999982,1.7799999999999998,7.001628073044368
0.72,Premium,E,SI1,62.1,58.0,-0.02999999999999936,2.19,7.902402052423219
0.34,Very Good,F,SI1,59.4,62.0,-0.04999999999999982,1.88,6.3046660200320295
0.32,Ideal,F,VVS2,61.3,56.0,-0.03000000000000025,1.73,6.653715382154324
1.1,Premium,F,SI1,59.5,59.0,0.0699999999999994,2.6900000000000004,8.621754580478687
0.9,Premium,E,SI1,59.0,59.0,0.040000000000000036,2.57,8.322919858364827
0.38,Premium,H,VVS1,61.2,60.0,0.020000000000000462,1.8099999999999996,6.848616274448208
0.7,Premium,F,SI1,62.2,59.0,0.040000000000000036,2.1400000000000006,7.785435909638223
1.5,Very Good,E,SI2,62.7,59.0,-0.08000000000000007,2.75,9.148342223484901
0.41,Fair,G,VVS2,64.7,56.0,-0.040000000000000036,1.6799999999999997,6.853537275008668
0.52,Premium,D,VS2,62.8,58.0,0.02999999999999936,1.8900000000000001,7.499441623658539
0.31,Ideal,F,IF,61.2,56.0,-0.04999999999999982,1.73,6.797621542771598
1.5,Good,J,VS2,59.6,60.0,-0.07000000000000028,3.0,9.022247765227299
1.31,Very Good,I,SI2,62.7,58.0,-0.0600000000000005,2.6100000000000003,8.626257984341517
2.0,Good,H,SI1,63.3,59.0,-0.0699999999999994,2.9699999999999998,9.65416734641171
0.52,Ideal,G,VS1,61.7,57.0,-0.019999999999999574,1.9899999999999998,7.422366018528616
0.25,Very Good,D,VVS2,61.3,59.0,-0.04999999999999982,1.6100000000000003,6.247294989395688
1.0,Very Good,H,SI1,62.2,59.0,-0.02999999999999936,2.4099999999999997,8.41362729564413
0.52,Premium,G,VS1,61.2,60.0,0.0600000000000005,1.9699999999999998,7.453226321739451
0.52,Ideal,F,VVS2,61.5,55.0,-0.040000000000000036,2.02,7.6968456442676985
0.7,Premium,G,VS1,62.6,60.0,-0.08000000000000007,2.14,7.830519724288988
0.7,Ideal,D,VS1,62.5,57.0,-0.040000000000000036,2.1399999999999997,8.022940581833788
0.31,Ideal,F,VS2,61.9,55.0,0.019999999999999574,1.6600000000000001,6.64524922790772
1.03,Premium,I,VS1,61.6,58.0,0.08000000000000007,2.44,8.543046745623492
0.3,Ideal,I,VVS2,62.0,56.0,-0.03000000000000025,1.6500000000000004,6.2402444436658495
1.03,Very Good,G,SI1,59.4,60.0,-0.04999999999999982,2.72,8.550475430841098
1.21,Premium,F,VS2,62.2,60.0,0.03000000000000025,2.5299999999999994,9.03380843391569
1.01,Ideal,F,SI2,60.5,57.0,-0.040000000000000036,2.5900000000000003,8.439138196290537
0.9,Premium,J,SI1,62.8,59.0,0.09999999999999964,2.2100000000000004,7.8986137240227725
1.01,Very Good,E,SI1,60.0,60.0,-0.08000000000000007,2.63,8.600549557983333
0.33,Ideal,G,VS1,61.9,56.0,-0.040000000000000036,1.7200000000000006,6.493802964171106
0.71,Fair,G,VVS1,62.8,57.0,0.09999999999999964,2.0400000000000005,7.953362448561151
1.0,Premium,H,SI2,61.0,57.0,0.10999999999999943,2.4600000000000004,8.297247171385624
0.81,Ideal,H,SI1,61.4,56.0,-0.04999999999999982,2.3499999999999996,7.992375724015072
0.7,Premium,E,SI2,62.1,57.0,0.08000000000000007,2.0999999999999996,7.646342739472275
1.93,Ideal,F,SI1,59.5,60.0,-0.030000000000001137,3.3000000000000007,9.63733413373275
0.71,Very Good,G,VS1,63.3,56.0,0.03000000000000025,2.0599999999999996,7.889045904904372
1.23,Premium,J,VS1,60.1,60.0,-0.04999999999999982,2.79,8.677673662768665
0.41,Good,F,SI1,63.9,56.0,-0.0600000000000005,1.7300000000000004,6.586837630618409
2.01,Very Good,G,SI1,63.5,60.0,0.09000000000000075,2.8499999999999996,9.693808816868064
0.72,Ideal,G,SI2,61.5,55.0,-0.03000000000000025,2.2500000000000004,7.769391430355907
0.4,Premium,G,IF,59.8,58.0,0.05999999999999961,1.9100000000000001,7.1173114922988825
1.03,Very Good,G,VS2,62.2,57.0,-0.03000000000000025,2.45,8.722677251221118
1.04,Ideal,H,VS2,61.8,55.0,-0.009999999999999787,2.4899999999999993,8.622153475643918
0.31,Ideal,E,VS1,61.3,54.0,-0.03000000000000025,1.7100000000000004,6.543654969662038
0.8,Ideal,E,SI1,62.0,57.0,0.02999999999999936,2.2500000000000004,8.097718181872214
0.71,Very Good,J,VS2,62.6,57.0,-0.0600000000000005,2.1500000000000004,7.570296353053829
0.96,Fair,E,SI2,65.6,58.0,-0.040000000000000036,2.130000000000001,8.05209817979484
0.56,Very Good,H,SI2,59.5,57.0,-0.02999999999999936,2.2099999999999995,7.065061677492531
1.35,Very Good,E,SI1,62.7,57.0,-0.040000000000000036,2.6399999999999997,9.045391250940485
1.5,Very Good,J,VVS2,62.8,62.0,-0.03000000000000025,2.71,9.044848855797824
0.58,Premium,E,VS1,61.8,55.0,0.040000000000000036,2.03,7.654945650645864
0.54,Premium,G,SI1,61.6,58.0,0.04999999999999982,1.98,7.187325183487693
0.32,Premium,E,SI2,59.7,60.0,-0.020000000000000462,1.8000000000000003,6.184072104458156
0.3,Ideal,E,VS2,61.8,57.0,0.040000000000000036,1.63,6.555503683931582
0.61,Ideal,D,VS1,61.9,56.0,-0.020000000000000462,2.08,7.801894081249822
0.72,Ideal,D,SI2,61.2,57.0,-0.040000000000000036,2.26,7.88711081192507
1.05,Ideal,D,VS1,60.5,57.0,0.03000000000000025,2.59,9.076096195885974
0.32,Ideal,H,VVS1,61.9,55.0,-0.009999999999999787,1.67,6.588717694015726
1.75,Premium,H,VS2,61.5,58.0,0.05999999999999961,2.9400000000000004,9.477701941399262
0.32,Very Good,E,VVS1,60.9,58.0,0.040000000000000036,1.73,6.885246936682826
1.05,Ideal,F,VVS2,62.1,54.0,-0.03000000000000025,2.49,9.179269030443548
0.41,Ideal,E,SI1,62.5,57.0,0.04999999999999982,1.7600000000000002,6.824399524836399
2.04,Very Good,J,SI2,63.4,55.0,0.030000000000001137,2.929999999999999,9.495662843367754
0.31,Ideal,H,IF,60.0,57.0,0.020000000000000462,1.7499999999999996,6.757384119545861
0.51,Very Good,D,VS2,63.1,58.0,0.04999999999999982,1.8599999999999999,7.389647629695002
1.09,Ideal,F,SI1,61.4,56.0,-0.03000000000000025,2.58,8.694174484243526
0.46,Ideal,F,SI2,61.5,54.0,-0.02999999999999936,1.94,6.707037858066328
0.9,Very Good,H,VS2,60.0,56.0,-0.040000000000000036,2.55,8.308369179591798
0.23,Good,F,VVS2,62.8,61.0,-0.03000000000000025,1.48,6.131822067296739
0.58,Ideal,D,SI2,61.7,54.0,-0.02999999999999936,2.09,7.260806532829646
1.0,Premium,H,VS1,62.4,58.0,0.02999999999999936,2.4000000000000004,8.583992853573758
0.23,Very Good,D,VVS1,59.7,58.0,-0.06999999999999984,1.65,6.144242793215807
1.01,Premium,E,SI2,62.6,59.0,-0.02999999999999936,2.3999999999999995,8.405644628278049
1.36,Very Good,J,SI2,62.6,58.0,-0.1200000000000001,2.7,8.571417141383572
0.51,Very Good,G,SI1,63.4,56.0,-0.0699999999999994,1.8899999999999997,6.999521483884757
1.07,Ideal,J,VS2,61.6,56.3,-0.040000000000000036,2.55,8.490029047179334
0.51,Premium,H,SI1,61.9,56.0,0.009999999999999787,1.9500000000000002,7.027927774914666
0.37,Ideal,J,SI1,61.4,57.0,-0.040000000000000036,1.81,6.119383243038597
1.01,Ideal,F,VS1,60.7,57.0,0.02999999999999936,2.54,8.924508429673606
1.01,Premium,F,VS2,62.4,56.0,0.08000000000000007,2.3599999999999994,8.746336147288156
0.41,Very Good,E,VVS2,61.6,60.0,-0.019999999999999574,1.8399999999999994,6.971663770003242
0.46,Premium,E,VS1,61.7,59.0,-0.03000000000000025,1.9100000000000001,7.0485428179557195
1.03,Ideal,H,SI1,62.0,57.0,0.0600000000000005,2.4399999999999995,8.476363757269395
0.33,Ideal,D,SI2,61.3,56.0,-0.040000000000000036,1.75,6.268579820864925
0.52,Ideal,H,VVS1,60.4,57.0,0.03000000000000025,2.0500000000000003,7.562347222698056
0.33,Ideal,G,VS2,62.3,57.0,0.02999999999999936,1.6500000000000004,6.5926226787063875
0.9,Very Good,G,VS2,62.5,58.0,-0.05000000000000071,2.3200000000000003,8.386793285215607
1.54,Fair,F,SI1,65.8,56.0,0.040000000000000036,2.4399999999999995,9.21330155326581
0.34,Ideal,G,VVS2,61.6,56.0,-0.020000000000000462,1.7300000000000004,6.649776720009272
0.3,Very Good,I,SI1,61.4,58.0,-0.03000000000000025,1.6800000000000002,5.968511145658853
0.56,Ideal,I,VS2,62.1,54.0,-0.03000000000000025,2.0300000000000002,7.167559370346722
0.36,Good,D,SI1,63.1,55.0,-0.04999999999999982,1.71,6.469597612713135
0.9,Very Good,H,SI2,62.0,58.0,-0.009999999999999787,2.33,8.082201689861007
0.23,Very Good,D,VVS2,59.6,61.0,-0.040000000000000036,1.6400000000000001,6.0519284660871255
0.4,Ideal,D,VS2,61.3,56.0,0.04999999999999982,1.8200000000000003,6.98554581583068
0.41,Premium,D,SI2,62.3,58.0,0.02999999999999936,1.7800000000000002,6.66866026706595
0.9,Premium,D,SI2,59.8,61.0,0.040000000000000036,2.4699999999999998,8.203317252647595
0.57,Ideal,D,VS2,60.3,57.0,0.019999999999999574,2.1400000000000006,7.617142410359656
1.31,Premium,I,SI2,63.0,58.0,0.040000000000000036,2.55,8.578067487971
1.31,Premium,J,VS2,62.0,59.0,0.07000000000000028,2.63,8.647629910972123
0.31,Ideal,F,VVS1,61.0,57.0,-0.009999999999999787,1.7199999999999998,6.723179292895156
1.35,Very Good,J,SI1,61.1,61.0,-0.03000000000000025,2.7800000000000002,8.667909808778855
0.33,Premium,E,SI1,59.1,58.0,0.04999999999999982,1.8299999999999996,6.518152018066397
2.37,Ideal,H,SI2,62.1,55.0,-0.019999999999999574,3.2399999999999993,9.644508770787944
1.2,Very Good,I,SI1,63.3,57.0,0.040000000000000036,2.4299999999999997,8.541813145898624
1.0,Premium,G,SI2,62.2,59.0,0.040000000000000036,2.3899999999999997,8.302956096636569
1.57,Ideal,I,VS2,62.8,57.0,0.08999999999999986,2.71,9.185724902454883
0.57,Ideal,E,VVS2,60.6,56.2,-0.040000000000000036,2.1400000000000006,7.809681184025931
0.3,Ideal,E,VS2,61.5,55.0,0.03000000000000025,1.6499999999999995,6.558972298255339
1.01,Premium,G,SI1,60.0,59.0,0.040000000000000036,2.5799999999999996,8.52149055639397
0.3,Premium,G,VVS2,62.7,56.0,0.0699999999999994,1.56,6.550640941556626
1.5,Very Good,G,VVS2,60.9,56.0,-0.03000000000000025,2.8899999999999997,9.570442119899058
0.61,Very Good,D,VVS2,59.6,57.0,-0.020000000000000462,2.2600000000000002,8.013448037081687
1.0,Very Good,E,SI1,63.4,58.0,0.03000000000000025,2.28,8.513802049531177
0.34,Premium,G,IF,62.3,59.0,-0.03000000000000025,1.7000000000000002,6.843741356327408
0.32,Very Good,F,VS2,62.8,57.0,-0.03000000000000025,1.6300000000000003,6.405316855289143
1.35,Ideal,J,VS2,61.8,54.0,-0.040000000000000036,2.7399999999999993,8.754116698675462
1.0,Very Good,E,SI1,59.2,59.0,-0.05999999999999961,2.69,8.558888095712057
1.04,Ideal,G,VS1,61.7,57.0,-0.0600000000000005,2.5200000000000005,8.856687772725518
0.46,Very Good,G,VS2,61.3,56.0,-0.019999999999999574,1.94,6.861816449480123
1.24,Ideal,J,VS2,62.3,56.0,-0.07000000000000028,2.63,8.635005199197066
0.9,Good,F,SI1,63.6,59.0,0.04999999999999982,2.1900000000000004,8.188119268107629
0.46,Ideal,E,VVS1,62.6,57.0,-0.09000000000000075,1.8900000000000006,7.289378893847686
0.58,Ideal,H,SI1,60.9,57.0,0.04999999999999982,2.0700000000000003,7.207574846454084
1.58,Very Good,F,SI2,63.2,57.0,0.04999999999999982,2.7,9.115748464515146
0.41,Very Good,E,VVS1,60.0,61.0,-0.08000000000000007,1.9700000000000002,7.079628784090593
0.44,Premium,H,SI2,59.3,60.0,0.02999999999999936,2.0200000000000005,6.590764803912241
0.9,Ideal,E,SI1,61.1,56.0,-0.020000000000000462,2.4300000000000006,8.39204507164706
0.74,Ideal,D,SI2,62.2,57.0,-0.040000000000000036,2.2100000000000004,7.888008332363582
0.53,Very Good,F,VS2,62.7,57.0,-0.040000000000000036,1.9299999999999997,7.3114800710049925
1.54,Ideal,I,VS1,61.5,56.0,-0.04999999999999982,2.8899999999999997,9.260123212652621
1.01,Ideal,I,VS1,61.1,54.0,-0.020000000000000462,2.5300000000000002,8.562527623872974
0.31,Ideal,I,VS1,61.9,53.9,-0.03000000000000025,1.6799999999999997,6.216923374462966
0.9,Good,F,VS2,64.3,57.0,-0.019999999999999574,2.1799999999999997,8.332040901062882
1.21,Fair,J,SI1,65.0,59.0,0.0699999999999994,2.2800000000000002,8.367751806893297
1.0,Very Good,F,VS2,62.7,56.0,-0.04999999999999982,2.38,8.714867421112505
0.3,Ideal,F,VVS2,62.1,57.0,-0.020000000000000462,1.63,6.446337169177664
0.6,Premium,H,SI1,62.0,56.0,0.040000000000000036,2.0400000000000005,7.266382741475775
0.84,Ideal,G,VS2,62.0,55.0,-0.019999999999999574,2.32,8.147550260305348
1.55,Ideal,J,SI1,61.7,54.0,-0.03000000000000025,2.88,9.025132510360978
0.51,Premium,F,SI1,59.4,60.0,0.019999999999999574,2.1000000000000005,7.182217799655657
1.5,Ideal,I,VS2,62.6,57.0,0.04999999999999982,2.7,9.167849473963017
0.33,Ideal,H,SI1,60.6,56.0,-0.03000000000000025,1.77,6.200504600361299
1.5,Premium,D,SI2,59.6,59.0,0.08000000000000007,2.99,9.11601542590037
1.5,Premium,E,VS1,60.3,60.0,-0.08999999999999986,2.9799999999999995,9.606055157241842
1.22,Very Good,F,SI1,63.1,58.0,0.05999999999999961,2.4700000000000006,8.837304083860571
0.29,Premium,I,VS2,62.4,58.0,-0.03000000000000025,1.6000000000000005,6.062001527110781
0.41,Ideal,J,VS1,62.1,56.0,0.040000000000000036,1.79,6.607758572019364
1.62,Very Good,H,VS2,62.6,58.0,0.1200000000000001,2.75,9.346583132064245
0.39,Ideal,H,SI2,61.5,57.0,-0.040000000000000036,1.8200000000000003,6.354351298030222
0.41,Ideal,F,VS2,62.7,56.0,0.0600000000000005,1.7399999999999998,6.900784061876305
1.51,Ideal,J,VS1,61.9,58.0,-0.04999999999999982,2.8100000000000005,9.093118981348049
1.05,Premium,E,SI2,61.5,59.0,-0.0600000000000005,2.55,8.450448161479713
2.01,Good,J,SI1,59.6,61.0,-0.0600000000000005,3.3100000000000005,9.492017288037319
1.5,Good,H,SI1,60.8,60.0,-0.09999999999999964,2.92,9.22000552769528
1.01,Ideal,D,SI2,62.5,57.0,0.040000000000000036,2.3699999999999997,8.441516352991842
1.55,Premium,G,SI1,59.8,59.0,0.019999999999999574,2.99,9.280874784592244
0.62,Premium,G,VS1,62.9,58.0,0.040000000000000036,1.98,7.575991963285591
0.39,Ideal,I,VS2,62.9,57.0,0.040000000000000036,1.7099999999999995,6.638159040521263
1.5,Premium,H,SI2,62.3,60.0,-0.08000000000000007,2.7800000000000002,9.06358085256603
1.5,Ideal,I,I1,61.8,57.0,0.08000000000000007,2.7699999999999996,8.555135470526588
0.51,Ideal,E,VS2,61.9,56.0,-0.040000000000000036,1.98,7.340071301792867
1.7,Ideal,G,VVS1,61.0,56.0,0.04999999999999982,2.96,9.732466464934095
1.02,Very Good,J,SI1,62.5,58.0,-0.05999999999999961,2.4299999999999997,8.259625369747253
1.32,Ideal,G,VS1,62.6,56.0,0.04999999999999982,2.5999999999999996,9.185626781084927
1.0,Premium,I,SI2,61.6,59.0,-0.07000000000000028,2.48,8.24756226223209
0.32,Ideal,I,VS2,62.5,55.0,0.009999999999999787,1.6399999999999997,6.381701064179643
0.51,Ideal,G,VVS2,61.2,55.0,-0.02999999999999936,2.0199999999999996,7.525904763557437
0.31,Ideal,G,VVS2,62.4,56.0,-0.040000000000000036,1.6499999999999995,6.54884967286012
1.01,Very Good,F,SI2,61.8,56.0,0.04999999999999982,2.42,8.349560534908465
1.0,Very Good,F,VS2,63.2,59.0,0.04999999999999982,2.3,8.669309731408545
2.14,Premium,J,SI2,61.5,59.0,-0.05000000000000071,3.1900000000000004,9.545906335487697
0.38,Ideal,F,VVS2,60.8,58.0,-0.02999999999999936,1.8599999999999999,6.816737147893141
0.29,Premium,F,SI1,62.4,58.0,-0.019999999999999574,1.6099999999999999,6.174855428859531
0.32,Ideal,E,VS2,62.1,55.0,0.019999999999999574,1.6600000000000001,6.714424394975231
0.33,Ideal,H,VVS1,61.7,56.0,0.020000000000000462,1.7000000000000002,6.752871890719957
0.31,Very Good,F,VS1,61.2,55.0,-0.020000000000000462,1.7000000000000002,6.447968346260915
0.53,Ideal,F,VVS1,61.8,57.0,-0.03000000000000025,1.9900000000000002,7.733733698071504
1.25,Premium,H,VS2,60.4,59.0,0.040000000000000036,2.7299999999999995,8.862856937402226
0.4,Ideal,F,VVS2,62.8,56.0,0.040000000000000036,1.7300000000000004,7.0627707804043345
0.8,Very Good,I,VS2,63.3,55.0,-0.04999999999999982,2.1899999999999995,7.8722931520162
0.59,Very Good,D,VVS2,60.6,59.0,-0.04999999999999982,2.18,7.900610547743389
0.3,Good,F,SI1,63.6,55.0,-0.04999999999999982,1.5899999999999999,6.119856069712768
0.73,Ideal,G,SI2,61.8,56.0,-0.07000000000000028,2.25,7.782717822895364
0.81,Premium,H,SI1,59.1,57.0,0.07000000000000028,2.4699999999999998,7.945624300737676
0.31,Ideal,G,VS1,60.8,57.0,-0.03000000000000025,1.7399999999999998,6.435554277706773
0.5,Premium,E,SI1,63.0,61.0,0.040000000000000036,1.85,7.055007076053496
1.56,Very Good,H,VS1,63.9,57.0,-0.07000000000000028,2.6799999999999997,9.316917614256191
1.2,Very Good,F,VS1,58.7,59.0,-0.1800000000000006,2.9700000000000006,9.149098023755569
0.3,Ideal,I,VS2,61.5,58.0,-0.02999999999999936,1.6699999999999995,6.08753862732438
0.72,Premium,H,SI1,62.5,57.0,0.0600000000000005,2.11,7.726302047483958
0.99,Good,F,SI2,63.3,54.0,-0.0699999999999994,2.38,8.230737622061849
0.7,Ideal,E,VS2,62.8,57.0,0.08999999999999986,2.06,7.879653647973508
0.54,Very Good,G,VVS1,60.6,55.0,-0.02999999999999936,2.0999999999999996,7.631381666920797
1.01,Good,D,SI1,63.9,61.0,-0.02999999999999936,2.29,8.544178002832265
1.01,Ideal,E,SI2,59.6,60.0,-0.08000000000000007,2.6899999999999995,8.430105252721944
0.57,Ideal,D,VVS1,61.6,56.0,-0.019999999999999574,2.0599999999999996,7.974272110083914
1.24,Premium,E,VS1,59.9,61.0,0.03000000000000025,2.7800000000000002,9.195390917832674
0.3,Premium,G,SI2,62.3,59.0,0.040000000000000036,1.5899999999999999,6.180070532006005
2.03,Good,D,SI2,63.1,59.0,0.129999999999999,2.91,9.594091384229301
1.19,Premium,I,SI1,62.2,58.0,0.03999999999999915,2.5300000000000002,8.540984337824792
0.31,Very Good,I,SI1,61.4,61.0,-0.04999999999999982,1.7099999999999995,6.023459242990493
0.7,Premium,J,VS1,60.9,58.0,0.07000000000000028,2.19,7.561392299121958
0.31,Ideal,H,VVS1,62.0,55.0,-0.03000000000000025,1.67,6.549746250200252
0.39,Ideal,F,VS1,61.6,57.0,-0.019999999999999574,1.8199999999999998,6.813407102154276
0.3,Ideal,G,VVS2,61.9,57.0,-0.03000000000000025,1.67,6.397776277135782
0.31,Ideal,G,SI1,61.7,55.0,-0.020000000000000462,1.6900000000000004,6.240048504153512
0.32,Premium,G,VS2,61.5,60.0,0.019999999999999574,1.6900000000000004,6.580700476512511
1.05,Ideal,I,VS1,61.5,55.0,-0.05000000000000071,2.5600000000000005,8.659084611377038
0.5,Premium,H,IF,61.4,61.0,0.10999999999999943,1.9100000000000001,7.423129807813471
0.71,Ideal,G,VS2,61.6,55.0,-0.040000000000000036,2.2300000000000004,7.962682816054301
0.79,Very Good,F,SI2,62.6,57.0,-0.020000000000000462,2.2,7.879373873808054
0.32,Ideal,H,SI1,61.5,55.0,-0.019999999999999574,1.7099999999999995,6.1773352380257744
0.33,Ideal,F,VVS2,61.9,56.0,0.040000000000000036,1.67,6.825888331372965
0.7,Very Good,D,SI2,63.1,58.0,0.05999999999999961,2.0400000000000005,7.646289855361684
1.0,Ideal,D,SI1,59.9,56.0,-0.03000000000000025,2.63,8.665621872845497
1.21,Premium,G,VS1,62.7,58.0,0.04999999999999982,2.5,9.071422128091731
0.48,Ideal,I,VS1,62.2,54.0,-0.02999999999999936,1.9199999999999995,6.916447479505615
1.06,Very Good,H,VS2,60.7,59.0,-0.07000000000000028,2.63,8.663475298093442
0.42,Premium,E,SI1,62.5,55.0,0.03000000000000025,1.79,6.846258568843364
0.3,Premium,H,SI1,62.9,59.0,0.040000000000000036,1.56,6.2745087143606435
1.06,Ideal,G,VVS2,61.0,57.0,-0.020000000000000462,2.5700000000000003,9.031803707608061
0.31,Ideal,D,VVS2,61.0,55.0,-0.03000000000000025,1.73,6.696091419259255
1.04,Ideal,I,SI1,61.7,55.0,-0.040000000000000036,2.5200000000000005,8.437303538091296
0.32,Ideal,G,VS2,62.5,56.0,0.040000000000000036,1.63,6.594050600957909
1.2,Premium,F,VS2,62.1,54.0,0.03999999999999915,2.54,9.036646925868972
0.35,Premium,G,VS1,62.9,58.0,0.009999999999999787,1.6600000000000006,6.690807545161851
0.4,Ideal,E,VVS2,61.5,55.0,-0.020000000000000462,1.85,6.9923042326732014
0.33,Ideal,G,VVS1,61.0,56.0,-0.02999999999999936,1.7699999999999996,6.714570816181169
0.38,Ideal,D,VVS2,61.5,56.0,0.020000000000000462,1.7799999999999998,7.022664281953953
0.53,Ideal,G,VS2,61.8,56.0,0.03000000000000025,1.9699999999999998,7.3723373059906105
1.24,Premium,F,SI2,62.7,59.0,0.0600000000000005,2.51,8.625337882322974
1.0,Good,E,VVS1,64.1,62.0,0.03000000000000025,2.24,8.980129674892774
0.33,Ideal,D,VS2,60.3,55.0,-0.019999999999999574,1.7999999999999994,6.570194018993174
1.0,Premium,F,SI1,59.4,62.0,0.03000000000000025,2.6399999999999997,8.496366828867114
0.31,Ideal,E,SI1,61.5,55.0,-0.03000000000000025,1.71,6.347352055280486
0.91,Fair,J,VS2,65.4,60.0,0.040000000000000036,2.06,7.9279621925619566
0.83,Ideal,F,SI1,62.2,55.0,-0.020000000000000462,2.29,8.091484729712029
0.75,Premium,G,VS2,61.7,58.0,0.05999999999999961,2.2,7.94601883631526
0.7,Ideal,G,VS2,62.7,54.0,-0.04999999999999982,2.0500000000000003,7.778349406669696
0.31,Ideal,G,VVS2,61.9,55.0,0.03000000000000025,1.6400000000000001,6.708179756144359
0.9,Very Good,D,SI1,59.6,62.0,-0.02999999999999936,2.5199999999999996,8.354552083572473
1.01,Premium,F,SI2,61.3,60.0,-0.02999999999999936,2.4999999999999996,8.401356004621494
1.03,Ideal,D,SI1,61.3,56.0,-0.05999999999999961,2.55,8.69743698198022
1.04,Very Good,G,SI2,60.9,58.0,-0.0600000000000005,2.59,8.404031614819633
0.72,Ideal,H,VS2,60.1,56.0,-0.03000000000000025,2.36,7.929439185953979
0.3,Good,E,SI1,63.7,59.0,-0.05999999999999961,1.5699999999999994,6.155010763832632
0.84,Good,F,I1,60.8,64.0,0.019999999999999574,2.3600000000000003,7.556903272764268
0.71,Good,E,VS2,59.2,61.0,-0.08000000000000007,2.42,7.98451504452534
0.96,Premium,I,SI2,62.7,58.0,0.040000000000000036,2.3000000000000003,8.014605661155814
1.05,Ideal,D,SI2,62.1,58.0,-0.02999999999999936,2.4799999999999995,8.503770488848295
1.03,Premium,J,SI2,62.2,59.0,0.019999999999999574,2.41,8.166201858647131
1.15,Ideal,G,VVS1,60.6,56.0,0.03000000000000025,2.67,9.180794954707064
0.34,Premium,I,VVS1,61.9,58.0,0.08999999999999986,1.6599999999999997,6.649652598997081
1.01,Very Good,F,VS2,62.9,56.0,-0.03000000000000025,2.3900000000000006,8.760801128041022
0.24,Ideal,G,VVS2,61.2,56.0,-0.02999999999999936,1.5699999999999994,6.268780734621469
0.43,Very Good,I,IF,61.0,56.0,-0.02999999999999936,1.9299999999999997,6.9052542083156165
0.3,Ideal,E,VS1,60.7,57.0,0.05000000000000071,1.6799999999999997,6.56661874161893
0.5,Fair,H,VS1,66.6,58.0,0.11000000000000032,1.58,7.018412878781517
1.77,Premium,I,VS2,62.3,58.0,0.0600000000000005,2.88,9.417147791333637
1.11,Ideal,F,VS2,60.9,57.0,-0.05999999999999961,2.66,8.92989620058128
0.9,Very Good,I,SI1,61.8,58.0,-0.05999999999999961,2.4099999999999997,8.09203153318779
0.55,Ideal,G,VS2,62.4,56.0,0.019999999999999574,1.9600000000000004,7.362336126767815
2.17,Very Good,J,SI2,60.8,59.0,-0.040000000000000924,3.3100000000000005,9.5521384291479
1.05,Premium,E,SI2,59.5,59.0,0.0600000000000005,2.65,8.404425148270441
0.73,Premium,F,SI2,61.4,58.0,0.03000000000000025,2.23,7.779056072895834
2.14,Premium,I,SI2,62.1,58.0,0.08000000000000007,3.1000000000000005,9.595086715983433
0.3,Premium,D,SI1,62.3,58.0,0.040000000000000036,1.6,6.445101335675046
1.56,Ideal,F,SI2,61.6,56.0,0.040000000000000036,2.83,9.178170639620717
1.7,Premium,I,VS2,61.2,59.0,-0.07000000000000028,2.9800000000000004,9.369314619112489
0.47,Very Good,J,VS1,63.0,60.0,-0.03000000000000025,1.8400000000000003,6.756327763952603
0.7,Ideal,G,SI2,62.4,56.0,-0.019999999999999574,2.14,7.641684665234458
1.24,Premium,D,SI1,59.3,60.0,0.040000000000000036,2.8499999999999996,8.910085294367477
0.45,Ideal,G,SI1,62.0,54.0,-0.03000000000000025,1.9000000000000004,6.743603959304878
0.54,Ideal,F,VVS2,61.4,56.0,-0.020000000000000462,2.05,7.720275187632185
1.52,Very Good,D,SI2,58.6,59.0,-0.05000000000000071,3.1100000000000003,9.134659650902854
0.4,Very Good,E,SI1,63.0,57.0,-0.03000000000000025,1.75,6.613161677920969
0.58,Ideal,G,VS2,60.0,56.0,-0.03000000000000025,2.2000000000000006,7.504303248624374
0.8,Ideal,F,VS1,61.6,54.0,-0.040000000000000036,2.31,8.34688304305297
2.48,Very Good,H,SI2,63.3,56.0,0.049999999999998934,3.120000000000001,9.590556814965733
0.53,Ideal,G,SI1,61.0,56.0,-0.02999999999999936,2.0599999999999996,7.201393047384877
0.52,Good,F,SI1,65.5,66.0,-0.0600000000000005,1.7400000000000002,7.0794267034027225
0.71,Ideal,H,SI1,61.1,57.0,-0.040000000000000036,2.25,7.826281584787423
0.72,Ideal,F,SI1,61.8,57.0,-0.0600000000000005,2.2100000000000004,7.944958994116217
0.78,Premium,E,VS2,62.6,57.0,0.0600000000000005,2.1699999999999995,8.023097944649605
0.52,Ideal,F,SI2,61.3,55.0,-0.020000000000000462,2.02,7.08879428003818
1.02,Ideal,G,SI2,61.4,56.0,0.04999999999999982,2.4799999999999995,8.385469335089102
0.31,Premium,G,VVS1,60.5,60.0,-0.07000000000000028,1.7600000000000002,6.643080865602228
0.26,Ideal,G,VVS2,62.3,56.0,-0.02999999999999936,1.5599999999999996,6.306397658025548
0.5,Very Good,G,SI1,60.0,63.0,0.040000000000000036,2.01,6.985916426011417
0.72,Very Good,G,SI2,62.1,59.0,-0.07000000000000028,2.1900000000000004,7.686011283171077
1.02,Ideal,H,SI2,61.0,58.0,-0.040000000000000036,2.56,8.379261306569695
0.3,Ideal,G,IF,62.1,53.0,-0.03000000000000025,1.65,6.557304617034538
1.33,Ideal,G,VVS2,61.7,58.0,-0.03000000000000025,2.7200000000000006,9.296158040000929
0.9,Good,G,SI1,63.7,58.0,0.03000000000000025,2.1999999999999997,8.176537187604445
0.44,Premium,E,SI1,62.9,58.0,0.03000000000000025,1.7899999999999996,6.851100208354157
0.3,Very Good,J,VS1,63.0,59.0,-0.02999999999999936,1.5899999999999994,6.012036183025375
0.8,Very Good,J,VS1,62.7,58.0,-0.040000000000000036,2.23,7.820048374916579
0.25,Ideal,H,IF,61.4,57.0,-0.03000000000000025,1.5899999999999999,6.3700105642098865
0.9,Ideal,E,SI1,61.7,57.0,-0.0600000000000005,2.41,8.38502386086462
0.42,Ideal,H,VS1,62.4,57.0,-0.03000000000000025,1.81,6.71000668776215
1.27,Very Good,I,I1,60.2,62.0,-0.04999999999999982,2.8199999999999994,8.277035378122635
0.57,Ideal,H,SI1,59.3,60.0,-0.040000000000000036,2.24,7.234933491042957
1.02,Ideal,E,SI2,61.6,56.0,0.0699999999999994,2.49,8.444361039249722
1.12,Ideal,F,VS2,61.2,56.0,-0.0600000000000005,2.62,8.94950559317944
0.31,Ideal,D,IF,60.5,57.0,-0.020000000000000462,1.75,7.040155533528372
1.02,Good,H,SI2,60.3,63.0,-0.040000000000000036,2.5900000000000003,8.328548168087949
0.58,Ideal,E,SI2,62.7,56.0,-0.04999999999999982,2.01,7.199663781031473
0.38,Very Good,I,VS2,61.5,58.0,-0.009999999999999787,1.7800000000000002,6.331171568848451
1.06,Ideal,F,SI1,61.9,57.0,0.03000000000000025,2.4800000000000004,8.642881238214411
0.91,Premium,E,SI1,62.4,57.0,0.1200000000000001,2.2600000000000002,8.31366344949557
1.0,Premium,G,VS2,63.0,58.0,0.07000000000000028,2.3200000000000003,8.64074440520961
0.56,Premium,E,VS1,62.6,58.0,0.04999999999999982,1.9400000000000004,7.563600692290049
0.3,Premium,G,SI2,62.5,59.0,0.040000000000000036,1.5899999999999994,6.180070532006005
2.0,Good,I,VS1,58.8,65.0,0.07000000000000028,3.289999999999999,9.621987227357488
0.58,Ideal,E,VS1,61.8,57.0,-0.019999999999999574,2.05,7.651766841432396
0.38,Premium,G,VS2,60.4,57.0,0.03000000000000025,1.8399999999999999,6.7212540913500955
1.52,Premium,E,SI1,62.4,59.0,0.03000000000000025,2.75,9.3538369043993
1.5,Ideal,I,VS1,62.2,54.0,-0.07000000000000028,2.83,9.248767402079444
1.2,Ideal,H,SI1,61.3,57.0,-0.040000000000000036,2.6599999999999993,8.733860078960285
0.73,Very Good,H,VS2,61.3,60.0,-0.07000000000000028,2.2600000000000002,7.871252654801223
0.34,Ideal,G,IF,61.9,55.0,-0.03000000000000025,1.7400000000000002,6.8463049024973
0.32,Good,I,SI1,63.9,55.0,-0.020000000000000462,1.5800000000000005,6.028040728625413
1.02,Ideal,G,SI1,62.2,56.0,-0.019999999999999574,2.45,8.561175463322432
2.12,Ideal,H,SI2,62.4,57.0,0.02999999999999936,3.0600000000000005,9.59549315613961
1.11,Premium,G,SI2,60.7,56.0,0.05000000000000071,2.6099999999999994,8.415328548320716
1.01,Premium,H,VS2,61.6,59.0,-0.019999999999999574,2.4899999999999998,8.558656038960075
1.01,Good,E,SI2,63.3,58.0,-0.019999999999999574,2.3499999999999996,8.387493439921592
0.42,Very Good,E,VS2,62.8,59.0,-0.040000000000000036,1.7999999999999998,6.791442951149821
0.3,Good,D,SI2,63.2,57.0,-0.03000000000000025,1.5700000000000003,6.040824584396563
0.71,Ideal,E,VS2,61.6,57.0,-0.08000000000000007,2.25,8.065676921536008
0.51,Very Good,F,SI1,62.5,59.0,-0.019999999999999574,1.9199999999999995,7.051427020099955
0.31,Ideal,F,IF,62.1,54.0,-0.040000000000000036,1.67,6.797621542771598
0.8,Ideal,H,VS2,62.1,54.0,-0.03000000000000025,2.2800000000000002,8.043635293557278
0.42,Ideal,D,VS1,62.1,56.0,-0.040000000000000036,1.8400000000000003,6.959360565865929
0.5,Good,D,SI1,63.2,57.0,-0.05000000000000071,1.8800000000000003,6.963517217144385
0.32,Ideal,E,VVS2,62.2,53.0,-0.03000000000000025,1.6799999999999997,6.694512871264307
0.54,Ideal,E,VS1,61.0,56.0,-0.10999999999999943,2.1199999999999997,7.600236888041951
0.31,Ideal,D,VS2,59.4,56.0,0.04999999999999982,1.7700000000000005,6.7002236780749005
0.43,Very Good,H,SI1,60.2,57.0,-0.019999999999999574,1.9699999999999998,6.581414408629272
1.23,Premium,H,SI2,62.1,61.0,0.07000000000000028,2.55,8.56488200588527
0.5,Fair,F,VS2,64.6,58.0,0.019999999999999574,1.7600000000000002,7.132037924661928
0.71,Ideal,I,VVS2,62.4,54.0,-0.03000000000000025,2.17,7.80291840541995
0.91,Ideal,G,VS2,62.3,57.0,-0.0600000000000005,2.37,8.469063884508566
0.25,Very Good,F,VVS2,61.2,55.0,-0.040000000000000036,1.6199999999999997,6.250517413887397
1.09,Very Good,H,SI1,62.5,57.0,-0.04999999999999982,2.4699999999999998,8.53062525994249
1.03,Premium,E,SI2,61.7,61.0,0.040000000000000036,2.46,8.40559249380917
0.32,Good,G,VS2,63.1,57.0,-0.04999999999999982,1.6199999999999997,6.3380862865252485
1.06,Ideal,G,VS2,61.9,55.0,-0.03000000000000025,2.5100000000000007,8.833892344407166
0.57,Ideal,E,VS1,61.3,57.0,-0.03000000000000025,2.0900000000000003,7.651766841432396
0.71,Ideal,G,VS1,62.6,57.0,-0.03000000000000025,2.14,7.9429251247486645
0.53,Very Good,G,VVS2,62.2,54.0,-0.040000000000000036,2.0000000000000004,7.54222757512821
1.09,Ideal,H,SI1,62.5,56.0,-0.04999999999999982,2.4800000000000004,8.55998522948095
2.04,Very Good,I,VS2,61.0,61.0,-0.0600000000000005,3.1900000000000004,9.657914350510103
0.72,Ideal,E,SI2,62.7,57.0,-0.07000000000000028,2.18,7.789763352411468
0.27,Very Good,D,VS2,63.0,57.0,-0.040000000000000036,1.5299999999999998,6.196395687070018
0.92,Good,J,SI2,59.0,63.0,-0.04999999999999982,2.6199999999999997,7.9322808068355375
0.63,Very Good,G,SI2,63.3,59.0,0.20000000000000018,1.8599999999999994,7.195819766263574
0.59,Ideal,F,VVS2,62.0,54.0,-0.019999999999999574,2.05,7.8099593051052985
0.86,Premium,F,SI1,62.6,58.0,-0.04999999999999982,2.28,8.085162413497828
0.8,Very Good,D,VS2,60.6,63.0,0.040000000000000036,2.3100000000000005,8.252495772931956
0.5,Ideal,E,SI1,62.2,57.0,-0.03000000000000025,1.9300000000000002,6.991515927959124
1.51,Ideal,J,VS2,62.4,57.0,0.04999999999999982,2.7299999999999995,9.040142294389586
0.52,Very Good,D,SI1,60.5,61.0,-0.040000000000000036,2.0800000000000005,7.28455707981506
0.59,Very Good,F,VS2,60.1,57.0,-0.040000000000000036,2.2000000000000006,7.5672726127165015
0.99,Very Good,D,SI2,62.5,57.0,-0.040000000000000036,2.3899999999999997,8.324717782395629
0.29,Ideal,G,VS1,61.9,55.0,-0.03000000000000025,1.6400000000000001,6.28433674885463
1.86,Very Good,H,SI2,62.3,57.0,-0.02999999999999936,2.9699999999999998,9.382975559859778
0.55,Ideal,E,VS1,62.0,56.0,0.02999999999999936,1.9800000000000004,7.605292198462717
0.71,Ideal,D,SI1,62.4,57.0,-0.02999999999999936,2.1599999999999997,7.9551330740716715
0.71,Fair,F,SI1,59.8,70.0,0.16999999999999993,2.2399999999999998,7.8353012143765675
0.32,Very Good,D,SI1,60.0,56.0,-0.03000000000000025,1.8200000000000003,6.338369897095816
0.32,Premium,G,SI1,62.6,58.0,0.040000000000000036,1.5999999999999996,6.448666403916279
0.43,Very Good,D,SI1,61.0,57.0,-0.03000000000000025,1.9099999999999997,6.759919978564789
1.01,Very Good,G,IF,63.0,60.0,-0.040000000000000036,2.3599999999999994,9.018504701394223
0.59,Very Good,I,VS2,63.4,56.0,0.040000000000000036,1.94,7.257080982424461
0.36,Ideal,D,VVS2,61.9,53.0,-0.02999999999999936,1.7599999999999998,6.860901398501993
0.43,Very Good,D,VS1,61.2,58.0,-0.05999999999999961,1.9099999999999997,6.9611202093452125
0.34,Good,E,SI1,63.9,56.0,-0.040000000000000036,1.6300000000000003,6.366748239435243
1.51,Premium,E,VS2,62.6,60.0,0.0600000000000005,2.6799999999999997,9.52440719674177
1.16,Ideal,F,SI1,62.6,58.0,-0.05000000000000071,2.5300000000000002,8.735489294359764
1.14,Ideal,E,VVS2,62.3,55.0,0.03000000000000025,2.51,9.302009415264724
1.0,Premium,F,VVS2,60.6,54.0,0.040000000000000036,2.5599999999999996,9.043349580881342
1.01,Good,D,SI1,62.9,57.0,-0.03000000000000025,2.37,8.594902970333266
1.02,Premium,F,SI1,62.3,58.0,0.08000000000000007,2.38,8.557680987348979
2.09,Premium,H,SI2,62.1,58.0,0.05000000000000071,3.08,9.57370219377797
0.9,Very Good,G,SI1,61.6,59.0,-0.0600000000000005,2.3900000000000006,8.246020351874016
0.91,Premium,I,SI1,60.8,59.0,0.03000000000000025,2.4200000000000004,8.092399491186606
1.25,Premium,J,SI1,61.8,55.0,0.08999999999999986,2.58,8.554077219692653
0.39,Ideal,F,VVS1,62.3,55.0,-0.03000000000000025,1.7800000000000002,7.021299247298318
1.07,Ideal,E,VVS2,61.8,54.0,-0.05000000000000071,2.54,9.255296850564434
0.46,Very Good,F,SI2,62.6,58.0,-0.08000000000000007,1.88,6.621128296350471
0.7,Premium,F,SI1,62.1,59.0,-0.040000000000000036,2.1799999999999997,7.783175914626345
0.84,Good,E,SI1,61.9,61.0,-0.019999999999999574,2.3099999999999996,8.085323798559585
1.16,Premium,G,VS1,61.9,58.0,0.040000000000000036,2.55,8.976551958182593
1.0,Good,D,SI2,63.5,59.0,-0.02999999999999936,2.33,8.38723265006076
2.01,Good,I,VS2,59.0,64.0,0.0600000000000005,3.34,9.60662599537656
0.47,Very Good,J,SI1,62.4,58.0,-0.04999999999999982,1.8900000000000001,6.5476225847953256
0.3,Premium,D,SI2,61.8,58.0,0.03000000000000025,1.63,6.274614833578887
0.43,Premium,H,VS1,60.0,59.0,-0.1200000000000001,2.0300000000000002,6.767774095671449
0.5,Very Good,D,SI1,62.8,53.0,-0.040000000000000036,1.9,7.005233010839515
0.3,Ideal,E,VVS1,61.2,57.0,0.03000000000000025,1.67,6.715025414398861
1.22,Good,G,SI2,64.0,61.0,0.07000000000000028,2.38,8.539488412711503
0.3,Ideal,E,VVS1,61.5,57.0,-0.019999999999999574,1.6799999999999997,6.57332808571566
1.22,Ideal,F,VS1,61.5,56.0,0.04999999999999982,2.62,9.22285562433458
0.38,Ideal,D,VVS2,61.5,57.0,0.040000000000000036,1.77,7.019195667630196
0.4,Good,H,SI2,63.7,59.0,-0.05000000000000071,1.7200000000000002,6.330528422796178
0.24,Very Good,E,VVS1,62.2,59.0,-0.02999999999999936,1.5299999999999994,6.272259521322273
0.23,Very Good,E,VVS1,62.6,58.0,-0.040000000000000036,1.5099999999999998,6.128061888864341
0.91,Fair,E,VVS2,63.1,55.0,0.1299999999999999,2.17,8.631196758470335
0.31,Ideal,E,VS2,61.5,55.0,0.040000000000000036,1.67,6.694107331504969
0.41,Premium,F,VS2,62.6,57.0,0.03000000000000025,1.75,6.89121442864913
0.7,Good,F,SI1,63.8,60.0,0.03000000000000025,2.0199999999999996,7.712717155940923
0.3,Very Good,I,VVS2,62.1,56.0,-0.040000000000000036,1.6499999999999995,6.211315711475132
1.01,Very Good,I,SI2,59.2,59.0,-0.10000000000000053,2.73,8.281213288221817
0.71,Ideal,E,SI1,60.3,57.0,-0.040000000000000036,2.3199999999999994,7.992539222735629
0.36,Very Good,G,VS1,60.7,57.1,-0.08000000000000007,1.8600000000000003,6.579150632655994
1.34,Ideal,D,I1,61.7,55.0,0.040000000000000036,2.7,8.495361248965924
0.9,Ideal,G,VS2,60.8,57.0,0.08999999999999986,2.39,8.420029941650277
1.0,Very Good,G,VS2,63.4,57.0,0.040000000000000036,2.2799999999999994,8.627318131440239
0.92,Very Good,H,VS2,63.4,57.0,0.05999999999999961,2.22,8.271993815837202
1.08,Very Good,G,VS2,63.2,60.0,0.08999999999999986,2.3400000000000007,8.769289604755127
1.08,Premium,F,SI1,62.1,58.0,0.040000000000000036,2.4800000000000004,8.627755437716651
0.25,Ideal,G,VVS2,62.1,56.0,-0.03000000000000025,1.5499999999999998,6.275086191465281
1.56,Premium,H,SI2,58.8,59.0,0.040000000000000036,3.119999999999999,9.057784702664982
0.91,Fair,H,SI1,64.4,60.0,0.02999999999999936,2.1500000000000004,8.089372591936428
0.24,Very Good,E,VVS1,61.5,59.0,-0.019999999999999574,1.5499999999999998,6.272259521322273
0.9,Good,E,SI1,62.4,62.0,-0.040000000000000036,2.33,8.305673241459534
1.0,Very Good,E,SI2,62.5,59.0,-0.0600000000000005,2.41,8.397267624470585
0.41,Ideal,G,VS1,61.9,57.0,0.04999999999999982,1.7999999999999998,6.903564226047863
0.9,Premium,H,SI1,60.0,56.0,0.0600000000000005,2.4899999999999998,8.19991089382379
0.41,Ideal,E,VS2,61.8,54.0,-0.03000000000000025,1.8399999999999999,6.813097362384094
1.35,Ideal,G,IF,62.2,57.0,-0.040000000000000036,2.7,9.398898818180374
0.31,Ideal,H,VVS2,62.6,56.0,-0.04999999999999982,1.65,6.442342159679971
1.01,Premium,G,VS2,62.4,59.0,0.040000000000000036,2.4000000000000004,8.687835678734073
0.51,Very Good,E,VS2,63.3,56.0,0.040000000000000036,1.85,7.343026281398753
0.9,Fair,G,SI1,65.4,59.0,0.040000000000000036,2.06,8.075495035556125
0.52,Premium,F,VVS2,61.8,60.0,0.03000000000000025,1.9499999999999997,7.64113786290646
0.31,Ideal,G,VS2,60.8,56.0,-0.019999999999999574,1.7399999999999998,6.372203268225411
1.05,Good,H,VS2,63.7,58.0,0.04999999999999982,2.3100000000000005,8.570382199153599
1.14,Ideal,I,SI1,60.8,58.0,-0.03000000000000025,2.6500000000000004,8.529826560734412
0.33,Very Good,D,VS1,60.1,59.0,-0.03000000000000025,1.8000000000000003,6.582605240763522
1.04,Premium,F,SI1,59.8,59.0,0.05000000000000071,2.6199999999999997,8.57577037658018
0.24,Premium,D,VVS2,58.8,58.0,0.03000000000000025,1.6599999999999997,6.41791512360236
1.0,Very Good,G,VS2,63.1,61.0,0.04999999999999982,2.3200000000000003,8.63020820818339
0.41,Ideal,D,VVS1,62.7,56.0,0.02999999999999936,1.7600000000000002,7.295615684659375
0.6,Ideal,F,VS1,61.9,55.0,-0.019999999999999574,2.07,7.6982274962813
0.52,Ideal,G,VVS1,62.0,55.0,-0.02999999999999936,1.9799999999999995,7.594010842288032
0.41,Very Good,D,SI2,62.3,61.0,-0.03000000000000025,1.7999999999999998,6.5254842480995086
0.35,Ideal,F,VS2,62.5,57.0,0.03000000000000025,1.6800000000000002,6.717997205631278
0.44,Very Good,E,SI1,63.2,53.0,0.03000000000000025,1.77,6.820696110727658
0.91,Very Good,D,VS2,59.6,58.0,-0.019999999999999574,2.57,8.575654182432139
0.43,Ideal,H,VVS2,61.3,56.0,-0.040000000000000036,1.9100000000000001,6.897363375300229
1.5,Ideal,F,SI1,62.7,56.0,-0.09999999999999964,2.7699999999999996,9.368699051998831
1.38,Ideal,I,SI2,61.8,57.0,0.040000000000000036,2.6999999999999993,8.788859202986723
0.34,Ideal,E,VVS1,62.2,56.0,0.019999999999999574,1.6700000000000004,7.01840459475452
0.54,Ideal,H,SI1,62.5,53.0,-0.03000000000000025,1.98,7.051876623741848
0.42,Very Good,E,SI2,58.8,60.0,-0.040000000000000036,2.0300000000000002,6.590269912343817
0.35,Ideal,D,VS2,60.5,56.0,0.03000000000000025,1.8099999999999996,6.803703086883485
0.31,Good,H,SI1,64.0,54.0,-0.019999999999999574,1.5599999999999996,6.09026073949812
0.7,Premium,F,VVS2,62.6,59.0,0.040000000000000036,2.0900000000000003,8.017787535128807
0.71,Good,I,VS2,61.1,60.6,-0.03000000000000025,2.25,7.711758636689491
0.52,Premium,H,SI2,60.9,61.0,0.05000000000000071,1.9799999999999995,6.946606848692636
0.5,Premium,D,VS2,62.9,61.0,0.07000000000000028,1.8199999999999998,7.299334120630091
0.7,Fair,F,SI2,64.6,57.0,0.02999999999999936,1.9600000000000004,7.4720085417923015
0.63,Premium,F,SI1,60.9,56.0,0.020000000000000462,2.1699999999999995,7.577255059253438
0.53,Ideal,F,VS1,62.1,57.0,0.04999999999999982,1.94,7.528000756972898
1.23,Good,H,SI2,63.8,57.4,-0.0600000000000005,2.4700000000000006,8.584703066226176
2.01,Very Good,I,SI1,63.5,55.0,0.0600000000000005,2.8999999999999995,9.599611783044192
0.36,Premium,H,VS1,60.5,59.0,-0.03000000000000025,1.8399999999999999,6.479654755241997
0.74,Ideal,G,VS1,61.2,56.0,-0.03000000000000025,2.2800000000000002,8.070726696360834
0.53,Ideal,H,SI1,61.0,56.0,-0.02999999999999936,2.0599999999999996,7.10385677001093
1.5,Premium,H,SI1,62.4,58.0,0.04999999999999982,2.7200000000000006,9.177557458384635
0.41,Ideal,D,VS1,62.8,57.0,0.02999999999999936,1.7500000000000004,7.040523184977145
0.71,Ideal,E,VS1,62.4,56.0,0.04999999999999982,2.1300000000000003,8.044266172958585
0.8,Ideal,D,SI2,61.9,54.0,0.020000000000000462,2.26,8.006772408402105
1.01,Premium,E,SI1,62.8,60.0,0.009999999999999787,2.37,8.565245728599365
0.57,Ideal,H,VS2,61.7,55.0,0.03000000000000025,2.04,7.3569465095557
0.91,Good,G,VS2,63.6,58.0,0.040000000000000036,2.2099999999999995,8.37608063558188
0.31,Premium,E,VS2,60.5,60.0,-0.04999999999999982,1.7499999999999996,6.475420587264439
0.38,Ideal,E,VVS2,61.9,57.0,-0.020000000000000462,1.7800000000000002,6.858442408919168
0.26,Ideal,F,VS2,62.3,56.0,-0.020000000000000462,1.56,6.2145342959596865
0.72,Ideal,H,SI1,61.7,54.0,-0.040000000000000036,2.2399999999999998,7.833302795569862
0.93,Premium,G,SI2,61.7,60.0,0.04999999999999982,2.3600000000000003,8.123754015582856
0.61,Good,G,VS2,59.9,61.0,-0.11999999999999922,2.28,7.552930251543272
0.6,Premium,G,SI1,60.8,58.0,0.05000000000000071,2.0999999999999996,7.335288111462276
0.4,Ideal,F,VS2,60.6,55.0,0.040000000000000036,1.87,6.899070405548813
0.29,Ideal,H,IF,62.1,55.0,-0.03000000000000025,1.6400000000000001,6.486440589310969
0.35,Premium,G,VS1,61.2,58.0,0.03000000000000025,1.7399999999999998,6.690807545161851
1.15,Very Good,F,SI2,63.1,63.0,0.09999999999999964,2.3900000000000006,8.438565267209404
0.3,Very Good,J,VS1,61.1,61.0,-0.04999999999999982,1.7199999999999998,6.007312796236075
1.1,Ideal,D,VVS2,61.0,56.0,-0.0600000000000005,2.6400000000000006,9.353408495756005
0.3,Good,D,SI2,60.8,65.0,0.03000000000000025,1.6599999999999997,6.186221204012481
2.1,Good,I,SI2,62.9,64.0,0.05000000000000071,2.9899999999999993,9.563167547323577
1.08,Ideal,I,SI1,62.6,53.9,-0.04999999999999982,2.4699999999999998,8.476586597863061
0.7,Very Good,G,IF,63.0,59.0,-0.040000000000000036,2.0900000000000003,8.02224771974969
0.71,Premium,I,VS2,60.0,58.0,-0.05999999999999961,2.3599999999999994,7.7736479985670766
0.51,Very Good,F,VS1,62.4,59.0,-0.04999999999999982,1.9299999999999997,7.3512191554089386
0.58,Very Good,F,SI1,59.9,58.0,-0.05000000000000071,2.18,7.336686727583797
0.41,Very Good,F,SI1,62.9,56.0,-0.020000000000000462,1.7600000000000002,6.605703141987676
1.34,Ideal,H,VS2,60.8,55.0,0.05999999999999961,2.7700000000000005,8.968278642773654
0.9,Good,G,VS2,60.4,61.0,-0.08999999999999986,2.5300000000000002,8.38544974760394
0.3,Premium,D,VVS2,62.4,58.0,-0.040000000000000036,1.63,6.50641750422825
1.2,Very Good,J,SI2,59.6,62.0,-0.04999999999999982,2.8200000000000003,8.400612581440901
0.24,Premium,H,VVS1,61.2,58.0,0.04999999999999982,1.52,6.437538287994835
0.38,Ideal,F,SI1,62.2,54.0,-0.020000000000000462,1.77,6.500294661627402
1.7,Ideal,H,VS2,62.2,57.0,0.040000000000000036,2.87,9.48814251056954
1.14,Premium,F,SI1,61.1,58.0,0.04999999999999982,2.5999999999999996,8.704429463181535
1.51,Good,E,SI1,60.4,61.0,-0.040000000000000036,2.9299999999999997,9.32873347798915
1.01,Very Good,D,SI1,60.8,57.0,0.040000000000000036,2.55,8.625625322696997
0.77,Fair,I,VS1,65.1,57.0,-0.11999999999999922,2.0499999999999994,7.776601706423873
0.23,Ideal,H,VVS1,61.1,55.0,-0.029999999999999805,1.5699999999999998,6.220683071813085
2.12,Premium,H,SI2,62.3,58.0,0.08999999999999986,3.04,9.57370219377797
0.43,Ideal,D,SI1,62.5,55.0,-0.03000000000000025,1.8200000000000003,6.77733958435554
0.61,Premium,F,VS2,59.6,61.0,0.08000000000000007,2.2,7.60657990958373
0.54,Premium,F,SI1,61.8,60.0,-0.019999999999999574,1.9999999999999996,7.22446748321787
2.2,Premium,G,SI1,60.5,55.0,0.07000000000000028,3.3099999999999996,9.680658397494389
0.73,Fair,F,SI2,53.4,65.0,0.040000000000000036,2.8500000000000005,7.73814411066863
0.51,Ideal,D,VS1,60.9,57.0,0.03000000000000025,2.01,7.588595635187021
0.72,Ideal,F,SI1,62.3,56.0,-0.020000000000000462,2.19,7.909942255810434
1.5,Ideal,I,I1,61.3,57.0,0.02999999999999936,2.8400000000000007,8.567241819160857
1.02,Premium,F,VVS1,62.6,59.0,0.04999999999999982,2.3600000000000003,9.137635576737964
0.3,Ideal,D,VS2,61.8,55.0,-0.040000000000000036,1.6800000000000002,6.389456261964
0.63,Ideal,F,VVS2,61.9,57.0,-0.040000000000000036,2.11,7.915878041095629
0.88,Premium,D,SI2,60.9,61.0,0.03000000000000025,2.3899999999999997,8.091055497612048
0.41,Ideal,E,SI2,60.7,57.0,-0.040000000000000036,1.9199999999999995,6.591748339556012
0.51,Ideal,E,SI2,61.3,61.0,-0.020000000000000462,2.0000000000000004,7.031834852328412
1.52,Very Good,H,VS1,63.5,60.0,0.040000000000000036,2.63,9.304684114307008
0.31,Ideal,D,VS2,59.4,57.0,-0.04999999999999982,1.8399999999999999,6.5043935153540975
1.07,Premium,E,SI2,60.5,59.0,-0.08000000000000007,2.66,8.468372097323211
0.4,Very Good,G,VS2,62.9,56.0,-0.02999999999999936,1.7599999999999998,6.664060690111456
0.63,Good,F,SI2,64.2,56.0,0.0600000000000005,1.8899999999999997,7.217897751085731
0.91,Very Good,J,VS2,61.6,59.0,-0.1200000000000001,2.44,8.073405657166449
0.72,Ideal,F,VS1,61.7,57.0,-0.02999999999999936,2.2199999999999998,8.09296616281205
0.71,Premium,E,VS2,59.9,58.0,-0.02999999999999936,2.3399999999999994,8.036525667780728
0.5,Ideal,D,VS2,62.6,56.0,0.03000000000000025,1.88,7.319191503568133
2.02,Very Good,H,SI2,63.1,54.0,0.09999999999999964,2.92,9.57535676593935
1.01,Very Good,D,VS2,59.8,60.0,-0.040000000000000036,2.61,8.8463384613582
0.4,Ideal,F,SI1,62.0,54.0,-0.03000000000000025,1.83,6.626345375347816
0.44,Very Good,I,VS2,62.5,57.0,-0.03000000000000025,1.8399999999999999,6.55832547854336
0.37,Ideal,G,VS2,60.8,57.0,-0.04999999999999982,1.8400000000000003,6.532033547671781
0.31,Very Good,F,VVS1,61.8,59.0,-0.019999999999999574,1.6699999999999995,6.654167321896956
0.71,Premium,E,SI1,59.1,60.0,0.03000000000000025,2.38,7.938084850258056
0.56,Premium,F,VVS1,61.1,56.0,0.11000000000000032,2.03,7.784455710321058
0.31,Premium,G,SI1,61.8,58.0,0.02999999999999936,1.6400000000000001,6.428349340446017
0.3,Premium,H,VS2,60.9,61.0,0.03000000000000025,1.6599999999999997,6.363835194725725
2.32,Ideal,I,SI2,62.0,57.0,-0.040000000000000924,3.24,9.648961053431753
1.01,Very Good,D,SI1,62.7,58.0,-0.040000000000000036,2.3899999999999997,8.610586787402429
0.95,Premium,J,I1,61.7,59.0,0.0600000000000005,2.38,7.6388469110709405
0.3,Very Good,D,VVS2,63.2,55.0,-0.03000000000000025,1.5899999999999999,6.4610222512865585
1.22,Premium,G,SI2,58.3,61.0,0.08000000000000007,2.8600000000000003,8.600917918604182
1.45,Fair,F,SI2,64.4,58.0,0.05999999999999961,2.5200000000000005,8.828316736029903
0.31,Ideal,E,VS1,61.7,53.0,-0.02999999999999936,1.6899999999999995,6.543654969662038
0.53,Ideal,E,VVS1,61.5,54.0,-0.019999999999999574,2.03,7.815175216473823
0.52,Ideal,G,VVS2,59.8,57.0,0.019999999999999574,2.1,7.599685304364524
1.1,Ideal,G,VS2,60.2,56.0,-0.040000000000000036,2.6900000000000004,8.870999932249696
0.92,Premium,F,SI2,58.9,59.0,0.03000000000000025,2.5999999999999996,8.1446921216711
0.42,Good,H,SI1,63.1,57.0,-0.020000000000000462,1.7700000000000005,6.499552701850205
0.33,Premium,G,VS1,60.5,58.0,0.0600000000000005,1.7299999999999995,6.631478231056001
1.01,Very Good,I,VS2,60.9,59.0,-0.03000000000000025,2.5300000000000002,8.455255751571118
0.7,Ideal,D,VS1,61.7,57.0,-0.03000000000000025,2.2100000000000004,8.09280799979485
0.26,Premium,E,VVS1,62.3,60.0,0.019999999999999574,1.5300000000000002,6.551155370068424
0.91,Premium,F,SI2,60.8,59.0,0.03000000000000025,2.44,8.144470194025331
0.38,Ideal,F,VVS1,61.5,56.0,-0.03000000000000025,1.83,6.90404892949472
0.31,Premium,I,VS2,60.7,61.0,0.019999999999999574,1.6900000000000004,6.350514293608406
0.71,Ideal,E,VVS2,61.7,56.0,-0.019999999999999574,2.23,8.237639496864846
1.01,Premium,J,VS2,59.8,61.0,0.040000000000000036,2.57,8.293225416962201
2.29,Premium,H,SI2,62.5,58.0,0.0600000000000005,3.119999999999999,9.57370219377797
0.7,Premium,E,IF,62.9,59.0,0.07000000000000028,2.19,8.233545516600387
0.6,Ideal,D,SI1,61.1,57.0,-0.1200000000000001,2.1799999999999997,7.520144931878501
0.3,Ideal,E,VVS2,62.3,57.0,-0.019999999999999574,1.6299999999999994,6.487134658287647
0.3,Very Good,F,IF,62.1,57.0,-0.040000000000000036,1.6399999999999997,6.525892933510951
0.52,Very Good,G,VS1,59.1,60.0,0.04999999999999982,2.1100000000000003,7.448014699769821
1.01,Premium,H,SI1,62.4,60.0,0.03000000000000025,2.37,8.427583559119718
1.01,Good,H,SI1,63.4,58.0,-0.040000000000000036,2.3600000000000003,8.419557872028745
0.68,Premium,E,SI1,62.0,59.0,0.019999999999999574,2.1400000000000006,7.662539665402546
0.32,Very Good,G,SI1,63.5,56.0,0.03000000000000025,1.5799999999999996,6.381016824649779
1.37,Ideal,I,VS2,61.5,55.0,-0.020000000000000462,2.7800000000000002,8.917115585148737
0.35,Ideal,E,VS1,62.0,55.0,-0.040000000000000036,1.7600000000000002,6.6648647001647765
0.9,Very Good,G,SI2,61.1,55.0,-0.04999999999999982,2.4499999999999997,8.139867457853741
1.0,Very Good,F,VS2,63.8,56.9,-0.07000000000000028,2.3200000000000003,8.693079990214345
0.9,Ideal,H,VS2,59.9,57.0,-0.040000000000000036,2.5399999999999996,8.323686727565383
0.79,Very Good,E,SI1,63.2,56.0,0.08000000000000007,2.12,7.940026706792884
0.42,Ideal,D,SI1,61.5,56.0,0.040000000000000036,1.8399999999999994,6.877942203730926
1.01,Ideal,D,VS2,59.8,56.0,-0.02999999999999936,2.6299999999999994,8.8850352544963
0.39,Ideal,G,VS2,62.2,53.9,-0.03000000000000025,1.7900000000000005,6.683569254486872
1.01,Ideal,G,SI2,61.5,57.0,-0.040000000000000036,2.5,8.41149284880733
1.0,Ideal,E,SI1,62.3,55.0,-0.07000000000000028,2.44,8.59997640067063
0.4,Ideal,G,VS1,62.3,57.0,-0.05000000000000071,1.8000000000000003,6.764233643931673
0.41,Ideal,E,VS1,62.7,55.0,-0.040000000000000036,1.7899999999999996,6.896019136677159
0.9,Very Good,F,VS2,61.8,57.0,-0.07000000000000028,2.4000000000000004,8.471680732206838
1.2,Ideal,G,VVS2,60.9,56.0,-0.04999999999999982,2.7199999999999998,9.239732029165953
0.7,Premium,E,SI1,61.3,58.0,0.03000000000000025,2.1899999999999995,7.835513007327029
0.39,Very Good,J,VS1,63.1,56.0,0.08000000000000007,1.6800000000000002,6.555859350911098
0.51,Ideal,F,VS2,60.6,57.0,-0.03000000000000025,2.06,7.358005373385507
0.55,Ideal,D,SI2,60.9,57.0,-0.03000000000000025,2.08,7.212136154754269
0.5,Very Good,E,SI1,63.3,58.0,0.040000000000000036,1.8200000000000003,7.019636419144419
0.41,Ideal,F,VS2,61.0,57.0,0.04999999999999982,1.8399999999999999,6.897315447552548
0.72,Ideal,I,VVS1,61.3,57.0,-0.019999999999999574,2.2399999999999998,7.882833477496792
0.33,Ideal,H,VVS1,62.5,56.0,-0.020000000000000462,1.6700000000000004,6.623064914020143
0.5,Ideal,E,SI1,61.6,57.0,-0.03000000000000025,1.9700000000000002,7.021753339651532
0.32,Ideal,H,VVS2,61.9,53.0,-0.020000000000000462,1.7000000000000002,6.477371154659571
0.59,Good,I,VVS2,57.8,61.0,-0.08000000000000007,2.3899999999999997,7.564246271463502
0.41,Premium,E,VVS2,61.8,59.0,-0.040000000000000036,1.8400000000000003,7.012143930168146
0.41,Ideal,D,SI1,61.9,55.0,-0.03000000000000025,1.8399999999999999,6.716409576772447
0.39,Ideal,E,VVS1,60.4,56.0,-0.020000000000000462,1.9000000000000004,7.093127799993528
1.15,Very Good,H,SI1,62.4,57.0,-0.03000000000000025,2.5300000000000002,8.597735177994084
0.92,Premium,D,SI2,62.4,58.0,-0.010000000000000675,2.3300000000000005,8.229983385447884
1.42,Very Good,I,VS1,60.1,65.0,0.08000000000000007,2.8500000000000005,9.021867299948708
1.62,Very Good,H,SI1,62.2,58.0,-0.040000000000000036,2.8499999999999996,9.324727675337034
1.27,Ideal,H,VS1,61.4,56.0,-0.019999999999999574,2.7,8.993702747357208
0.42,Ideal,G,IF,62.1,56.0,-0.03000000000000025,1.8399999999999999,7.103145584189264
0.58,Ideal,F,VVS2,61.9,56.0,-0.03000000000000025,2.06,7.755509226477134
0.37,Premium,E,VVS2,60.9,59.0,-0.040000000000000036,1.8300000000000005,6.8146894676854
0.7,Good,E,SI1,63.6,62.0,-0.02999999999999936,2.05,7.754246691385663
0.26,Premium,H,VVS2,59.8,61.0,0.02999999999999936,1.6600000000000001,6.385550694111781
2.11,Ideal,J,VS2,61.2,55.0,0.02999999999999936,3.210000000000001,9.549137494306668
0.9,Very Good,E,VS2,59.1,62.0,-0.040000000000000036,2.58,8.494218203363694
0.28,Very Good,I,VS2,61.9,57.0,-0.03000000000000025,1.6100000000000003,5.991868238036523
2.0,Premium,E,SI2,58.1,60.0,0.07000000000000028,3.4400000000000004,9.563599771700968
0.41,Ideal,F,VS1,61.3,57.0,0.020000000000000462,1.8399999999999994,6.969713590180879
0.44,Ideal,E,VS2,61.5,56.0,0.019999999999999574,1.8800000000000003,6.978239499684236
0.51,Very Good,E,SI1,62.9,57.0,-0.05000000000000071,1.9100000000000001,7.086426402164446
0.76,Ideal,D,SI1,62.0,57.0,-0.040000000000000036,2.26,8.075048074483869
0.31,Ideal,G,IF,61.1,57.0,-0.040000000000000036,1.7399999999999998,6.746939179628795
0.32,Very Good,D,VS2,61.8,57.0,-0.010000000000000675,1.6700000000000004,6.502470039093471
2.54,Very Good,H,SI2,63.5,56.0,0.02999999999999936,3.1500000000000004,9.590556814965733
0.41,Ideal,F,VVS2,61.7,56.0,0.02999999999999936,1.8200000000000003,7.07600020024604
0.5,Very Good,F,SI2,62.4,56.0,-0.040000000000000036,1.94,6.8103041753242115
0.9,Very Good,I,VS2,62.4,58.0,-0.040000000000000036,2.33,8.17076541309314
0.94,Ideal,E,SI2,61.6,57.0,-0.019999999999999574,2.4299999999999997,8.24970173460955
2.25,Ideal,I,SI2,62.4,57.0,0.07000000000000028,3.1100000000000003,9.616877678345073
1.14,Good,I,SI1,63.9,58.0,0.040000000000000036,2.369999999999999,8.433463447490283
0.33,Premium,I,VVS1,61.7,61.0,0.020000000000000462,1.6899999999999995,6.602239567676214
1.2,Ideal,I,IF,61.5,56.0,-0.04999999999999982,2.6499999999999995,8.960437764836675
0.27,Ideal,H,VS1,62.3,54.0,-0.03000000000000025,1.5900000000000003,6.138444218936424
0.71,Premium,E,VS2,59.9,58.0,0.02999999999999936,2.31,8.042531831354555
1.08,Ideal,E,VVS2,61.8,56.0,-0.040000000000000036,2.5300000000000002,9.255296850564434
1.53,Very Good,H,VS2,60.9,63.0,0.040000000000000036,2.87,9.295551394221182
0.32,Ideal,F,VVS1,62.5,53.0,-0.02999999999999936,1.67,6.759761015764555
1.86,Very Good,H,SI1,62.6,58.0,-0.05000000000000071,2.9400000000000004,9.530452021721372
0.7,Ideal,H,SI2,60.6,54.0,0.08000000000000007,2.2,7.61693475828048
1.0,Good,G,VS2,63.6,58.0,-0.08999999999999986,2.34,8.628972549556687
0.39,Ideal,H,VS2,62.3,55.0,-0.03000000000000025,1.7800000000000002,6.584682073605136
0.35,Premium,I,SI1,62.5,58.0,0.040000000000000036,1.6700000000000004,6.325554003862288
0.34,Ideal,E,VS2,62.1,54.1,-0.03000000000000025,1.7200000000000002,6.59067369216679
0.41,Ideal,E,VS1,62.0,55.0,0.02999999999999936,1.79,7.009409577312451
0.54,Ideal,G,VVS1,62.2,56.0,0.019999999999999574,1.96,7.63119143795778
0.9,Premium,E,VS2,62.1,55.0,0.09000000000000075,2.3,8.492354058058092
0.32,Very Good,G,VS2,59.9,59.0,-0.020000000000000462,1.8100000000000005,6.349561937183582
1.01,Premium,G,VS1,59.9,59.0,-0.02999999999999936,2.6199999999999997,8.805246334895934
0.9,Good,D,SI2,62.2,63.0,-0.09000000000000075,2.3800000000000003,8.211416748109482
1.33,Premium,H,SI1,61.9,58.0,0.05999999999999961,2.6400000000000006,8.835130307304265
0.46,Very Good,D,SI1,62.2,58.0,-0.0600000000000005,1.9000000000000004,6.8464539021116035
1.2,Premium,F,SI2,61.9,59.0,0.1200000000000001,2.5300000000000002,8.579364046529765
0.25,Ideal,F,VS2,62.8,57.0,-0.029999999999999805,1.5,6.177835052315808
0.94,Very Good,D,SI2,60.9,62.0,-0.08000000000000007,2.4899999999999998,8.259091703062417
0.4,Premium,H,VS1,62.6,58.0,-0.03000000000000025,1.77,6.643407005510787
1.15,Ideal,J,SI1,61.8,57.0,0.0600000000000005,2.5300000000000002,8.403091858383796
1.23,Ideal,G,VVS2,60.3,57.0,0.010000000000000675,2.76,9.242557974312247
0.53,Very Good,E,SI2,63.2,54.0,0.03000000000000025,1.8900000000000001,7.041378736645855
0.41,Premium,E,VS1,61.9,59.0,0.03000000000000025,1.8099999999999996,6.993828913923799
0.9,Premium,H,VS1,62.1,59.0,0.04999999999999982,2.29,8.337393454210051
1.51,Very Good,F,VVS2,61.4,58.0,-0.03000000000000025,2.84,9.702519309371663
0.4,Very Good,F,VS1,61.2,58.0,-0.1200000000000001,1.9200000000000004,6.793945213841147
0.31,Very Good,H,VVS1,63.3,58.0,0.040000000000000036,1.56,6.612808771716204
1.63,Premium,I,VS1,61.1,57.0,0.1200000000000001,2.91,9.289902737726004
0.53,Ideal,H,VS2,61.9,55.2,-0.03000000000000025,2.0,7.214843801937752
0.48,Premium,F,SI1,61.1,61.0,0.04999999999999982,1.9300000000000002,7.000992375744624
1.52,Ideal,G,VS1,61.1,56.0,-0.040000000000000036,2.8999999999999995,9.57966384626063
1.51,Very Good,F,VS2,63.2,56.0,-0.0600000000000005,2.7,9.50410231334843
0.52,Ideal,G,VS1,62.7,56.0,-0.020000000000000462,1.9300000000000002,7.377590317176651
0.8,Ideal,G,VVS2,61.4,57.0,-0.040000000000000036,2.33,8.322510642692693
0.31,Ideal,F,VS2,62.3,57.0,-0.040000000000000036,1.65,6.444459042412188
1.0,Very Good,E,SI1,63.3,56.0,-0.08000000000000007,2.37,8.57547824288425
0.34,Very Good,E,VVS2,61.6,58.0,-0.03000000000000025,1.7500000000000004,6.711012824866119
2.29,Premium,G,SI2,62.4,60.0,0.05000000000000071,3.129999999999999,9.563234860616816
1.62,Good,J,SI2,64.2,62.0,-0.08000000000000007,2.6799999999999997,8.925452030478905
0.3,Very Good,G,VVS2,61.6,56.0,-0.03000000000000025,1.6599999999999997,6.35704376713398
0.9,Very Good,G,SI2,63.4,59.0,0.040000000000000036,2.2,8.057365357346248
1.51,Good,H,SI2,63.1,60.0,-0.04999999999999982,2.7,9.019544693495611
0.9,Ideal,I,SI1,60.8,57.0,0.03000000000000025,2.4299999999999997,8.10675580094479
1.21,Very Good,I,VS1,61.2,58.0,-0.0600000000000005,2.7,8.791455803491612
1.01,Very Good,G,SI1,63.2,59.0,0.040000000000000036,2.3100000000000005,8.47521080925707
0.92,Premium,D,SI2,59.4,59.0,0.10999999999999943,2.5200000000000005,8.205939798895496
2.02,Ideal,J,SI1,62.2,57.0,-0.049999999999998934,3.079999999999999,9.548309894407444
0.7,Good,G,SI1,61.8,62.0,-0.040000000000000036,2.1999999999999997,7.749673448336574
1.07,Premium,H,VS2,58.9,58.0,0.04999999999999982,2.72,8.637256441055532
1.57,Premium,D,SI1,62.2,59.0,-0.08000000000000007,2.84,9.42736647983536
1.28,Ideal,H,SI2,61.8,57.0,0.03000000000000025,2.6499999999999995,8.665411359038302
0.96,Very Good,D,SI2,60.2,63.0,0.0600000000000005,2.4899999999999998,8.215950020821042
1.1,Premium,H,SI1,62.1,58.0,0.020000000000000462,2.49,8.523611828796446
0.71,Very Good,I,SI1,58.9,59.0,-0.05999999999999961,2.42,7.7028373563485495
0.9,Premium,G,I1,62.3,53.0,0.040000000000000036,2.3000000000000003,7.74180843585185
1.18,Good,D,SI2,61.7,63.0,-0.04999999999999982,2.59,8.583127678454142
0.7,Ideal,E,SI1,61.1,56.0,-0.03000000000000025,2.2600000000000002,7.929357092948327
0.57,Ideal,G,SI1,62.0,55.0,0.02999999999999936,2.0100000000000002,7.293116046356722
1.03,Ideal,E,VVS2,61.9,57.0,-0.040000000000000036,2.49,9.184423521534505
2.51,Very Good,I,SI2,62.3,57.0,-0.07000000000000028,3.3199999999999994,9.678475432201086
0.43,Good,H,VVS1,60.0,61.0,-0.019999999999999574,1.9799999999999995,6.927809706213041
1.51,Ideal,E,SI2,60.5,57.0,-0.040000000000000036,2.9399999999999995,9.169518837189887
0.84,Ideal,I,VS1,61.4,57.0,-0.05999999999999961,2.3699999999999997,8.051293475149416
1.83,Premium,I,VS1,61.9,57.0,0.0600000000000005,2.9699999999999998,9.450085224240253
0.91,Premium,D,VS2,62.7,59.0,0.03000000000000025,2.28,8.549292253676617
0.51,Ideal,E,VS2,61.8,56.0,-0.019999999999999574,1.9699999999999998,7.340071301792867
0.55,Ideal,F,VS1,60.6,56.0,-0.040000000000000036,2.13,7.5840769187197985
0.73,Ideal,I,VS2,61.7,55.0,-0.03000000000000025,2.24,7.7614232042302325
0.4,Premium,E,VS1,62.8,59.0,0.040000000000000036,1.71,6.980599494082093
1.21,Very Good,F,VS2,61.6,58.0,-0.08999999999999986,2.67,9.06199733326359
1.02,Premium,F,VS2,61.3,58.0,0.1200000000000001,2.4499999999999997,8.765897566867851
0.72,Premium,J,VVS1,61.4,61.0,0.0699999999999994,2.18,7.680570096953278
1.21,Good,H,SI1,58.2,58.0,-0.02999999999999936,2.9399999999999995,8.686519428884106
0.7,Fair,J,VS2,64.6,58.0,0.020000000000000462,1.9599999999999995,7.426031783932993
0.37,Ideal,F,VS1,61.1,57.0,0.040000000000000036,1.7800000000000002,6.828612344469868
1.01,Very Good,D,VVS2,59.8,57.0,-0.08999999999999986,2.67,9.19058472219022
0.73,Very Good,E,VS2,62.9,58.0,-0.04999999999999982,2.15,7.975881276423746
0.31,Good,G,VS2,63.4,59.0,-0.03000000000000025,1.5900000000000003,6.318557701697396
1.0,Good,D,I1,57.8,62.0,0.040000000000000036,2.7199999999999998,8.01437820495621
1.5,Ideal,I,VS2,62.6,55.0,0.08000000000000007,2.71,9.170721720179579
0.4,Ideal,G,VVS1,62.4,57.0,0.040000000000000036,1.77,7.067559578369004
1.5,Ideal,G,SI2,63.0,57.0,0.10999999999999943,2.63,9.067806430803621
1.06,Very Good,H,VS2,62.4,56.0,-0.0699999999999994,2.4899999999999993,8.656863714844606
0.41,Ideal,E,VVS2,61.9,56.0,-0.03000000000000025,1.83,7.022077388437834
0.3,Ideal,F,IF,61.7,58.0,-0.020000000000000462,1.6600000000000001,6.596481861793971
0.9,Premium,I,SI1,59.6,60.0,0.1299999999999999,2.4800000000000004,8.085402657353944
0.31,Ideal,G,VVS2,62.4,56.0,0.03000000000000025,1.62,6.708179756144359
0.54,Ideal,F,VS2,62.2,57.0,-0.03000000000000025,1.9900000000000002,7.400450631999851
0.31,Ideal,E,VS1,61.8,55.0,-0.019999999999999574,1.6799999999999997,6.543654969662038
0.59,Premium,G,VS1,62.5,53.0,0.11000000000000032,1.9699999999999998,7.523359587952176
1.0,Very Good,F,SI2,62.2,55.0,-0.05000000000000071,2.45,8.367882281518598
2.14,Premium,H,SI1,62.3,58.0,0.05999999999999872,3.080000000000001,9.64997630781681
0.54,Ideal,F,VS1,61.5,55.0,-0.009999999999999787,2.0299999999999994,7.533134006593737
1.52,Good,J,VS2,63.5,58.0,-0.040000000000000036,2.67,8.981809120966899
0.89,Premium,G,SI1,61.1,58.0,0.07000000000000028,2.38,8.070454341915063
0.35,Ideal,E,SI1,61.2,57.0,-0.040000000000000036,1.7799999999999998,6.445437401357794
2.0,Premium,H,SI1,60.1,61.0,0.030000000000001137,3.2199999999999998,9.647828807831916
0.5,Good,F,VS2,63.2,58.0,-0.03000000000000025,1.8600000000000003,7.061775857646975
0.33,Premium,I,IF,62.0,58.0,0.019999999999999574,1.6800000000000006,6.661604743416827
1.23,Very Good,G,SI2,63.4,58.0,0.03000000000000025,2.4699999999999998,8.59842629909226
0.31,Very Good,I,VVS2,61.6,59.0,-0.020000000000000462,1.67,6.318759097330743
0.3,Premium,F,SI2,62.6,61.0,0.040000000000000036,1.56,6.213407014043529
0.8,Ideal,I,VS2,61.6,58.0,-0.040000000000000036,2.33,7.947417291844804
1.51,Fair,D,SI1,64.1,60.0,0.0699999999999994,2.5300000000000002,9.282574329348622
0.3,Very Good,G,VVS2,63.3,57.0,0.03999999999999915,1.5400000000000005,6.472273642424389
1.02,Very Good,E,SI1,60.5,63.0,0.05999999999999961,2.5400000000000005,8.57679504517628
0.74,Very Good,G,SI2,63.3,57.0,0.03000000000000025,2.08,7.634329206816724
1.11,Premium,H,SI2,61.9,59.0,0.040000000000000036,2.4899999999999993,8.373387954165338
0.52,Ideal,F,SI2,62.1,55.0,-0.03000000000000025,1.9699999999999998,7.049465986083401
1.23,Ideal,H,I1,61.9,61.0,0.05999999999999961,2.5700000000000003,8.27299831995682
1.37,Premium,H,VS1,60.9,59.0,-0.07000000000000028,2.8500000000000005,9.02530822198142
0.72,Very Good,E,SI1,62.6,59.0,-0.04999999999999982,2.15,7.883478204521956
2.01,Premium,G,SI2,59.8,58.0,0.0600000000000005,3.2600000000000007,9.53339022200501
0.42,Ideal,G,VVS1,62.8,55.0,-0.019999999999999574,1.79,7.037946276854154
0.41,Very Good,D,VS2,62.3,58.0,-0.009999999999999787,1.7999999999999998,6.806497576378993
0.39,Very Good,I,VS2,59.6,57.0,-0.05000000000000071,1.9600000000000004,6.467809969305798
0.3,Ideal,E,VS1,62.1,54.2,-0.020000000000000462,1.6400000000000001,6.393783383499799
0.8,Ideal,D,SI2,61.5,58.0,-0.03000000000000025,2.32,8.039358275821655
0.65,Premium,E,SI2,61.4,59.0,0.05000000000000071,2.1099999999999994,7.405662431134807
1.01,Ideal,G,SI1,62.2,55.0,-0.019999999999999574,2.45,8.538775551789454
0.46,Very Good,G,VS1,62.8,57.0,0.08999999999999986,1.77,6.9956337211052295
0.55,Ideal,G,VS2,60.4,56.0,0.07000000000000028,2.0799999999999996,7.4049561850104215
0.3,Ideal,G,VS1,61.8,55.0,-0.020000000000000462,1.6600000000000001,6.3089951186501025
1.38,Premium,J,VS2,60.2,59.0,0.09999999999999964,2.83,8.846117165790313
0.38,Ideal,E,VVS1,62.3,56.0,-0.03000000000000025,1.77,6.96162965505178
0.5,Very Good,F,VVS2,63.0,57.0,-0.040000000000000036,1.88,7.3576541197341525
0.34,Ideal,G,VS2,62.0,56.0,0.03000000000000025,1.69,6.649950129534962
2.5,Fair,G,SI2,67.0,57.0,0.07000000000000028,2.709999999999999,9.490016553400688
0.32,Very Good,D,SI1,63.5,55.0,0.040000000000000036,1.5599999999999996,6.5071858752903315
0.53,Good,H,SI1,63.9,55.0,0.05000000000000071,1.8399999999999999,7.037813642659102
0.56,Ideal,E,VS2,62.8,57.0,-0.020000000000000462,1.9500000000000006,7.417909467353848
0.61,Very Good,F,VS2,61.8,56.0,-0.040000000000000036,2.1,7.561836276332821
1.08,Very Good,E,SI2,63.0,56.0,-0.019999999999999574,2.42,8.458659634391518
0.71,Ideal,H,VS1,61.7,55.0,-0.019999999999999574,2.21,7.948421418577534
0.76,Very Good,I,VS1,63.1,58.0,-0.020000000000000462,2.14,7.793207284766958
0.35,Good,F,SI1,63.6,54.0,-0.009999999999999787,1.6499999999999995,6.341083671227923
0.9,Premium,F,SI2,62.3,57.0,0.02999999999999936,2.3100000000000005,8.130721468584287
0.34,Premium,F,VS2,62.6,58.0,-0.03000000000000025,1.6900000000000004,6.5341126692431075
0.34,Premium,E,VS2,61.9,58.0,0.020000000000000462,1.6799999999999997,6.7547432601636315
0.5,Premium,E,VS2,58.6,60.0,0.04999999999999982,2.12,7.2671158134884255
0.3,Premium,G,VS1,60.8,61.0,0.03000000000000025,1.6799999999999997,6.46854614661002
0.32,Ideal,F,VS2,61.1,57.0,-0.02999999999999936,1.7499999999999996,6.46477610588245
1.22,Premium,E,SI1,59.7,61.0,0.1299999999999999,2.74,8.85859852138299
1.7,Good,J,VS2,63.6,59.0,0.04999999999999982,2.710000000000001,9.148651026311724
0.52,Ideal,J,IF,62.1,56.0,0.05999999999999961,1.92,7.395238583539556
0.35,Premium,D,VS2,59.7,58.0,0.040000000000000036,1.83,6.768471368356387
1.01,Premium,F,SI2,60.0,59.0,0.1299999999999999,2.5500000000000003,8.361189779620624
0.41,Very Good,E,VVS1,62.9,59.0,-0.040000000000000036,1.7799999999999998,7.064874217048529
0.3,Very Good,H,VVS2,63.1,60.0,0.040000000000000036,1.5500000000000003,6.412913914260003
0.52,Ideal,D,SI1,61.5,55.0,0.02999999999999936,1.9900000000000002,7.3689696979995665
0.52,Good,E,VS2,64.3,56.0,-0.1200000000000001,1.8699999999999997,7.311823073272907
0.49,Very Good,G,IF,59.7,56.0,-0.03000000000000025,2.1000000000000005,7.456049079016091
0.4,Very Good,H,SI1,62.1,62.0,-0.03000000000000025,1.8000000000000003,6.452060300696954
1.89,Ideal,H,VS1,61.6,56.0,-0.03000000000000025,3.0600000000000005,9.596532541757567
0.51,Ideal,G,VVS2,62.1,55.5,-0.04999999999999982,1.9499999999999997,7.461599254285294
1.02,Premium,F,VVS2,61.5,60.0,0.04999999999999982,2.47,9.099193533856411
0.71,Very Good,I,SI1,60.2,58.0,-0.07000000000000028,2.34,7.715787042750122
0.55,Good,E,SI1,63.3,54.0,-0.03000000000000025,1.9300000000000002,7.194655273338898
1.5,Premium,G,VS1,60.8,61.0,0.07000000000000028,2.84,9.511798396931772
1.21,Very Good,D,VVS2,62.4,56.0,-0.07000000000000028,2.59,9.467706899889661
0.55,Good,J,VS1,63.8,61.0,-0.03000000000000025,1.8600000000000003,7.065193326561007
0.51,Premium,I,SI1,62.7,59.0,0.03000000000000025,1.8799999999999994,6.9229281306903125
0.72,Ideal,E,SI1,62.0,57.0,0.05999999999999961,2.1300000000000003,7.888641549419017
1.02,Premium,G,SI1,63.0,55.0,0.04999999999999982,2.3500000000000005,8.518466156221235
0.44,Premium,G,SI1,61.0,60.0,-0.04999999999999982,1.9399999999999995,6.691897536779578
0.9,Ideal,D,SI1,62.5,57.0,-0.08000000000000007,2.35,8.41796780512656
1.11,Premium,F,SI1,60.4,61.0,0.0699999999999994,2.6100000000000003,8.631973479365517
0.9,Very Good,I,VS1,63.3,58.0,-0.02999999999999936,2.2499999999999996,8.172712768013994
0.3,Premium,G,VS1,62.5,59.0,0.07000000000000028,1.5699999999999998,6.473645217206046
0.82,Very Good,H,SI1,63.6,56.0,-0.04999999999999982,2.18,7.901640775076393
0.4,Very Good,G,VVS1,60.9,57.0,-0.040000000000000036,1.8899999999999997,6.944256129352929
0.42,Ideal,G,IF,61.9,53.0,-0.040000000000000036,1.87,7.103145584189264
1.11,Ideal,E,IF,61.8,55.0,-0.040000000000000036,2.5700000000000003,9.390778909343233
0.57,Very Good,E,VVS2,59.6,58.0,-0.020000000000000462,2.19,7.784962143709789
2.01,Ideal,I,SI1,61.9,56.0,0.08000000000000007,3.05,9.622620419461015
0.31,Ideal,E,VS2,61.7,55.0,-0.03000000000000025,1.7000000000000002,6.492952746049459
1.01,Good,D,VS2,63.1,60.0,-0.040000000000000036,2.37,8.805835284442658
1.09,Ideal,E,VVS2,61.6,56.0,-0.040000000000000036,2.5599999999999996,9.259195010150627
0.41,Very Good,F,SI2,60.8,58.0,-0.04999999999999982,1.9100000000000001,6.494185230400935
0.51,Very Good,E,VS2,60.5,56.0,-0.0600000000000005,2.0900000000000003,7.365052259464821
1.12,Ideal,F,VS2,62.6,56.0,-0.040000000000000036,2.49,8.926691461292206
0.57,Ideal,G,VVS2,60.7,55.0,0.020000000000000462,2.09,7.6618628973655145
0.31,Premium,G,VS1,62.9,58.0,0.04999999999999982,1.5799999999999996,6.600215660109466
0.3,Premium,H,VS1,62.6,59.0,-0.040000000000000036,1.6199999999999997,6.222541356253852
0.3,Very Good,E,VS2,60.7,63.0,-0.02999999999999936,1.7199999999999998,6.288020280560712
2.58,Premium,H,SI2,62.6,57.0,0.03999999999999915,3.25,9.596424098896687
1.21,Ideal,D,SI2,62.0,57.0,-0.020000000000000462,2.5999999999999996,8.707585733620883
1.26,Premium,H,SI2,62.0,56.0,0.040000000000000036,2.5999999999999996,8.641869564374884
0.56,Ideal,G,VVS2,62.1,56.0,0.019999999999999574,2.0,7.619766983266041
0.41,Good,G,SI2,63.7,55.0,-0.04999999999999982,1.7400000000000002,6.428535893198165
1.56,Premium,F,SI2,58.8,59.0,0.14999999999999947,3.0900000000000007,9.102405737360177
1.54,Premium,G,VS1,61.9,59.0,0.03000000000000025,2.79,9.520909421232364
1.03,Ideal,J,SI1,61.7,56.0,-0.040000000000000036,2.5100000000000007,8.319063733750768
1.0,Good,H,SI1,63.8,53.0,0.1200000000000001,2.2299999999999995,8.343675535395704
1.53,Premium,I,SI1,62.6,57.0,0.08999999999999986,2.7,9.071374709260251
1.03,Premium,G,VS1,62.1,59.0,0.08000000000000007,2.4000000000000004,8.800195337380485
0.7,Ideal,H,VVS1,62.3,55.0,-0.040000000000000036,2.16,7.946739372591613
0.71,Very Good,J,SI2,60.7,61.0,-0.05999999999999961,2.3,7.556591742280814
0.79,Good,H,SI2,59.2,58.0,-0.020000000000000462,2.4800000000000004,7.775070547818166
1.01,Good,E,VS2,60.8,63.0,-0.019999999999999574,2.54,8.775940583024013
0.71,Ideal,H,VS1,60.9,58.0,-0.04999999999999982,2.2800000000000002,7.966766747052695
0.31,Premium,F,VS2,61.3,59.0,0.03000000000000025,1.6599999999999997,6.631899103462322
2.09,Premium,H,SI2,61.4,60.0,0.040000000000000924,3.1499999999999995,9.57370219377797
1.15,Ideal,G,VS1,61.9,56.0,-0.020000000000000462,2.5700000000000003,9.007889859525532
1.2,Ideal,G,VVS1,62.2,57.0,-0.040000000000000036,2.59,9.276166926517849
0.35,Premium,G,VVS2,62.4,56.0,0.0600000000000005,1.6599999999999997,6.781501430320077
0.4,Very Good,G,VVS2,59.2,63.0,0.07000000000000028,1.9399999999999995,6.929534312703225
0.42,Ideal,G,IF,61.5,56.0,-0.009999999999999787,1.8699999999999997,7.103145584189264
0.33,Ideal,E,VVS2,61.7,57.0,-0.03000000000000025,1.7100000000000004,6.7292244912287025
0.54,Very Good,I,SI2,62.9,57.0,-0.03000000000000025,1.94,6.861808090239422
2.02,Premium,I,VS2,61.2,60.0,0.08999999999999986,3.130000000000001,9.644066228146066
0.23,Very Good,F,VVS2,58.1,63.0,-0.040000000000000036,1.7200000000000002,6.1015794745720715
1.08,Good,H,VVS1,63.1,57.0,-0.05000000000000071,2.4400000000000004,8.82372970485931
1.06,Ideal,F,VVS2,61.1,57.0,0.04999999999999982,2.54,9.178171452601662
0.41,Premium,G,VVS1,59.9,59.0,0.040000000000000036,1.9100000000000001,7.060496736139104
2.01,Very Good,I,VS1,62.9,62.0,-0.03999999999999915,2.9899999999999993,9.646615670726575
0.4,Premium,D,VS1,62.1,58.0,-0.03000000000000025,1.8000000000000003,6.894656981552689
0.31,Ideal,H,IF,60.8,57.0,-0.020000000000000462,1.7300000000000004,6.639588065973501
1.51,Ideal,I,SI1,61.2,58.0,-0.05000000000000071,2.8900000000000006,9.146527285608453
0.52,Ideal,F,VS1,61.3,56.0,-0.02999999999999936,2.03,7.525143541899923
0.73,Fair,I,I1,70.8,55.0,0.16999999999999993,1.5,6.976154474947813
0.7,Very Good,J,SI1,61.1,60.0,-0.040000000000000036,2.23,7.483562343677127
0.32,Premium,F,SI1,60.0,59.0,0.03000000000000025,1.7599999999999998,6.50511170396596
0.75,Ideal,E,SI1,62.0,57.0,0.019999999999999574,2.1900000000000004,7.954203123799926
2.01,Good,D,SI2,64.6,55.0,-0.13000000000000078,2.87,9.606995077740768
0.56,Very Good,E,IF,61.0,59.0,-0.05999999999999961,2.0999999999999996,7.8586866404850095
1.19,Ideal,H,VS2,62.0,54.0,-0.040000000000000036,2.6100000000000003,8.834782528927978
0.39,Ideal,G,VVS1,62.3,57.0,0.0600000000000005,1.7299999999999995,7.0505836724585915
1.01,Very Good,I,VS1,61.7,59.0,-0.05999999999999961,2.51,8.52826015987147
0.79,Ideal,H,IF,61.3,56.0,-0.020000000000000462,2.3200000000000003,8.241078243933512
1.31,Ideal,G,VVS2,60.3,56.0,-0.0600000000000005,2.8600000000000003,9.320696580409036
0.51,Ideal,G,VVS1,60.5,59.0,-0.03000000000000025,2.0600000000000005,7.587403469536903
0.57,Ideal,D,VS1,61.7,56.0,-0.020000000000000462,2.0500000000000003,7.6982718238128625
0.32,Ideal,D,VS2,62.0,55.0,-0.040000000000000036,1.69,6.553672113423474
1.3,Very Good,J,VS2,63.3,57.0,0.020000000000000462,2.55,8.644667579582702
1.53,Ideal,F,SI1,62.2,55.0,-0.020000000000000462,2.8,9.379388253709479
1.01,Premium,H,SI1,58.2,62.0,0.05999999999999961,2.7000000000000006,8.422075619985625
1.01,Premium,J,SI2,61.8,60.0,-0.040000000000000036,2.46,8.190605226423997
0.34,Ideal,H,IF,62.0,53.0,-0.019999999999999574,1.7199999999999998,6.750468285015168
0.25,Very Good,E,VVS2,62.2,58.0,-0.08000000000000007,1.5800000000000005,6.2194959862324515
0.33,Premium,G,VS1,61.3,58.0,0.03000000000000025,1.6999999999999997,6.636948708657034
0.32,Very Good,F,SI1,62.7,57.0,-0.03000000000000025,1.6500000000000004,6.272786407410517
0.31,Ideal,D,VS2,62.9,55.0,0.03000000000000025,1.5899999999999994,6.734509635408721
1.16,Ideal,G,VVS1,62.0,57.0,-0.020000000000000462,2.5700000000000003,9.164323668722508
0.36,Premium,D,VS2,60.5,58.0,-0.03000000000000025,1.8399999999999999,6.672651074862952
1.07,Ideal,E,VS2,60.0,56.0,0.019999999999999574,2.64,8.933860285189894
1.74,Very Good,H,SI2,62.1,59.0,-0.1299999999999999,2.99,9.27628536122335
0.32,Very Good,I,VS2,62.8,58.0,-0.040000000000000036,1.6400000000000001,6.152770625135803
0.5,Ideal,G,VVS1,62.2,56.0,-0.020000000000000462,1.94,7.429037445111323
1.0,Premium,G,VS2,62.2,58.0,0.04999999999999982,2.5500000000000003,8.680681525327342
0.83,Very Good,I,VS1,61.1,60.0,-0.02999999999999936,2.3799999999999994,8.024047221930351
1.07,Very Good,H,SI1,60.4,58.0,-0.0600000000000005,2.6800000000000006,8.533264220631597
0.91,Fair,D,SI1,64.7,61.0,0.0699999999999994,2.0900000000000003,8.19915332869017
0.72,Ideal,D,VS2,62.1,54.0,-0.04999999999999982,2.2199999999999998,8.115980516722406
1.5,Premium,E,SI2,62.7,59.0,0.08000000000000007,2.67,9.106638729778002
1.01,Fair,H,VS1,61.4,66.0,0.09999999999999964,2.37,8.565893115354568
0.31,Premium,E,VVS1,61.8,59.0,-0.020000000000000462,1.6600000000000001,6.770462160222551
0.52,Ideal,G,VVS2,62.1,57.0,-0.040000000000000036,1.9699999999999998,7.526379012882221
0.72,Ideal,G,VS1,61.2,57.0,-0.03000000000000025,2.2600000000000002,8.043442260237097
0.35,Premium,D,VVS1,60.8,58.0,-0.019999999999999574,1.79,6.9755772234789255
0.36,Ideal,E,VS2,61.7,55.0,-0.02999999999999936,1.7699999999999996,6.64544313288004
1.63,Ideal,G,VS1,61.7,55.0,0.040000000000000036,2.88,9.613869285279582
1.02,Very Good,D,SI2,58.6,63.0,0.019999999999999574,2.7,8.375260700218528
1.24,Premium,H,VS2,61.2,59.0,-0.040000000000000036,2.6999999999999993,8.838696792953423
1.51,Ideal,I,SI1,61.8,56.0,0.03000000000000025,2.79,9.127937900306087
1.28,Premium,H,SI2,62.5,62.0,0.04999999999999982,2.54,8.610705700988836
0.61,Ideal,I,VVS1,62.5,54.0,-0.0600000000000005,2.08,7.594300916413271
0.91,Premium,E,SI2,62.8,59.0,0.03000000000000025,2.27,8.157632001766425
0.3,Premium,H,VS1,62.6,59.0,0.040000000000000036,1.5799999999999996,6.394894374136229
0.41,Ideal,E,VVS1,61.3,56.0,0.019999999999999574,1.85,7.2065495951313085
0.91,Very Good,D,SI2,61.5,56.0,-0.04999999999999982,2.4299999999999997,8.262025591991842
0.32,Premium,G,VS2,62.6,58.0,0.019999999999999574,1.63,6.580700476512511
0.7,Ideal,I,VVS2,62.5,54.0,-0.03000000000000025,2.15,7.7471448158776886
0.38,Very Good,E,VS2,59.2,60.0,-0.03999999999999915,1.9599999999999995,6.617300680602517
1.21,Ideal,H,SI1,60.3,60.0,0.03000000000000025,2.7199999999999998,8.710956713166707
0.37,Premium,F,SI1,60.3,58.0,0.040000000000000036,1.8200000000000003,6.611567387101428
0.33,Premium,H,VS1,61.5,58.0,-0.07000000000000028,1.7399999999999998,6.3733407257101975
0.92,Premium,H,SI1,59.0,59.0,0.05000000000000071,2.5699999999999994,8.217466816775756
0.31,Ideal,E,VS2,61.0,56.0,-0.040000000000000036,1.7199999999999998,6.492952746049459
0.32,Ideal,F,VVS1,62.1,56.0,-0.040000000000000036,1.6899999999999995,6.759761015764555
0.34,Premium,G,VS2,61.3,58.0,0.020000000000000462,1.7399999999999998,6.636600005089564
2.03,Very Good,E,SI2,58.8,59.0,-0.049999999999998934,3.4299999999999997,9.615742531093963
0.57,Ideal,H,IF,61.0,57.0,-0.03000000000000025,2.11,7.6615179428592715
0.32,Very Good,D,IF,62.0,56.0,-0.040000000000000036,1.6999999999999997,7.012850052674516
0.55,Ideal,G,VVS2,62.2,54.0,-0.0699999999999994,2.03,7.581206160172717
0.31,Ideal,F,SI1,61.7,55.0,-0.020000000000000462,1.6800000000000002,6.3115641945735845
0.59,Very Good,D,SI1,62.3,54.0,-0.03000000000000025,2.0500000000000003,7.429526302620961
2.01,Very Good,H,SI1,60.6,62.0,-0.02999999999999936,3.1900000000000004,9.660261091300091
0.78,Ideal,I,VS2,59.8,58.0,-0.03999999999999915,2.4299999999999997,7.834099378883874
1.01,Premium,H,SI1,62.8,58.0,0.019999999999999574,2.3600000000000003,8.427583559119718
1.01,Very Good,E,VVS2,63.3,55.0,0.04999999999999982,2.3200000000000003,9.088193324101514
1.18,Very Good,D,I1,61.5,62.0,-0.14999999999999947,2.6899999999999995,8.344756810470063
1.01,Premium,G,SI2,63.0,58.0,0.04999999999999982,2.31,8.312967295344361
0.54,Ideal,F,SI2,61.1,56.0,0.040000000000000036,2.0199999999999996,7.1312638614915125
1.2,Ideal,E,SI2,61.1,55.0,0.03000000000000025,2.66,8.66714139297178
1.01,Premium,G,VS2,59.8,61.0,0.08999999999999986,2.5600000000000005,8.682335651731508
1.53,Ideal,F,SI1,61.5,56.0,-0.040000000000000036,2.8600000000000003,9.390458769119725
0.54,Premium,F,SI1,60.4,58.0,0.08999999999999986,2.0300000000000002,7.2719852815082175
0.3,Very Good,F,VS2,62.7,58.0,-0.04999999999999982,1.6199999999999997,6.250653237211661
1.43,Very Good,H,SI1,61.7,59.0,-0.05999999999999961,2.8099999999999996,9.047782014644696
1.23,Ideal,H,SI2,61.4,54.0,0.009999999999999787,2.6800000000000006,8.623682120515939
1.01,Good,G,VS1,63.7,57.0,0.04999999999999982,2.2800000000000002,8.730296909818469
0.3,Ideal,D,VS2,62.5,57.0,-0.040000000000000036,1.62,6.389820661923977
0.52,Very Good,H,SI1,61.3,60.0,-0.08000000000000007,2.0500000000000003,7.067084856217328
0.3,Ideal,E,VVS2,61.7,57.0,0.03000000000000025,1.6399999999999997,6.642631727288151
1.52,Ideal,F,SI1,61.5,55.0,0.03000000000000025,2.84,9.374163502898508
0.35,Very Good,G,VS1,62.5,55.0,-0.040000000000000036,1.7199999999999998,6.517416983133681
0.73,Very Good,E,VS1,62.3,58.0,-0.020000000000000462,2.1700000000000004,8.039397890507596
1.35,Premium,J,SI1,60.9,59.0,-0.04999999999999982,2.8,8.663978139732484
1.08,Premium,D,SI1,62.6,56.0,0.04999999999999982,2.4400000000000004,8.674324402577877
0.92,Very Good,F,SI2,62.8,56.0,-0.040000000000000036,2.3300000000000005,8.173454800644114
0.68,Premium,G,VS1,58.6,59.0,0.03000000000000025,2.3799999999999994,7.826158739132878
2.01,Premium,I,SI2,62.3,59.0,0.040000000000000036,2.9899999999999993,9.539592937218659
0.83,Ideal,G,VVS1,61.9,56.0,-0.019999999999999574,2.3099999999999996,8.399770936205696
0.72,Ideal,G,VS2,62.0,56.0,-0.040000000000000036,2.21,7.962682816054301
0.32,Ideal,F,SI1,61.4,54.0,-0.020000000000000462,1.7200000000000002,6.331881258043847
1.02,Ideal,G,VS1,61.4,57.0,-0.040000000000000036,2.5100000000000002,8.856687772725518
1.11,Good,D,SI2,60.1,63.0,-0.020000000000000462,2.6800000000000006,8.484527450176916
1.31,Ideal,I,SI2,63.6,55.0,0.0600000000000005,2.5,8.607320020804261
0.36,Very Good,E,VS2,62.9,56.0,-0.020000000000000462,1.69,6.596107174786314
0.71,Ideal,F,I1,60.1,57.0,0.03000000000000025,2.2899999999999996,7.473164143941997
0.41,Ideal,D,VS1,61.2,57.0,-0.040000000000000036,1.8799999999999994,6.930965758625588
0.23,Very Good,E,VVS2,63.8,57.0,-0.020000000000000018,1.42,6.0704349572315515
0.43,Ideal,G,IF,61.6,57.0,-0.03000000000000025,1.8699999999999997,7.140820157688557
0.7,Ideal,D,VVS2,61.7,55.0,-0.019999999999999574,2.21,8.243167144155226
0.56,Ideal,E,VS1,61.2,56.0,-0.040000000000000036,2.08,7.624047334187647
0.41,Premium,F,VVS2,60.4,58.0,0.040000000000000036,1.8899999999999997,7.051188077483327
0.4,Very Good,E,SI1,60.8,62.0,-0.040000000000000036,1.88,6.602459096315181
0.3,Premium,D,VS2,62.2,60.0,0.019999999999999574,1.6100000000000003,6.575476851270767
1.55,Premium,J,VS1,62.6,59.0,0.05000000000000071,2.7299999999999995,9.064470405803787
0.3,Ideal,G,VVS2,62.7,57.0,-0.0600000000000005,1.6300000000000003,6.397776277135782
0.54,Very Good,D,VS2,60.6,58.0,-0.040000000000000036,2.0999999999999996,7.5116622940052
0.33,Good,G,SI1,63.2,57.0,-0.05000000000000071,1.6500000000000004,6.229100884788874
0.4,Ideal,I,SI1,61.2,55.0,-0.03000000000000025,1.8699999999999997,6.4048623080484095
2.4,Ideal,I,SI2,63.8,58.0,0.040000000000000924,3.0199999999999996,9.659841852199923
0.54,Ideal,E,VS2,60.8,57.0,0.04999999999999982,2.04,7.512152641043488
0.54,Premium,E,VS2,59.0,60.0,0.05999999999999961,2.1700000000000004,7.4873774764243155
1.01,Premium,D,VS1,61.1,61.0,0.05999999999999961,2.47,8.966289390055046
0.4,Premium,F,VS1,61.4,58.0,0.019999999999999574,1.8200000000000003,6.946602660217533
0.32,Ideal,G,VVS1,62.4,56.0,0.02999999999999936,1.6300000000000003,6.825753939143686
1.01,Premium,E,VS2,62.5,58.0,0.040000000000000036,2.3900000000000006,8.780039374216475
0.5,Very Good,F,VVS2,61.9,56.0,-0.03000000000000025,1.96,7.390187532546197
2.0,Fair,J,VS2,65.4,58.0,0.20999999999999996,2.6100000000000003,9.382895562069269
1.04,Very Good,G,VVS2,62.8,54.0,-0.11000000000000032,2.45,8.93463103598689
0.52,Ideal,D,SI1,61.2,57.0,-0.040000000000000036,2.0399999999999996,7.2993734435939555
0.4,Premium,F,VS1,61.1,59.0,-0.040000000000000036,1.8599999999999999,6.822315688778278
1.53,Premium,H,VS1,59.4,59.0,0.07000000000000028,3.0299999999999994,9.305413786233608
0.23,Very Good,E,VS2,62.5,59.0,-0.04999999999999982,1.5,5.900325802904226
0.83,Premium,D,SI2,62.7,56.0,0.02999999999999936,2.2200000000000006,7.992455842752557
1.0,Premium,I,SI2,62.5,56.0,0.08000000000000007,2.34,8.19664623416281
0.51,Premium,H,VVS2,60.8,61.0,0.040000000000000036,1.98,7.423878335524145
0.3,Ideal,D,VVS2,62.1,57.0,-0.03000000000000025,1.6399999999999997,6.512953125536516
0.52,Premium,G,VS2,62.1,58.0,0.02999999999999936,1.9400000000000004,7.337363331732223
0.6,Ideal,G,SI2,59.1,56.0,0.0600000000000005,2.2399999999999998,7.255833763732531
0.45,Very Good,E,SI1,62.8,58.0,-0.040000000000000036,1.83,6.759639969551671
0.48,Very Good,D,IF,60.6,55.0,-0.040000000000000036,2.0300000000000002,7.869937367596774
1.02,Premium,F,VS2,62.4,59.0,0.04999999999999982,2.3900000000000006,8.765897566867851
0.51,Ideal,E,VS2,60.9,56.0,-0.04999999999999982,2.0500000000000003,7.4064990770227785
1.51,Very Good,J,SI1,60.9,59.0,-0.08000000000000007,2.92,8.990267078870316
1.01,Ideal,F,VS1,62.5,54.0,0.03000000000000025,2.3999999999999995,8.90390602644661
1.03,Very Good,E,SI2,62.1,59.0,-0.03000000000000025,2.46,8.438339397487761
0.53,Premium,G,VS2,62.4,59.0,0.03000000000000025,1.92,7.341627959656578
0.71,Premium,E,SI1,62.2,58.0,0.07000000000000028,2.12,7.860030723859064
2.02,Ideal,J,SI2,62.2,57.0,-0.07000000000000028,3.1099999999999994,9.547882608654694
1.0,Fair,H,VS1,65.4,61.0,0.04999999999999982,2.12,8.42406102367525
0.5,Very Good,G,VVS1,59.6,63.0,0.04999999999999982,2.0500000000000003,7.438823916209756
0.7,Very Good,F,SI2,62.3,58.0,-0.05999999999999961,2.17,7.649185602439962
1.15,Ideal,H,SI1,61.9,55.0,-0.02999999999999936,2.59,8.644068235418748
1.54,Premium,E,SI1,59.3,60.0,0.040000000000000036,3.0599999999999996,9.325176443819455
1.01,Ideal,E,VVS2,60.0,55.0,-0.040000000000000036,2.6499999999999995,9.166028242329155
2.19,Premium,I,SI2,60.8,60.0,-0.040000000000000924,3.3000000000000007,9.616231365758207
1.5,Good,E,SI1,64.1,56.0,0.07000000000000028,2.54,9.273785160676729
0.37,Very Good,F,SI1,62.5,58.0,-0.05000000000000071,1.7300000000000004,6.415871501912827
2.07,Premium,F,SI2,60.7,59.0,0.05000000000000071,3.1900000000000004,9.572021164442626
0.71,Very Good,E,VS1,63.3,59.0,-0.040000000000000036,2.0999999999999996,8.005544473373751
1.52,Premium,J,VS1,62.5,58.0,0.03000000000000025,2.74,9.064470405803787
1.26,Good,G,SI1,63.2,61.0,-0.0600000000000005,2.55,8.841390221925126
1.09,Very Good,D,SI2,59.2,63.0,0.040000000000000036,2.71,8.434750255979454
1.08,Ideal,G,VS2,62.3,57.0,-0.040000000000000036,2.49,8.847257867945133
0.32,Very Good,J,SI1,63.2,56.0,0.05000000000000071,1.5699999999999994,6.113755715034247
1.01,Good,E,VS1,63.4,58.0,-0.019999999999999574,2.34,8.870341558713333
0.66,Premium,E,SI1,61.1,56.0,0.05999999999999961,2.17,7.614739170518793
0.7,Very Good,E,VS1,62.7,60.0,-0.04999999999999982,2.1199999999999997,7.92929516408931
0.34,Ideal,G,VVS1,62.5,53.0,0.020000000000000462,1.67,6.8812864496096555
1.01,Ideal,D,SI2,61.2,56.0,-0.04999999999999982,2.52,8.501860851360377
0.8,Very Good,G,VS2,61.1,57.0,-0.0600000000000005,2.3800000000000003,8.127768478128841
1.01,Premium,G,SI1,61.5,59.0,0.05000000000000071,2.4599999999999995,8.518398652736987
0.32,Very Good,H,VVS2,63.4,56.0,0.03000000000000025,1.58,6.561482522034807
0.58,Ideal,F,VS2,61.8,57.0,0.040000000000000036,2.03,7.503830506863696
0.31,Good,H,VS2,63.1,58.0,-0.03000000000000025,1.6099999999999999,6.208531708449226
0.72,Ideal,D,SI1,62.2,56.0,-0.02999999999999936,2.1899999999999995,7.97867406077927
0.37,Premium,F,SI1,61.5,59.0,0.03000000000000025,1.7599999999999998,6.623029385418743
0.56,Ideal,H,VS1,61.8,55.0,-0.040000000000000036,2.0500000000000003,7.38038107436709
0.76,Premium,F,SI2,59.3,59.0,0.040000000000000036,2.4,7.817746796498393
0.93,Very Good,E,SI2,62.5,58.0,-0.03000000000000025,2.35,8.218065543416872
1.1,Very Good,F,VS2,60.6,58.0,-0.09999999999999964,2.6999999999999993,8.900490548331858
1.67,Ideal,G,VS1,61.5,55.0,-0.04999999999999982,2.9699999999999998,9.667411476099092
1.09,Ideal,D,SI2,62.1,56.0,-0.03000000000000025,2.51,8.536045951166106
1.01,Ideal,E,SI2,63.0,56.0,0.040000000000000036,2.32,8.401111532338243
1.0,Very Good,F,VS2,62.9,59.0,-0.0699999999999994,2.45,8.702938715867024
1.06,Ideal,I,SI2,62.8,55.0,0.04999999999999982,2.3899999999999997,8.312962904821932
2.06,Very Good,G,SI2,59.0,58.0,-0.08000000000000007,3.460000000000001,9.600179250823782
1.01,Good,G,VS2,63.8,57.0,-0.07000000000000028,2.3200000000000003,8.666205097428472
0.72,Ideal,D,SI2,61.8,56.0,-0.03000000000000025,2.22,7.883393955256673
0.52,Ideal,H,VS2,62.2,56.4,-0.07000000000000028,1.9700000000000002,7.195945137259868
1.32,Premium,G,SI1,60.6,58.0,0.0600000000000005,2.76,8.944830224038531
0.32,Ideal,I,VVS2,62.0,54.9,-0.02999999999999936,1.6799999999999997,6.362845645591789
0.7,Premium,J,VVS2,61.9,58.0,-0.0600000000000005,2.2000000000000006,7.635105595734744
0.37,Premium,G,VS1,58.4,59.0,0.0699999999999994,1.9300000000000006,6.709576461735721
1.51,Very Good,E,VS2,60.8,60.0,-0.0600000000000005,2.9000000000000004,9.554319118994014
2.16,Premium,H,SI2,59.7,60.0,0.08000000000000007,3.3200000000000003,9.572135526870326
0.9,Ideal,D,VS1,61.9,59.0,-0.03000000000000025,2.36,8.68011383651746
0.31,Very Good,E,SI1,63.4,55.0,0.02999999999999936,1.5700000000000003,6.448912171755008
0.9,Ideal,E,VVS2,62.8,54.0,-0.09999999999999964,2.34,8.838165769508043
1.11,Ideal,F,VS2,61.7,55.0,-0.019999999999999574,2.5599999999999996,8.919697689621131
0.32,Very Good,G,VS2,62.6,58.0,-0.019999999999999574,1.6499999999999995,6.353680784062963
0.4,Very Good,F,VVS2,62.9,55.0,-0.03000000000000025,1.77,6.902170785469493
1.16,Ideal,H,SI2,61.9,56.0,-0.03999999999999915,2.59,8.51378143421898
1.03,Premium,D,VVS2,61.7,59.0,0.05000000000000071,2.4499999999999997,9.18744845131877
0.52,Ideal,F,VVS2,60.6,56.0,-0.020000000000000462,2.0700000000000003,7.710588472379918
1.23,Ideal,I,SI1,62.1,57.0,-0.04999999999999982,2.62,8.67368491989239
0.8,Ideal,F,SI1,61.5,54.0,0.07000000000000028,2.29,8.0669443712109
0.92,Very Good,D,SI1,60.7,58.0,-0.1200000000000001,2.55,8.41869346457925
0.53,Premium,G,VS2,62.6,58.0,0.0699999999999994,1.8900000000000001,7.346137121888678
0.35,Ideal,G,IF,60.7,57.0,-0.020000000000000462,1.8200000000000003,6.851432991807092
1.15,Ideal,I,SI2,61.3,57.0,0.07000000000000028,2.58,8.404511268132191
0.9,Premium,E,SI1,61.3,60.0,0.05000000000000071,2.36,8.344266733649325
0.31,Ideal,E,IF,60.4,56.0,0.04999999999999982,1.7199999999999998,6.963654759186327
0.4,Ideal,I,SI1,62.2,55.0,-0.04999999999999982,1.8199999999999994,6.4048623080484095
1.79,Premium,G,VS2,61.2,58.0,0.08000000000000007,3.0100000000000007,9.662004065118019
0.61,Premium,D,VS2,62.3,55.0,0.04999999999999982,2.03,7.666585251677386
0.39,Ideal,G,VS2,62.5,54.0,-0.03000000000000025,1.77,6.683569254486872
0.35,Premium,H,SI1,61.0,62.0,0.040000000000000036,1.7499999999999996,6.4127454062235065
0.41,Good,F,SI1,63.4,57.0,-0.009999999999999787,1.7400000000000002,6.587646524332215
0.37,Very Good,E,VS2,62.3,59.0,-0.03000000000000025,1.7399999999999998,6.595029514445447
0.3,Good,H,VS1,63.2,59.0,0.040000000000000036,1.5599999999999996,6.293669644697299
0.9,Good,F,VS1,62.8,57.0,-0.05999999999999961,2.2899999999999996,8.529987530690468
0.43,Ideal,F,VVS1,61.0,56.0,-0.03000000000000025,1.9200000000000004,7.160538159732174
2.08,Ideal,J,SI2,62.3,55.0,0.0600000000000005,3.0599999999999996,9.518671479784576
1.04,Very Good,H,SI1,63.2,57.0,0.04999999999999982,2.3400000000000007,8.43193277291151
0.71,Very Good,G,VS2,60.9,56.0,-0.03000000000000025,2.2700000000000005,7.943631706847284
0.71,Very Good,E,VS1,61.8,56.0,-0.040000000000000036,2.22,8.10464185452082
0.54,Ideal,D,VS1,61.4,57.0,-0.03000000000000025,2.0300000000000002,7.616595161701973
0.3,Ideal,H,VS1,61.3,56.0,0.020000000000000462,1.6599999999999997,6.408244498581627
0.27,Ideal,I,VS1,61.9,54.0,-0.05000000000000071,1.6100000000000003,6.056500407626165
0.4,Good,J,VS1,64.0,56.0,-0.03000000000000025,1.7000000000000002,6.421440450680729
0.4,Very Good,D,VS1,63.3,57.0,-0.05999999999999961,1.7499999999999996,6.859749421070557
0.34,Ideal,D,VS1,61.2,58.0,-0.04999999999999982,1.7599999999999998,6.698369261812361
0.4,Ideal,I,VVS1,62.3,56.0,-0.03000000000000025,1.7800000000000002,6.766818580322905
0.33,Ideal,G,VS1,61.7,56.0,0.02999999999999936,1.6900000000000004,6.650298833102432
0.3,Premium,H,SI1,62.2,60.0,0.040000000000000036,1.5900000000000003,6.2745087143606435
0.4,Premium,D,SI1,60.9,60.0,-0.040000000000000036,1.8800000000000003,6.676532810450629
0.91,Very Good,G,SI1,62.8,56.0,-0.040000000000000036,2.3200000000000003,8.255206813862292
0.3,Premium,G,VS1,61.7,60.0,0.040000000000000036,1.6100000000000003,6.473645217206046
1.6,Premium,I,VS1,58.6,58.0,0.05999999999999961,3.1500000000000004,9.240081344553733
1.01,Very Good,E,SI1,63.3,58.0,0.019999999999999574,2.33,8.545069386091102
1.0,Fair,G,VS2,69.8,54.0,0.08999999999999986,1.7600000000000007,8.482252265150251
1.75,Ideal,H,I1,61.5,54.9,-0.03000000000000025,3.0,8.876608504226057
0.62,Very Good,I,VS2,60.7,57.3,-0.03999999999999915,2.1899999999999995,7.3648430111946865
0.31,Ideal,F,VS2,61.6,56.0,0.03000000000000025,1.6599999999999997,6.64524922790772
0.51,Ideal,I,VS2,60.6,57.0,-0.04999999999999982,2.07,7.066748964884617
1.29,Ideal,H,SI1,62.1,55.0,-0.040000000000000036,2.66,8.880678106358744
1.5,Good,H,VS2,63.6,58.0,-0.04999999999999982,2.6599999999999993,9.236386209196652
0.74,Premium,J,SI1,61.6,59.0,0.05000000000000071,2.1999999999999997,7.5616955086754185
0.32,Ideal,D,VS1,61.2,55.0,-0.040000000000000036,1.7400000000000002,6.6112408656439925
0.3,Ideal,G,VVS1,61.8,56.0,-0.03000000000000025,1.6800000000000002,6.468260175249975
1.52,Very Good,I,SI1,62.8,62.0,-0.05999999999999961,2.7300000000000004,9.076467234238423
0.73,Premium,F,VS2,62.3,60.0,0.03999999999999915,2.1500000000000004,7.937663947319683
1.63,Ideal,I,SI1,61.3,56.0,0.08000000000000007,2.8999999999999995,9.225109669768697
1.0,Good,D,SI2,64.5,59.0,-0.05999999999999961,2.26,8.365786374919885
1.0,Very Good,G,SI2,62.4,60.0,-0.05000000000000071,2.41,8.334173505120884
0.76,Fair,H,I1,64.5,57.0,0.03000000000000025,2.03,7.187349317506923
0.42,Very Good,E,SI1,62.5,55.0,-0.03000000000000025,1.8200000000000003,6.670250209894896
0.59,Ideal,F,SI2,61.7,54.0,-0.0600000000000005,2.1000000000000005,7.21946063273356
1.22,Premium,H,VS2,60.9,58.0,0.02999999999999936,2.67,8.837617003805034
1.52,Ideal,H,SI1,60.1,60.0,0.08000000000000007,2.9399999999999995,9.236598476047746
0.28,Ideal,I,VS1,61.8,55.0,-0.04999999999999982,1.6400000000000001,6.081823127911216
0.52,Good,G,VVS1,58.3,59.0,-0.040000000000000036,2.2199999999999998,7.6752365514573
0.76,Very Good,H,SI2,59.8,58.0,-0.019999999999999574,2.4,7.747983167641397
0.24,Very Good,F,VVS2,61.8,56.0,-0.03000000000000025,1.56,6.244211957043585
0.73,Premium,E,SI1,61.3,58.0,0.07000000000000028,2.21,7.960026389062776
0.31,Ideal,F,VS2,62.1,53.0,-0.04999999999999982,1.6799999999999997,6.44409464245221
1.15,Very Good,D,SI2,63.5,58.0,0.040000000000000036,2.4300000000000006,8.504806696152029
0.3,Premium,E,VVS2,60.1,59.0,-0.04999999999999982,1.7600000000000002,6.469238099542649
0.41,Ideal,F,VVS1,62.3,56.0,0.020000000000000462,1.7899999999999996,7.148968869574248
0.42,Premium,E,SI1,61.5,58.0,0.05999999999999961,1.8200000000000003,6.836778924358129
0.59,Ideal,E,VS2,61.4,56.0,-0.08999999999999986,2.12,7.571921311512641
1.51,Premium,G,SI1,59.7,58.0,0.04999999999999982,2.99,9.276089703930067
0.92,Fair,H,VS1,56.0,60.0,0.020000000000000462,2.86,8.363308080671262
1.0,Premium,H,SI1,62.2,51.0,0.0699999999999994,2.4000000000000004,8.405185452544437
1.49,Very Good,G,SI2,62.5,58.0,-0.05999999999999961,2.74,9.050377161322029
0.74,Ideal,H,VVS2,61.2,57.0,-0.05999999999999961,2.2899999999999996,8.017842240884836
0.26,Very Good,G,VVS2,62.2,56.0,-0.019999999999999574,1.5599999999999996,6.253753461608417
0.7,Premium,D,SI1,61.8,59.0,0.040000000000000036,2.1299999999999994,7.824272295252841
0.72,Very Good,D,VS2,62.6,59.0,-0.02999999999999936,2.15,8.000341571528137
0.73,Fair,I,VS1,55.9,66.0,0.10000000000000053,2.6199999999999997,7.7872323518383775
1.67,Ideal,I,VS1,61.6,59.0,0.02999999999999936,2.91,9.392342311648573
0.5,Fair,D,VVS2,67.6,57.0,0.11000000000000032,1.5299999999999998,7.443174180394539
1.15,Premium,J,SI1,62.3,55.0,0.09999999999999964,2.4800000000000004,8.379550063720378
0.5,Ideal,G,SI1,62.1,57.0,-0.040000000000000036,1.94,6.908595110554628
1.62,Premium,H,SI2,63.0,58.0,0.05999999999999961,2.7199999999999998,9.09965062707994
0.42,Very Good,F,SI1,62.7,55.0,-0.03000000000000025,1.81,6.634462349187995
0.74,Fair,F,VS2,64.6,55.0,0.08000000000000007,1.98,7.85954574149712
0.41,Ideal,F,VS1,60.6,57.0,0.04999999999999982,1.87,6.968017339622425
0.25,Very Good,F,VVS1,62.2,56.0,-0.010000000000000675,1.5300000000000002,6.3095864058210305
0.41,Very Good,G,IF,60.9,59.0,-0.04999999999999982,1.9099999999999997,7.07141703674129
0.58,Very Good,H,SI1,62.4,55.0,-0.040000000000000036,2.0300000000000002,7.1444070222932
0.91,Very Good,G,SI2,62.9,54.0,-0.08000000000000007,2.3299999999999996,8.136666034891487
0.9,Ideal,H,VS2,62.7,57.0,-0.020000000000000462,2.3000000000000003,8.297630791676871
0.52,Premium,E,VS1,61.6,58.0,0.040000000000000036,1.9599999999999995,7.547851452791463
1.55,Premium,H,SI2,62.0,56.0,0.040000000000000036,2.79,9.046817077846537
0.72,Ideal,F,VS2,59.5,57.0,0.04999999999999982,2.3600000000000003,8.010729753200353
1.5,Very Good,E,SI2,63.5,59.0,0.03000000000000025,2.6399999999999997,9.10122860738546
0.43,Premium,F,VVS2,61.6,60.0,-0.040000000000000036,1.8800000000000003,7.040357005304763
1.57,Very Good,H,VS2,63.4,56.0,0.05999999999999961,2.6900000000000004,9.274689636721256
0.7,Ideal,E,SI1,60.6,57.0,-0.03000000000000025,2.29,7.9206396316074335
0.51,Very Good,J,VS2,58.0,62.0,-0.02999999999999936,2.2199999999999998,6.963820961569092
0.41,Ideal,D,SI1,63.0,56.0,0.04999999999999982,1.7400000000000002,6.8534507551443005
1.02,Ideal,G,I1,61.5,56.0,0.03000000000000025,2.48,8.07806353953794
0.49,Premium,H,SI2,59.9,59.0,0.04999999999999982,2.04,6.780413144846442
0.74,Very Good,H,VS1,61.4,56.0,-0.03000000000000025,2.27,7.9549070706081855
1.01,Premium,E,VS2,60.8,60.0,0.03000000000000025,2.51,8.803514023660034
1.01,Ideal,F,SI1,62.7,54.0,-0.0600000000000005,2.420000000000001,8.58082887487048
0.7,Ideal,E,SI2,61.0,55.0,-0.020000000000000462,2.2600000000000002,7.796931315550058
0.6,Premium,E,SI2,62.0,59.0,0.040000000000000036,2.0300000000000002,7.237783080352113
0.71,Ideal,D,VS1,62.1,57.0,-0.03000000000000025,2.1800000000000006,8.10126966792504
0.49,Good,F,VS1,63.6,59.0,0.03000000000000025,1.7799999999999998,7.184249978402914
2.26,Ideal,J,VS2,61.1,57.0,-0.030000000000001137,3.3000000000000007,9.590179002981134
0.27,Premium,E,VS1,61.5,58.0,0.04999999999999982,1.5899999999999999,6.426620528923816
1.25,Premium,G,SI1,60.7,58.0,0.0699999999999994,2.6900000000000004,8.87952496530099
0.9,Premium,F,VS2,62.3,58.0,0.020000000000000462,2.3099999999999996,8.446632250167408
0.32,Ideal,G,IF,62.1,53.0,-0.03000000000000025,1.6900000000000004,6.769268037961314
0.4,Very Good,F,SI1,62.9,58.0,-0.02999999999999936,1.7599999999999998,6.578162295856478
0.32,Ideal,F,VVS1,61.7,56.0,0.019999999999999574,1.6800000000000002,6.90529135873149
0.4,Ideal,F,VVS2,61.1,57.0,0.0699999999999994,1.8200000000000003,7.0593021660805775
1.01,Good,F,SI2,63.2,59.0,-0.03000000000000025,2.3600000000000003,8.35836832432622
0.25,Very Good,F,VVS2,62.4,55.0,-0.02999999999999936,1.5399999999999996,6.250517413887397
0.33,Premium,E,VS2,61.0,60.0,0.04999999999999982,1.71,6.700884423658814
1.03,Very Good,D,SI1,62.6,58.0,-0.04999999999999982,2.4400000000000004,8.632986698935406
0.45,Good,G,IF,59.6,61.0,-0.040000000000000036,2.05,7.162107732197552
0.35,Ideal,D,VS2,60.7,56.0,-0.040000000000000036,1.8199999999999998,6.629379745512089
0.71,Very Good,D,VVS2,61.0,56.0,-0.040000000000000036,2.27,8.301293737861883
1.09,Very Good,H,SI1,61.8,58.0,-0.04999999999999982,2.55,8.525717765479447
1.01,Fair,F,VS1,61.7,61.0,0.10999999999999943,2.45,8.830069549011474
0.7,Good,I,SI1,63.6,55.0,0.040000000000000036,2.02,7.539186459149532
1.02,Premium,H,SI1,62.6,59.0,0.04999999999999982,2.37,8.449983470652695
0.59,Premium,H,SI1,62.9,60.0,0.09999999999999964,1.9100000000000001,7.206017668971614
0.7,Ideal,G,VVS2,61.0,56.0,-0.02999999999999936,2.26,8.058525480555558
0.56,Premium,F,VS1,58.2,60.0,0.03000000000000025,2.2399999999999998,7.645540862899079
0.38,Ideal,F,VS2,62.8,57.0,0.040000000000000036,1.69,6.801185048359853
0.72,Ideal,G,SI1,61.8,56.0,-0.03000000000000025,2.2,7.890822992231756
0.3,Ideal,E,VS1,62.2,54.0,-0.019999999999999574,1.63,6.393783383499799
0.79,Ideal,E,VS2,62.2,55.0,0.0699999999999994,2.2100000000000004,8.142997889560085
1.13,Ideal,D,SI1,61.4,56.0,-0.04999999999999982,2.62,8.821881160741126
0.3,Premium,D,SI1,62.7,60.0,0.02999999999999936,1.5700000000000003,6.441785765993556
0.51,Premium,E,SI1,58.2,61.0,0.04999999999999982,2.17,7.217224249468425
0.3,Good,G,VS2,63.5,55.0,-0.03000000000000025,1.56,6.205126439350369
1.55,Premium,G,SI1,60.1,58.0,0.04999999999999982,2.920000000000001,9.298887252807933
0.73,Very Good,F,VVS2,62.1,57.0,-0.019999999999999574,2.19,8.151063920144756
0.71,Very Good,D,SI1,63.2,56.0,-0.040000000000000036,2.1200000000000006,7.905746023840261
0.7,Premium,G,VS2,58.7,53.0,0.03000000000000025,2.4,7.829402441489669
0.31,Premium,H,SI1,62.8,58.0,0.040000000000000036,1.58,6.334180198481583
1.0,Premium,G,SI2,62.5,59.0,0.08000000000000007,2.35,8.302956096636569
1.19,Very Good,G,SI2,63.4,56.0,0.13000000000000078,2.3599999999999994,8.501170277612209
0.31,Good,H,SI1,63.6,57.0,-0.02999999999999936,1.5799999999999996,6.0910696332119265
2.29,Premium,J,IF,61.4,60.0,0.040000000000000924,3.249999999999999,9.638131161101114
1.51,Premium,G,VS1,62.5,58.0,0.03999999999999915,2.7,9.500744283746874
0.35,Ideal,H,SI1,60.8,56.0,-0.019999999999999574,1.8099999999999996,6.254363436866116
0.71,Ideal,D,SI1,62.5,55.0,-0.04999999999999982,2.1700000000000004,7.962154284854111
0.51,Premium,F,SI1,61.3,59.0,0.040000000000000036,1.9800000000000004,7.181079367360688
2.04,Very Good,H,SI2,60.0,60.0,0.040000000000000924,3.26,9.576339858191657
1.43,Ideal,G,SI1,62.8,57.0,0.04999999999999982,2.63,9.117651752073952
0.71,Ideal,I,SI1,62.5,57.0,-0.04999999999999982,2.1700000000000004,7.6527330411133985
0.7,Good,H,VS2,64.2,58.0,0.03000000000000025,1.9900000000000002,7.66600085291684
0.56,Premium,G,SI1,60.2,59.0,0.020000000000000462,2.1199999999999997,7.2347627201934355
0.41,Premium,E,SI2,62.8,58.0,0.040000000000000036,1.7300000000000004,6.644207691372956
1.19,Premium,H,VS1,61.9,59.0,0.08000000000000007,2.55,8.850152534995104
0.4,Good,D,VS2,64.4,56.0,-0.04999999999999982,1.6799999999999997,6.768921979151209
0.57,Very Good,G,VS2,63.3,56.0,0.04999999999999982,1.9100000000000001,7.378394721660586
0.44,Premium,F,VS1,61.9,59.0,0.040000000000000036,1.83,6.98842941426992
0.34,Ideal,G,IF,61.0,55.0,-0.03000000000000025,1.7800000000000002,6.8463049024973
1.11,Premium,H,SI2,59.3,59.0,0.040000000000000036,2.74,8.37497232047714
0.3,Good,G,VVS1,63.1,56.0,-0.03000000000000025,1.5900000000000003,6.412641552559018
0.4,Ideal,F,VS2,62.0,57.0,0.0600000000000005,1.7599999999999998,6.89729804178351
1.21,Premium,I,SI1,60.6,56.0,0.08000000000000007,2.6899999999999995,8.591647303973698
0.5,Premium,G,VVS2,61.6,60.0,-0.03000000000000025,1.98,7.350487230934777
0.33,Premium,G,VS1,61.6,60.0,-0.04999999999999982,1.73,6.486100044844672
0.57,Premium,D,SI2,61.3,59.0,0.040000000000000036,2.0300000000000002,7.242348837567408
0.3,Premium,H,VVS1,60.7,58.0,0.03000000000000025,1.6999999999999997,6.548348271671313
1.5,Good,G,SI1,59.7,65.0,0.1200000000000001,2.92,9.251077755790718
2.0,Premium,G,SI2,59.1,59.0,0.05999999999999872,3.3100000000000005,9.532936589790143
0.91,Very Good,I,SI1,63.5,57.0,0.04999999999999982,2.2,8.025593027596353
0.46,Very Good,E,VS1,62.9,52.0,-0.04999999999999982,1.85,7.004218620220466
1.51,Premium,D,SI2,61.4,56.0,0.04999999999999982,2.8100000000000005,9.144311313563412
0.24,Very Good,E,VVS1,60.3,61.0,-0.02999999999999936,1.6199999999999997,6.256617789245114
0.77,Ideal,G,VS2,61.8,54.0,-0.03000000000000025,2.2800000000000002,8.02546123715946
0.78,Premium,I,SI1,60.8,60.0,0.02999999999999936,2.3200000000000003,7.760069462956248
0.5,Very Good,F,VS2,63.0,58.0,-0.03000000000000025,1.8900000000000001,7.08738486257897
0.31,Ideal,G,VS1,61.0,56.0,0.05000000000000071,1.6799999999999997,6.613565784554864
0.31,Premium,D,VS2,61.7,59.0,-0.03000000000000025,1.67,6.523868258923433
2.14,Very Good,F,SI2,58.2,61.0,-0.05000000000000071,3.5700000000000003,9.612604900681704
0.32,Premium,G,VS2,62.1,60.0,0.04999999999999982,1.63,6.580700476512511
0.7,Ideal,F,SI2,65.0,53.0,0.05000000000000071,1.9299999999999997,7.542610974395639
0.89,Ideal,G,VVS2,61.7,55.0,0.02999999999999936,2.3600000000000003,8.449620707058207
0.23,Ideal,G,SI1,61.2,56.0,-0.029999999999999805,1.56,5.9297005839414565
0.3,Premium,H,VS1,63.0,58.0,0.04999999999999982,1.5500000000000003,6.394894374136229
0.24,Very Good,H,VVS2,61.4,57.0,-0.020000000000000462,1.5699999999999998,6.162155969529143
0.43,Ideal,F,SI2,60.7,57.0,-0.03000000000000025,1.94,6.617730023620193
1.16,Fair,H,SI2,68.2,55.0,0.09999999999999964,1.9900000000000002,8.198999041408927
1.0,Very Good,E,SI2,62.4,57.0,-0.07000000000000028,2.43,8.404405657876882
1.5,Ideal,H,VS1,62.4,56.0,-0.04999999999999982,2.7699999999999996,9.350968438907318
0.9,Good,H,SI2,63.6,60.0,0.05000000000000071,2.1899999999999995,7.986129308975023
0.51,Very Good,G,VVS1,63.2,59.0,-0.04999999999999982,1.8899999999999997,7.521307552019465
0.26,Ideal,I,VS2,62.0,56.0,0.040000000000000036,1.54,6.196879378907901
0.3,Premium,D,VS2,62.5,59.0,0.04999999999999982,1.5700000000000003,6.575476851270767
0.3,Premium,I,VS1,60.3,58.0,-0.019999999999999574,1.73,6.126190120865155
0.34,Ideal,F,SI2,61.9,54.0,-0.020000000000000462,1.7300000000000004,6.251192451847213
0.3,Ideal,G,VVS1,61.7,57.0,-0.040000000000000036,1.6799999999999997,6.468624575209953
0.43,Good,D,SI2,63.1,59.0,-0.009999999999999787,1.7799999999999998,6.572716624856463
0.5,Ideal,D,VS1,63.0,57.0,0.05999999999999961,1.83,7.397709495839692
0.32,Ideal,H,VS1,62.8,55.0,0.0600000000000005,1.5999999999999996,6.524696648033555
1.16,Ideal,G,SI2,61.3,55.0,-0.04999999999999982,2.66,8.54329097712412
0.41,Very Good,F,VVS2,60.3,58.0,-0.040000000000000036,1.9300000000000002,6.954532634291221
0.51,Premium,G,VVS2,61.5,56.0,0.03000000000000025,1.96,7.508455002784337
0.38,Ideal,D,VVS2,59.7,62.0,-0.03000000000000025,1.9200000000000004,6.868627906415186
0.8,Premium,F,VS2,59.7,58.0,0.04999999999999982,2.3899999999999997,8.151704082926459
0.5,Very Good,D,VS2,63.3,54.0,0.03000000000000025,1.8399999999999999,7.280889217269666
0.51,Very Good,I,VS1,62.5,59.0,-0.040000000000000036,1.9399999999999995,7.100458380027948
0.34,Ideal,F,VVS1,61.7,55.0,0.009999999999999787,1.7200000000000002,6.960823869197459
0.43,Ideal,G,VVS1,61.4,55.0,0.04999999999999982,1.8600000000000003,7.118704964465401
0.52,Ideal,E,VS1,62.6,57.0,0.040000000000000036,1.9000000000000004,7.559963501856358
1.03,Ideal,H,SI2,61.6,54.0,-0.040000000000000036,2.5300000000000002,8.391190011815176
0.91,Ideal,G,SI1,60.8,58.0,-0.08000000000000007,2.49,8.305178303683842
1.42,Ideal,J,VVS2,61.9,55.0,-0.04999999999999982,2.7700000000000005,8.995059111287254
0.51,Fair,J,VS2,65.3,55.0,0.009999999999999787,1.7199999999999998,6.960145061081377
0.53,Ideal,D,SI2,62.9,54.0,0.040000000000000036,1.8899999999999997,7.113363311054679
0.4,Ideal,E,VS1,59.2,62.0,-0.03000000000000025,1.98,6.8443209566645296
1.14,Ideal,H,SI1,61.6,57.0,-0.05000000000000071,2.6000000000000005,8.625739884577204
1.31,Good,G,SI1,63.4,56.5,-0.09999999999999964,2.5699999999999994,8.901229788739222
0.28,Very Good,G,VS2,61.3,57.0,-0.03000000000000025,1.6500000000000004,6.141987929225363
0.33,Ideal,G,VVS2,61.9,55.0,-0.03000000000000025,1.7000000000000002,6.607087075477704
1.04,Ideal,I,VS1,61.8,56.0,-0.019999999999999574,2.49,8.606560391750964
0.82,Very Good,G,IF,61.9,57.0,-0.040000000000000036,2.3,8.435341505016764
0.51,Ideal,D,VS1,62.3,56.0,-0.03000000000000025,1.94,7.464844101753907
0.31,Very Good,I,SI1,62.3,58.0,-0.03000000000000025,1.6599999999999997,6.028182629779793
0.7,Ideal,D,VS1,62.2,56.0,-0.02999999999999936,2.17,8.029961792616227
2.01,Premium,H,SI1,61.1,60.0,0.040000000000000924,3.1399999999999997,9.64997630781681
0.33,Ideal,F,VS2,62.6,55.0,0.019999999999999574,1.6400000000000006,6.667606983450217
2.48,Very Good,I,SI2,63.0,62.0,-0.03999999999999915,3.1999999999999993,9.673748280158247
1.5,Very Good,E,SI1,61.4,59.0,-0.16999999999999993,2.91,9.375899402995326
1.0,Fair,G,SI2,64.9,57.0,0.08999999999999986,2.1500000000000004,8.173409505861008
0.55,Good,I,VVS2,61.0,61.0,-0.040000000000000036,2.1000000000000005,7.355543050570203
1.53,Premium,J,VVS1,61.6,58.0,0.03000000000000025,2.8200000000000003,9.101507034859292
0.41,Ideal,G,VVS2,60.9,56.0,-0.03000000000000025,1.9,6.925576367003871
1.01,Ideal,H,SI1,62.4,53.0,0.04999999999999982,2.4000000000000004,8.45683609195298
0.9,Premium,I,SI1,61.8,58.0,0.05999999999999961,2.35,8.080751198134815
0.34,Ideal,G,VS2,62.1,57.0,0.040000000000000036,1.6800000000000002,6.646481515211205
0.9,Good,G,SI1,60.0,61.0,-0.02999999999999936,2.4999999999999996,8.227398927066297
1.01,Good,D,VS2,67.0,57.0,-0.10999999999999943,2.09,8.686479964671497
1.05,Very Good,E,I1,62.2,61.0,-0.02999999999999936,2.4699999999999998,8.140659975251312
0.9,Premium,F,VS1,62.7,58.0,0.03000000000000025,2.28,8.545986003609288
1.5,Premium,H,I1,60.1,57.0,0.1200000000000001,2.8600000000000003,8.555674809687549
2.09,Premium,F,SI2,61.2,57.0,0.049999999999998934,3.170000000000001,9.57682963806064
1.0,Very Good,F,VS2,63.4,58.0,-0.08999999999999986,2.37,8.702938715867024
1.03,Premium,J,VS1,61.8,58.0,0.09999999999999964,2.42,8.422857218457773
0.83,Ideal,F,SI1,61.7,57.0,-0.040000000000000036,2.34,8.102683189563047
0.31,Ideal,E,IF,62.2,54.0,-0.019999999999999574,1.6499999999999995,6.851662216575806
1.49,Good,I,SI2,64.3,59.0,0.10000000000000053,2.5,8.87083809304746
2.16,Ideal,I,SI2,61.9,54.0,-0.040000000000000924,3.1900000000000004,9.655982264214192
0.5,Ideal,G,VS1,62.3,55.0,-0.040000000000000036,1.9400000000000004,7.1757959215305105
1.0,Ideal,H,I1,61.3,57.0,0.03000000000000025,2.47,8.016255416714442
1.5,Premium,I,VS2,62.9,58.0,0.08999999999999986,2.5999999999999996,9.139526302931479
0.9,Premium,G,SI1,60.1,59.0,0.04999999999999982,2.46,8.248541399674162
0.24,Very Good,E,VVS2,59.7,60.0,-0.019999999999999574,1.6599999999999997,6.178149964999311
0.5,Fair,H,VS2,56.3,65.0,0.03000000000000025,2.27,7.059721768327712
0.32,Ideal,D,VS2,61.8,55.0,-0.019999999999999574,1.6999999999999997,6.553672113423474
0.94,Very Good,D,SI2,62.0,57.0,-0.05999999999999961,2.4299999999999997,8.256531422391067
0.9,Premium,I,IF,62.6,59.0,0.03000000000000025,2.2800000000000002,8.394925366360338
0.39,Good,I,VS1,63.1,58.0,0.0699999999999994,1.6800000000000002,6.613023876836508
1.06,Ideal,G,SI2,62.2,56.0,0.0699999999999994,2.4300000000000006,8.381924777507395
0.57,Premium,G,VVS2,60.2,60.0,0.08000000000000007,2.1100000000000003,7.639598716384763
0.53,Premium,F,VS1,61.5,61.0,0.05999999999999961,1.9500000000000002,7.513395860061958
0.32,Ideal,F,IF,61.9,54.0,-0.03000000000000025,1.71,6.834567665600974
1.24,Ideal,J,SI1,61.8,57.0,0.05999999999999961,2.6000000000000005,8.527728509369977
0.53,Very Good,D,SI1,59.1,59.0,-0.0600000000000005,2.2,7.384838849255525
0.71,Very Good,G,SI1,62.7,58.0,-0.019999999999999574,2.1399999999999997,7.790923069121767
2.01,Good,H,VS1,57.6,63.0,-0.019999999999999574,3.5,9.641513987782975
0.41,Ideal,E,VS1,61.8,55.0,0.04999999999999982,1.7999999999999998,7.009409577312451
1.51,Very Good,I,VS1,60.5,60.0,-0.040000000000000036,2.96,9.218854044321487
0.72,Ideal,G,SI2,61.3,56.0,-0.04999999999999982,2.26,7.780129497806744
0.54,Ideal,G,VVS2,60.6,56.0,-0.009999999999999787,2.0799999999999996,7.596014759863513
0.44,Premium,H,VS2,61.3,58.0,0.03000000000000025,1.88,6.7700111340622575
0.51,Good,E,VS2,63.8,55.0,0.03000000000000025,1.8199999999999998,7.318231799535152
1.02,Very Good,H,SI1,62.2,58.0,-0.0600000000000005,2.4700000000000006,8.486434705707682
0.37,Ideal,E,VS2,62.0,57.0,0.03000000000000025,1.7399999999999998,6.813803071733865
0.91,Fair,E,SI1,65.0,62.0,0.04999999999999982,2.1,8.161328114827208
0.91,Ideal,F,SI2,61.8,56.0,0.020000000000000462,2.35,8.175418977417046
1.09,Very Good,F,SI2,58.6,63.0,-0.04999999999999982,2.8200000000000003,8.415378376673688
0.3,Very Good,G,VVS1,63.1,58.0,0.02999999999999936,1.5700000000000003,6.525541708963032
0.54,Ideal,F,VS2,61.4,57.0,-0.04999999999999982,2.04,7.412726846451276
1.59,Premium,F,SI2,60.3,59.0,0.04999999999999982,2.9799999999999995,9.140240206575825
0.33,Ideal,F,IF,61.2,56.0,-0.020000000000000462,1.75,6.868914885605392
0.8,Very Good,G,VS1,63.5,57.0,-0.040000000000000036,2.17,8.110653472726296
0.41,Premium,D,SI2,62.3,58.0,0.03999999999999915,1.7700000000000005,6.66866026706595
2.07,Ideal,I,SI2,61.6,56.0,-0.019999999999999574,3.1399999999999997,9.631004888515585
1.31,Premium,E,SI2,61.2,60.0,0.08999999999999986,2.66,8.764211578697632
1.51,Premium,J,SI2,61.9,56.0,0.15000000000000036,2.7300000000000004,8.860175307212335
0.7,Premium,J,VS2,61.2,60.0,-0.03000000000000025,2.2300000000000004,7.504046713432789
0.33,Ideal,G,SI1,62.2,54.0,-0.03000000000000025,1.6900000000000004,6.283910613766025
0.51,Very Good,G,VS2,61.2,55.0,-0.03000000000000025,2.0100000000000002,7.239424549206403
0.75,Very Good,E,SI1,62.4,57.0,-0.05999999999999961,2.2199999999999998,7.983889216757105
0.5,Ideal,E,VS2,62.2,54.0,-0.03000000000000025,1.9400000000000004,7.183242346096041
0.34,Premium,E,SI1,61.8,58.0,-0.03000000000000025,1.73,6.435139543128129
0.3,Premium,E,VS2,60.0,58.0,0.03000000000000025,1.7400000000000002,6.526196143220509
0.51,Ideal,G,VVS2,61.8,56.0,0.0600000000000005,1.9299999999999997,7.5145560216877545
0.38,Ideal,E,VS1,62.7,55.0,0.05000000000000071,1.6999999999999997,6.900067164047089
2.01,Ideal,F,SI2,61.7,56.0,-0.040000000000000924,3.1400000000000006,9.620259147681752
0.33,Good,I,VS1,63.1,56.0,-0.020000000000000462,1.6300000000000003,6.226925958867578
0.38,Ideal,I,SI1,61.5,56.0,-0.03000000000000025,1.8200000000000003,6.236973710111002
0.3,Premium,D,SI1,62.5,59.0,0.020000000000000462,1.5899999999999999,6.441785765993556
0.41,Ideal,E,VS1,60.9,57.0,-0.03000000000000025,1.88,6.894687286078683
1.15,Very Good,J,VS2,62.9,57.0,0.10000000000000053,2.4299999999999997,8.468414887994248
0.51,Ideal,D,VS1,61.7,54.0,-0.03000000000000025,1.9800000000000004,7.495081513446315
0.36,Ideal,E,VS2,61.7,55.0,0.05999999999999961,1.7300000000000004,6.817271686057622
1.56,Very Good,G,VVS1,59.7,59.0,-0.08999999999999986,3.08,9.575109120585543
0.33,Premium,I,VVS2,61.0,59.0,-0.03000000000000025,1.7400000000000002,6.389489946269773
0.52,Ideal,G,VVS2,61.7,55.0,-0.020000000000000462,2.0100000000000002,7.553066692425597
1.56,Very Good,J,SI2,62.0,57.0,-0.07000000000000028,2.8500000000000005,8.976622512055634
0.7,Good,F,SI2,60.6,61.0,-0.05999999999999961,2.2899999999999996,7.689734879732376
1.2,Premium,G,VS1,58.4,61.0,0.040000000000000036,2.8600000000000003,9.060709061530325
0.3,Ideal,G,IF,62.0,56.0,-0.009999999999999787,1.6399999999999997,6.557304617034538
1.08,Ideal,G,VS2,61.3,56.0,0.03000000000000025,2.54,8.841729981068305
1.03,Ideal,D,SI1,61.9,57.0,-0.020000000000000462,2.5,8.686517611611588
0.53,Ideal,G,VS2,61.6,57.0,-0.04999999999999982,2.0100000000000002,7.328601330555412
1.04,Very Good,D,VS1,60.8,58.0,-0.03000000000000025,2.5700000000000003,9.012750195275025
0.3,Ideal,F,IF,59.8,58.0,-0.08999999999999986,1.8199999999999998,6.583786536444953
2.01,Ideal,D,SI2,62.1,56.0,-0.08999999999999986,3.0999999999999996,9.645355874237787
1.09,Ideal,G,VS2,61.2,56.0,-0.019999999999999574,2.58,8.871252166613775
0.71,Premium,D,SI1,60.6,58.0,0.020000000000000462,2.2699999999999996,7.992447994599036
1.74,Premium,H,SI1,61.6,59.0,0.08000000000000007,2.9000000000000004,9.40614353041461
0.31,Ideal,F,IF,60.1,59.0,-0.03000000000000025,1.77,6.798596772030658
0.3,Premium,H,SI2,60.9,59.0,-0.02999999999999936,1.7099999999999995,5.972568741436493
1.23,Premium,E,SI2,62.4,60.0,0.040000000000000036,2.54,8.662991448459332
0.53,Ideal,F,VVS1,62.1,53.2,-0.040000000000000036,1.9899999999999998,7.733369298111526
0.3,Good,J,SI1,63.4,54.0,-0.05999999999999961,1.5899999999999999,5.86860069023386
1.22,Ideal,H,VS1,62.6,56.0,-0.040000000000000036,2.58,8.950480158183078
0.35,Ideal,D,VS2,62.4,55.0,-0.03999999999999915,1.7099999999999995,6.6310759960705425
0.31,Premium,H,VVS1,63.0,58.0,0.040000000000000036,1.5899999999999999,6.687707456524684
0.3,Premium,G,VS1,62.9,58.0,0.05000000000000071,1.5699999999999994,6.473645217206046
1.21,Ideal,I,VS1,61.5,58.0,-0.040000000000000036,2.66,8.813794562247635
0.53,Very Good,G,VS1,63.4,56.0,0.05000000000000071,1.8499999999999996,7.424647439658773
1.01,Premium,D,SI2,61.5,56.0,0.07000000000000028,2.4399999999999995,8.421736795249823
1.5,Premium,J,SI1,62.1,57.0,0.16000000000000014,2.7,8.927491805205932
0.55,Premium,D,VS1,62.0,58.0,-0.020000000000000462,2.0100000000000002,7.619546979986398
1.0,Good,F,VS2,63.1,57.0,-0.040000000000000036,2.3600000000000003,8.685024359854605
1.05,Ideal,G,VS2,61.8,57.0,0.04999999999999982,2.460000000000001,8.79369141072441
1.7,Premium,I,VS2,61.7,59.0,0.04999999999999982,2.91,9.368610513770825
1.23,Ideal,H,VS2,62.3,56.0,0.07000000000000028,2.54,8.84832924814398
0.31,Ideal,H,VS2,61.3,56.0,-0.019999999999999574,1.6999999999999997,6.262552958783967
0.53,Very Good,F,VS2,59.2,58.0,-0.019999999999999574,2.1699999999999995,7.390208784917547
0.23,Very Good,F,VS2,61.6,59.0,-0.040000000000000036,1.5499999999999998,5.987814014535429
0.53,Ideal,I,VS1,61.6,55.0,-0.040000000000000036,2.03,7.218860073030952
1.18,Premium,G,SI2,62.5,54.0,0.02999999999999936,2.5300000000000002,8.505692040184993
0.3,Ideal,H,VS1,61.4,54.0,0.040000000000000036,1.6600000000000001,6.408244498581627
1.19,Premium,H,VS2,61.1,58.0,0.04999999999999982,2.62,8.792980898435449
1.16,Ideal,G,VS2,61.7,57.0,-0.08000000000000007,2.63,8.94028860308029
1.21,Ideal,I,VVS2,62.2,55.0,-0.040000000000000036,2.5999999999999996,8.922554895469773
0.94,Ideal,D,SI2,62.2,56.0,-0.02999999999999936,2.3799999999999994,8.284774612441378
0.28,Good,F,VS1,58.3,58.0,-0.019999999999999574,1.8199999999999998,6.170624691795082
0.77,Ideal,D,VS1,62.2,55.0,-0.03000000000000025,2.23,8.269425383717993
0.37,Premium,G,SI1,62.1,60.0,-0.07000000000000028,1.7700000000000005,6.391811464313471
0.31,Very Good,F,IF,61.2,55.0,-0.019999999999999574,1.7099999999999995,6.727821093130988
2.01,Very Good,H,SI2,63.4,57.0,0.07000000000000028,2.88,9.55869423958058
0.75,Premium,J,SI2,62.9,56.0,0.040000000000000036,2.11,7.453389388436902
0.51,Premium,H,SI1,60.4,58.0,0.019999999999999574,2.0500000000000003,7.0471548480960085
0.3,Ideal,H,VS1,61.9,58.0,-0.020000000000000462,1.6500000000000004,6.231397154182673
0.23,Very Good,E,VVS2,60.6,60.0,-0.06000000000000005,1.5900000000000003,6.067296646372253
1.16,Premium,G,VVS1,61.6,55.0,0.1299999999999999,2.54,9.135840625332769
0.92,Ideal,H,SI1,61.6,56.0,-0.040000000000000036,2.41,8.258363156611106
0.55,Ideal,F,VS1,62.0,55.0,-0.03000000000000025,2.02,7.554897660637853
0.35,Ideal,F,VS2,61.4,56.0,0.02999999999999936,1.7400000000000002,6.721465819955035
1.2,Very Good,J,SI2,61.2,58.0,-0.05000000000000071,2.66,8.404114211334042
1.23,Very Good,I,VS2,61.2,59.0,0.03000000000000025,2.63,8.723769792619779
0.95,Very Good,I,SI1,61.0,61.0,-0.08000000000000007,2.5100000000000002,8.136949630984676
0.34,Premium,D,VS2,62.1,58.0,0.04999999999999982,1.6700000000000004,6.798907800988784
1.01,Ideal,G,VS2,62.4,57.0,0.02999999999999936,2.3800000000000003,8.714215965350773
0.7,Premium,H,VS2,60.8,59.0,-0.03000000000000025,2.2600000000000002,7.775032205459381
1.14,Ideal,I,VS1,61.1,56.0,-0.02999999999999936,2.6399999999999997,8.733121922398114
0.8,Premium,J,VS1,60.8,59.0,0.05999999999999961,2.3100000000000005,7.890864650330834
0.36,Ideal,F,SI1,59.7,57.0,-0.02999999999999936,1.9099999999999997,6.450230825414848
1.01,Ideal,G,SI1,61.6,57.0,0.08000000000000007,2.4000000000000004,8.519608039351676
1.51,Very Good,H,VS2,60.9,54.0,-0.03000000000000025,2.91,9.324832192204257
0.72,Ideal,E,VVS2,62.1,56.0,-0.04999999999999982,2.1999999999999997,8.237639496864846
1.1,Premium,I,SI1,62.7,57.0,0.04999999999999982,2.4299999999999997,8.405834144543292
0.6,Premium,H,I1,62.1,62.0,0.0600000000000005,1.9699999999999998,6.807312782805855
0.72,Premium,E,SI1,62.1,58.0,-0.02999999999999936,2.1799999999999997,7.88588227649806
0.9,Ideal,E,SI1,63.0,56.0,0.05000000000000071,2.2399999999999998,8.332025847225829
0.41,Good,J,IF,63.5,54.0,-0.04999999999999982,1.75,6.730648937512007
0.32,Ideal,G,VS1,61.4,56.0,-0.04999999999999982,1.7399999999999998,6.459455744166688
0.73,Very Good,D,SI1,60.8,59.0,-0.04999999999999982,2.3099999999999996,8.015528362699587
0.71,Very Good,H,VS1,62.7,57.0,-0.05999999999999961,2.15,7.862738882770331
0.61,Ideal,G,VVS1,62.7,58.0,-0.040000000000000036,2.0399999999999996,7.797358803333032
1.0,Premium,E,SI2,60.4,60.0,0.03000000000000025,2.55,8.38337547580926
0.7,Ideal,F,SI1,62.1,55.0,-0.040000000000000036,2.1799999999999997,7.824273439777207
1.51,Good,J,VS2,63.7,59.0,-0.08000000000000007,2.6400000000000006,8.981809120966899
0.54,Very Good,G,VS1,61.6,54.0,-0.040000000000000036,2.05,7.452234447556264
1.12,Very Good,F,SI1,62.9,57.0,-0.020000000000000462,2.46,8.661850197829551
2.01,Very Good,I,VS2,63.8,59.0,0.040000000000000036,2.83,9.607637681350301
1.16,Ideal,I,SI1,62.4,57.0,-0.040000000000000036,2.55,8.518208236015541
0.36,Ideal,H,VS1,61.8,57.0,-0.040000000000000036,1.7699999999999996,6.497011814870488
1.32,Ideal,E,SI2,62.7,56.0,0.0600000000000005,2.58,8.793464111530893
0.3,Ideal,H,VVS2,62.4,56.0,-0.02999999999999936,1.6299999999999994,6.336051652426748
0.43,Ideal,J,IF,62.4,56.0,0.03000000000000025,1.81,6.876286681404109
1.21,Premium,J,SI1,59.7,60.0,-0.02999999999999936,2.8,8.470201244165745
0.59,Premium,J,VS2,62.7,61.0,0.0699999999999994,1.9500000000000002,7.140766944017875
1.32,Very Good,G,SI2,61.6,57.0,-0.0699999999999994,2.7299999999999995,8.740254615262389
1.0,Good,E,SI2,63.7,61.0,-0.05000000000000071,2.3100000000000005,8.351934900510317
0.94,Ideal,E,SI2,61.1,55.0,-0.04999999999999982,2.48,8.281559437330806
1.1,Very Good,I,SI2,62.6,59.0,-0.040000000000000036,2.4700000000000006,8.343732453178685
1.5,Very Good,E,SI2,63.1,57.0,0.05000000000000071,2.67,9.10119485312218
1.5,Good,D,SI1,56.6,64.0,0.08000000000000007,3.1999999999999993,9.250668336067763
1.52,Premium,G,VS1,61.2,60.0,0.03000000000000025,2.8500000000000005,9.54132110013517
0.38,Premium,E,VS1,60.2,58.0,-0.04999999999999982,1.8900000000000001,6.729997516736671
0.71,Premium,E,VS2,62.5,60.0,0.040000000000000036,2.1100000000000003,7.950438094839829
1.05,Good,G,SI2,63.7,59.0,0.040000000000000036,2.3,8.30376867987694
0.83,Very Good,H,VS2,61.7,59.0,-0.0699999999999994,2.3299999999999996,8.024697658453448
0.31,Ideal,G,SI1,62.2,55.0,-0.010000000000000675,1.6500000000000004,6.240048504153512
0.38,Very Good,E,VS2,61.2,56.0,-0.040000000000000036,1.8399999999999999,6.6323472550095515
1.52,Premium,J,SI1,61.0,59.0,0.0600000000000005,2.8499999999999996,8.979584711306499
0.44,Ideal,G,VVS2,61.8,56.0,0.040000000000000036,1.8600000000000003,7.044298188043959
0.7,Ideal,F,VS2,62.7,55.0,-0.03000000000000025,2.1300000000000003,7.841586396143408
0.7,Very Good,F,SI1,61.4,57.0,-0.03999999999999915,2.2399999999999998,7.844237062126664
1.53,Premium,G,VS2,61.8,59.0,0.14000000000000057,2.75,9.464727294632247
0.51,Good,D,SI1,63.4,59.0,0.05000000000000071,1.8199999999999994,7.155971470903191
1.3,Premium,F,SI2,61.1,58.0,0.03999999999999915,2.7,8.726558012561274
0.43,Ideal,G,IF,61.8,55.0,-0.040000000000000036,1.88,7.135316384572038
1.0,Very Good,D,SI2,62.5,58.0,-0.09000000000000075,2.4400000000000004,8.428595470038482
0.31,Very Good,E,SI1,63.2,59.0,0.0699999999999994,1.54,6.439432527269774
1.11,Ideal,J,SI2,62.6,54.0,-0.02999999999999936,2.4899999999999993,8.311076011207655
0.5,Very Good,G,VVS1,63.3,56.0,0.02999999999999936,1.85,7.4334602419301365
0.32,Ideal,G,VVS2,62.6,57.0,0.040000000000000036,1.6099999999999999,6.728601324433768
0.72,Very Good,J,VS2,63.2,60.0,0.0699999999999994,2.0700000000000003,7.567876375000817
1.0,Premium,J,VS1,62.8,57.0,0.040000000000000036,2.3499999999999996,8.353914907413165
0.4,Premium,F,VS1,60.4,59.0,-0.009999999999999787,1.8899999999999997,6.810853690460963
0.41,Premium,E,VVS1,61.2,58.0,-0.05999999999999961,1.88,7.115695576260736
0.3,Premium,J,VS1,62.6,58.0,-0.05000000000000071,1.6300000000000003,6.032109117287271
0.5,Ideal,D,SI1,60.9,57.0,0.040000000000000036,1.9999999999999996,7.171736286559697
1.54,Premium,H,SI1,62.2,58.0,0.1299999999999999,2.7300000000000004,9.187473258255293
1.22,Ideal,G,VS2,62.0,55.0,-0.08000000000000007,2.6500000000000004,9.05790758724687
0.46,Ideal,E,SI2,61.3,55.0,-0.019999999999999574,1.94,6.74198618158524
0.4,Ideal,G,IF,62.2,55.0,-0.02999999999999936,1.8099999999999996,7.054202280377964
1.01,Fair,D,SI1,66.0,57.0,0.07000000000000028,2.09,8.432744329750264
1.01,Ideal,I,VS2,64.1,58.0,0.05999999999999961,2.21,8.382216135485852
0.53,Ideal,E,VS2,61.4,56.0,0.03000000000000025,2.0,7.520096790535652
1.01,Good,E,SI1,64.3,59.0,0.03000000000000025,2.2399999999999993,8.49006319302393
0.36,Very Good,F,VVS2,61.6,55.0,-0.019999999999999574,1.7699999999999996,6.736185729309834
0.52,Ideal,D,VS2,61.9,54.0,-0.04999999999999982,1.9899999999999998,7.489162087421465
1.5,Ideal,I,VVS2,60.7,60.0,-0.05000000000000071,2.92,9.252976993151652
2.13,Premium,H,SI2,62.4,56.0,0.07000000000000028,3.0599999999999996,9.571951361476193
0.9,Very Good,H,SI2,64.1,59.0,-0.10000000000000053,2.2100000000000004,8.058095221758846
0.53,Ideal,G,VVS2,60.4,56.0,0.04999999999999982,2.06,7.607022713207674
1.05,Ideal,I,SI1,62.6,56.0,-0.08000000000000007,2.4700000000000006,8.468093638765541
0.58,Ideal,F,VS1,60.6,55.0,-0.07000000000000028,2.1800000000000006,7.628549537103417
0.56,Ideal,E,VVS1,62.1,56.0,-0.009999999999999787,2.0100000000000002,7.798828955228764
1.63,Premium,I,SI1,61.5,60.0,0.04999999999999982,2.8899999999999997,9.195857136935436
1.12,Ideal,D,I1,60.6,55.0,-0.02999999999999936,2.67,8.3278821225953
1.01,Good,D,IF,63.2,59.0,-0.040000000000000036,2.3600000000000003,9.471840538704875
0.7,Ideal,E,VS2,61.4,57.0,-0.040000000000000036,2.25,7.966281649109736
0.3,Very Good,H,SI1,61.3,58.0,-0.040000000000000036,1.69,6.046992646628701
0.4,Ideal,E,SI1,61.8,56.0,0.03000000000000025,1.79,6.815718150349498
0.3,Ideal,F,VS2,62.3,53.5,-0.05000000000000071,1.6400000000000001,6.308959609202581
1.01,Very Good,E,SI1,60.8,59.0,-0.07000000000000028,2.57,8.601739473651733
1.19,Very Good,H,SI1,63.3,55.0,0.0699999999999994,2.4300000000000006,8.621550201274983
0.9,Fair,H,SI2,65.0,61.0,0.04999999999999982,2.07,7.9198396323508895
0.42,Ideal,G,VVS1,62.0,56.0,-0.03000000000000025,1.8499999999999996,7.037946276854154
0.59,Ideal,G,VS2,62.0,57.0,-0.09000000000000075,2.0800000000000005,7.455667601837549
1.01,Good,G,SI2,63.5,58.0,-0.04999999999999982,2.3499999999999996,8.3401040815055
0.3,Good,I,VS1,63.3,59.0,-0.03000000000000025,1.5600000000000005,6.096442262074333
1.24,Fair,H,SI2,65.0,54.0,0.02999999999999936,2.3500000000000005,8.50772924942171
0.61,Ideal,D,VVS2,62.2,54.0,-0.040000000000000036,2.0700000000000003,7.977029050786518
0.33,Premium,I,SI1,61.3,59.0,0.04999999999999982,1.71,6.259037587262676
1.01,Premium,H,VS2,62.1,57.0,0.0600000000000005,2.3999999999999995,8.53274727935312
0.71,Ideal,E,SI1,61.8,57.0,-0.040000000000000036,2.21,7.980746854823118
0.31,Ideal,E,SI1,62.8,57.0,0.019999999999999574,1.6,6.545534401694632
0.37,Ideal,E,SI1,61.9,56.0,-0.02999999999999936,1.7599999999999998,6.499842442111066
1.01,Premium,H,SI2,63.0,59.0,0.0600000000000005,2.2999999999999994,8.282455632417879
0.52,Ideal,D,VS1,61.0,56.0,-0.03000000000000025,2.0500000000000003,7.637036028881768
1.65,Ideal,H,VVS2,62.1,56.0,0.02999999999999936,2.8900000000000006,9.442659719601115
1.01,Ideal,G,VVS2,60.9,56.0,-0.040000000000000036,2.57,8.959365099405222
1.34,Ideal,H,VVS1,62.1,56.0,-0.0600000000000005,2.71,9.146302395256301
0.3,Very Good,H,SI1,63.0,54.0,-0.03000000000000025,1.5999999999999996,6.045839768026314
0.33,Ideal,G,VS1,62.3,57.0,-0.040000000000000036,1.6799999999999997,6.4941673641310835
0.33,Ideal,E,VVS1,61.5,57.0,-0.02999999999999936,1.7299999999999995,6.852053361286011
0.85,Ideal,G,SI2,62.0,57.0,0.08000000000000007,2.26,7.8937210404572875
0.72,Ideal,F,VS2,62.6,57.0,0.040000000000000036,2.11,7.930190816802533
1.51,Premium,G,SI1,60.6,60.0,0.040000000000000036,2.91,9.304517306740548
1.59,Premium,E,VS2,62.3,59.0,-0.04999999999999982,2.8199999999999994,9.546138446437954
0.41,Very Good,H,SI2,61.5,59.0,-0.020000000000000462,1.8600000000000003,6.388439283595389
0.3,Ideal,G,SI1,62.8,56.0,0.040000000000000036,1.58,6.351617245251992
0.34,Very Good,G,VS2,60.3,54.0,-0.02999999999999936,1.8199999999999994,6.4244613105066115
0.41,Ideal,F,VVS1,62.3,57.0,0.03999999999999915,1.7700000000000005,7.145500255250491
0.42,Premium,D,VS1,60.8,59.0,0.05999999999999961,1.8599999999999999,7.043226404038356
1.0,Premium,H,VS1,61.5,57.0,0.07000000000000028,2.43,8.583959099310478
0.54,Ideal,F,VVS1,61.6,55.0,-0.010000000000000675,2.0300000000000002,7.7575944909167625
1.0,Premium,F,SI1,61.2,58.0,-0.040000000000000036,2.5100000000000002,8.539665651193063
0.9,Very Good,F,SI1,62.5,59.0,-0.07000000000000028,2.32,8.296467864170763
0.38,Ideal,E,VS1,61.6,56.0,0.019999999999999574,1.7800000000000002,6.900067164047089
0.98,Fair,F,SI2,61.6,66.0,0.21999999999999975,2.3200000000000003,8.086492464709496
1.2,Premium,G,I1,60.3,58.0,0.05000000000000071,2.67,8.248271814845499
1.22,Ideal,I,SI1,62.6,57.0,0.03000000000000025,2.5199999999999996,8.642622645936008
0.38,Premium,I,VS2,61.8,59.0,-0.02999999999999936,1.7799999999999998,6.3411212106107655
0.4,Ideal,F,SI2,62.0,57.0,-0.019999999999999574,1.7999999999999998,6.4808211723818925
1.11,Very Good,I,SI2,63.7,58.0,0.040000000000000036,2.3600000000000003,8.284427829393369
0.91,Premium,D,SI1,60.2,58.0,0.02999999999999936,2.49,8.395682901129916
1.36,Good,G,SI1,64.3,59.0,0.08000000000000007,2.42,8.890659819991708
0.3,Premium,H,VS1,61.4,59.0,0.03000000000000025,1.65,6.394894374136229
1.21,Premium,J,SI1,62.6,58.0,0.03000000000000025,2.5,8.457639417610949
1.11,Premium,H,SI2,62.9,59.0,0.04999999999999982,2.41,8.34855146222652
0.32,Very Good,G,VS1,61.7,55.0,-0.040000000000000036,1.7000000000000002,6.419087634124864
0.7,Fair,H,SI1,65.2,58.0,-0.05999999999999961,1.9499999999999997,7.55374360080263
1.01,Premium,E,SI1,59.8,59.0,0.03999999999999915,2.5900000000000003,8.574465536073033
0.9,Ideal,F,SI2,61.9,56.0,-0.04999999999999982,2.39,8.211465495154156
0.4,Premium,F,VS2,61.6,58.0,-0.04999999999999982,1.8599999999999999,6.739975197768446
0.43,Ideal,D,VVS1,62.3,56.0,-0.010000000000000675,1.8200000000000003,7.300832835928238
0.7,Ideal,H,VVS1,62.3,58.0,-0.040000000000000036,2.16,7.934810667346132
0.35,Ideal,E,SI1,61.0,57.0,-0.03000000000000025,1.7900000000000005,6.445437401357794
0.96,Very Good,G,SI2,62.6,59.0,-0.11000000000000032,2.39,8.15497142406717
1.0,Fair,E,SI2,55.4,62.0,0.040000000000000036,2.9299999999999997,8.285754225834362
0.41,Ideal,H,SI1,61.2,56.0,-0.040000000000000036,1.8799999999999994,6.5248758137858065
0.38,Good,I,IF,56.6,59.0,-0.04999999999999982,2.13,6.6133566795500265
0.5,Ideal,D,VS2,62.4,55.0,-0.009999999999999787,1.9199999999999995,7.231450562574197
0.36,Ideal,G,IF,62.0,57.0,-0.040000000000000036,1.7600000000000002,6.885870327442614
1.2,Very Good,G,SI1,63.0,57.0,-0.04999999999999982,2.51,8.781308165543388
0.3,Very Good,F,SI2,61.7,62.0,-0.019999999999999574,1.6399999999999997,5.994670085599965
2.01,Very Good,H,SI1,63.5,57.0,0.08000000000000007,2.8499999999999996,9.648758633761629
1.03,Ideal,I,SI1,62.2,54.0,-0.040000000000000036,2.4699999999999998,8.437303538091296
1.03,Premium,G,SI2,59.3,58.0,-0.04999999999999982,2.71,8.377057796694114
1.09,Ideal,E,SI1,61.1,55.0,-0.040000000000000036,2.62,8.728312560384982
0.5,Premium,E,SI2,59.4,60.0,0.04999999999999982,2.08,6.962224406174818
2.03,Ideal,H,SI1,60.8,57.0,-0.0600000000000005,3.25,9.680670874273613
0.5,Fair,E,SI2,59.8,66.0,0.08999999999999986,2.02,6.884380857345048
0.35,Ideal,H,IF,61.9,55.0,0.03000000000000025,1.71,6.857014506633166
1.5,Ideal,F,VS2,60.4,57.0,0.019999999999999574,2.9299999999999997,9.540241795614389
0.23,Ideal,G,IF,62.8,55.0,-0.029999999999999805,1.48,6.317937813694992
0.33,Ideal,D,VS1,60.9,57.0,0.03000000000000025,1.7399999999999998,6.796919089697525
0.31,Good,G,VS1,63.7,56.0,-0.03000000000000025,1.5699999999999998,6.379946938862565
0.24,Very Good,E,VVS1,61.2,55.0,-0.04999999999999982,1.6,6.279089358706729
0.33,Premium,F,VS2,60.0,60.0,-0.040000000000000036,1.81,6.466280167340645
1.01,Good,G,VS2,63.9,54.0,-0.0600000000000005,2.3200000000000003,8.669919220278773
0.54,Premium,E,VS2,59.2,58.0,0.02999999999999936,2.16,7.4873774764243155
1.02,Good,E,VS2,63.2,60.0,-0.04999999999999982,2.3499999999999996,8.784992202734658
1.3,Premium,G,VS2,60.9,60.0,0.04999999999999982,2.7200000000000006,9.0877517932316
0.31,Good,I,VS1,63.7,55.0,-0.03000000000000025,1.58,6.176268044190444
0.72,Very Good,F,SI2,60.4,59.0,-0.03000000000000025,2.3200000000000003,7.788684735473922
0.31,Ideal,G,IF,61.9,56.0,0.02999999999999936,1.6500000000000004,6.863704994397395
1.0,Fair,E,SI2,64.6,60.0,0.05000000000000071,2.17,8.228540256092327
0.7,Very Good,F,VS2,63.0,58.0,-0.03000000000000025,2.0900000000000003,7.79600502220963
1.32,Ideal,H,VVS1,62.1,55.0,-0.04999999999999982,2.6800000000000006,9.146302395256301
0.34,Very Good,E,SI1,63.4,55.0,0.019999999999999574,1.6200000000000006,6.569111554550971
1.52,Very Good,G,VS2,60.8,57.0,-0.08000000000000007,2.96,9.500709331226577
1.26,Premium,J,VS2,62.5,58.0,0.019999999999999574,2.58,8.613770230322652
0.7,Premium,D,VS1,60.9,60.0,0.040000000000000036,2.2199999999999998,8.058006342190028
0.29,Ideal,F,VVS1,60.9,57.0,0.03000000000000025,1.67,6.6557484382833465
1.52,Ideal,H,SI2,62.0,60.0,-0.0600000000000005,2.8200000000000003,9.097534753133592
0.74,Ideal,F,SI1,62.5,56.0,0.040000000000000036,2.15,7.906603576887733
0.3,Premium,E,VS2,62.6,62.0,0.040000000000000036,1.56,6.535827364120197
1.24,Very Good,H,SI1,62.4,58.0,0.10999999999999943,2.5300000000000002,8.719140630818229
1.01,Premium,G,SI2,62.1,61.0,0.11000000000000032,2.3399999999999994,8.305681821680325
0.9,Good,F,SI2,64.2,62.0,-0.08000000000000007,2.2,8.096129888937009
0.35,Ideal,I,IF,61.8,53.0,-0.020000000000000462,1.7600000000000002,6.618616497714047
0.7,Very Good,F,VS2,62.3,61.0,-0.07000000000000028,2.14,7.803790267542864
0.41,Ideal,F,VS2,62.1,56.0,0.04999999999999982,1.7800000000000002,6.900784061876305
0.41,Ideal,E,VVS2,61.1,56.0,-0.04999999999999982,1.8999999999999995,7.047787213893299
1.23,Premium,I,SI1,62.0,57.0,0.08000000000000007,2.5700000000000003,8.616208605056029
1.25,Premium,I,VS2,62.2,57.0,0.08000000000000007,2.5599999999999996,8.730580335450595
0.54,Ideal,D,VVS2,61.3,56.0,-0.040000000000000036,2.05,7.8272997456490145
0.53,Ideal,H,VS1,61.6,57.0,-0.0600000000000005,2.0300000000000002,7.315367430763433
1.14,Ideal,I,SI1,62.2,56.0,-0.04999999999999982,2.55,8.523214977485576
0.34,Ideal,E,VVS1,61.8,57.0,-0.03000000000000025,1.73,6.8947430058175785
0.5,Very Good,D,SI1,60.8,63.0,-0.03000000000000025,2.02,7.061144965159401
2.04,Premium,G,I1,62.4,58.0,0.08999999999999986,3.01,9.079805738553736
0.31,Premium,I,SI1,61.5,59.0,-0.020000000000000462,1.69,6.048255564041689
0.39,Very Good,J,VS1,63.5,58.0,0.04999999999999982,1.6599999999999997,6.548610245369118
1.03,Very Good,I,VS1,62.9,53.0,-0.04999999999999982,2.4299999999999997,8.55905073299293
0.41,Ideal,E,VS2,62.4,54.0,-0.03000000000000025,1.81,6.813097362384094
1.52,Good,H,SI1,63.8,60.0,-0.05999999999999961,2.66,9.170033557829301
2.39,Premium,I,VS1,61.2,60.0,0.030000000000001137,3.33,9.722160711195771
0.31,Ideal,G,IF,62.7,57.0,-0.03000000000000025,1.63,6.746939179628795
0.71,Premium,F,SI2,62.0,59.0,0.02999999999999936,2.1400000000000006,7.707171955342996
0.55,Very Good,F,VS2,61.8,57.0,-0.04999999999999982,2.0300000000000002,7.402809430696296
0.42,Ideal,D,SI1,61.9,56.0,0.019999999999999574,1.83,6.877942203730926
0.97,Ideal,H,SI2,60.7,55.0,0.05999999999999961,2.5,8.146955693621727
1.79,Ideal,J,SI1,59.8,61.0,-0.040000000000000036,3.1900000000000004,9.283327183045849
0.71,Ideal,G,SI1,62.2,56.0,0.05999999999999961,2.1300000000000003,7.794568722261778
0.43,Ideal,I,VS1,62.4,56.0,-0.03000000000000025,1.83,6.6456701304124435
0.41,Ideal,I,VVS1,61.7,57.0,-0.02999999999999936,1.8299999999999996,6.796956136047515
0.36,Premium,I,SI1,60.4,60.0,0.040000000000000036,1.8000000000000003,6.350418693560263
1.61,Premium,H,SI1,62.5,58.0,0.04999999999999982,2.7800000000000002,9.292568388132088
1.63,Ideal,H,SI1,61.9,57.0,0.05999999999999961,2.8500000000000005,9.333171499075418
0.53,Very Good,J,VS2,63.3,56.0,0.05999999999999961,1.8600000000000003,7.04122175484716
0.38,Very Good,D,VVS2,60.0,62.0,-0.03000000000000025,1.9000000000000004,6.853149235645074
1.01,Very Good,E,SI2,62.0,60.0,-0.04999999999999982,2.45,8.410315290397053
0.53,Ideal,F,VVS2,61.0,57.0,-0.02999999999999936,2.0399999999999996,7.705200508921489
0.43,Ideal,D,SI2,61.0,57.0,-0.05000000000000071,1.9100000000000001,6.653809642967746
1.06,Very Good,G,VS2,59.4,59.0,0.04999999999999982,2.6799999999999997,8.787236522070613
0.32,Ideal,E,VS2,62.1,55.0,0.040000000000000036,1.6499999999999995,6.714424394975231
1.01,Ideal,E,SI2,62.2,56.0,0.03000000000000025,2.42,8.416336932159014
2.01,Very Good,H,SI2,63.4,60.0,0.08000000000000007,2.8599999999999994,9.56331731809892
1.72,Ideal,G,VVS2,62.0,57.0,-0.08999999999999986,2.96,9.694297239363586
1.02,Ideal,F,SI1,62.3,56.0,-0.03000000000000025,2.4400000000000004,8.603228786403458
0.35,Ideal,H,IF,60.7,56.0,0.009999999999999787,1.8100000000000005,6.856638822826439
1.01,Good,J,VS2,63.3,54.0,-0.08000000000000007,2.38,8.303110517946836
0.3,Very Good,D,VS2,62.0,62.0,-0.02999999999999936,1.6299999999999994,6.325932286905173
0.55,Ideal,H,VVS1,61.6,55.0,-0.03000000000000025,2.04,7.529390799284228
0.36,Very Good,D,SI1,60.1,57.0,-0.040000000000000036,1.87,6.481804383469828
1.77,Premium,J,SI1,61.3,59.0,0.1200000000000001,2.95,9.240764638348574
1.36,Ideal,H,SI1,61.5,56.0,-0.040000000000000036,2.7700000000000005,8.943031100749986
0.3,Premium,G,VS2,59.3,59.0,0.040000000000000036,1.77,6.431564430727979
1.3,Premium,D,SI2,60.2,59.0,0.04999999999999982,2.7699999999999996,8.790684483023062
1.51,Ideal,I,SI1,61.2,60.0,0.019999999999999574,2.8500000000000005,9.139322232679435
0.58,Ideal,I,VS2,62.0,54.0,-0.040000000000000036,2.0599999999999996,7.226516128580184
1.18,Ideal,E,SI2,60.8,57.0,0.05999999999999961,2.66,8.607021925608912
0.72,Very Good,G,VS1,63.5,55.0,0.07000000000000028,2.05,7.889045904904372
1.01,Good,G,VS2,64.4,58.0,-0.07999999999999918,2.2699999999999996,8.647929202314105
0.27,Premium,F,IF,61.7,57.0,0.08999999999999986,1.5500000000000003,6.62279146599944
0.39,Ideal,G,VVS1,62.0,56.0,-0.040000000000000036,1.8000000000000003,6.956587990258536
0.96,Premium,I,VS2,60.6,60.0,0.0699999999999994,2.5000000000000004,8.225864928636822
0.9,Very Good,F,SI2,61.6,56.0,-0.07000000000000028,2.44,8.186967337367776
1.25,Fair,H,SI2,64.4,58.0,0.11000000000000032,2.3499999999999996,8.558088350386658
0.32,Ideal,G,VVS1,60.8,56.0,0.07000000000000028,1.69,6.825378255336959
0.76,Very Good,G,VVS2,62.3,57.0,-0.04999999999999982,2.2199999999999998,8.133673280844205
0.9,Good,D,VS2,57.7,61.0,0.019999999999999574,2.6700000000000004,8.494875389765296
0.55,Ideal,H,SI1,61.4,56.0,-0.02999999999999936,2.0599999999999996,7.125620424055047
1.7,Ideal,D,SI2,60.7,56.0,0.07000000000000028,3.01,9.334504590926525
0.55,Ideal,F,VVS2,60.7,56.0,-0.03000000000000025,2.11,7.718833732246882
0.35,Ideal,F,SI1,62.2,56.0,-0.03999999999999915,1.7199999999999998,6.4092851406909155
1.09,Ideal,H,SI1,62.2,56.0,-0.03000000000000025,2.5,8.55998522948095
0.74,Very Good,H,VS1,61.9,59.1,-0.02999999999999936,2.2099999999999995,7.912328647835336
1.01,Good,E,SI1,56.9,61.0,0.05000000000000071,2.8299999999999996,8.49004322065041
0.7,Premium,E,VVS2,62.7,53.0,0.040000000000000036,2.0800000000000005,8.061423516192068
1.15,Very Good,D,VS2,61.4,57.0,-0.08000000000000007,2.6400000000000006,9.043875371824909
0.53,Ideal,G,VS2,61.2,56.0,-0.02999999999999936,2.03,7.34051314504686
0.32,Premium,G,SI1,60.5,59.0,0.040000000000000036,1.7199999999999998,6.4420992013425
1.73,Premium,I,VS1,62.2,59.0,0.03000000000000025,2.87,9.41356363472759
1.01,Very Good,D,VS2,62.9,58.0,-0.0600000000000005,2.4000000000000004,8.83197270459961
0.76,Ideal,F,SI1,62.7,57.0,-0.02999999999999936,2.1899999999999995,7.953540252975974
1.16,Ideal,E,SI1,61.9,57.0,-0.040000000000000036,2.59,8.793463228021821
0.41,Ideal,E,VVS1,60.9,55.0,-0.03000000000000025,1.9,7.149642609427435
0.3,Ideal,E,SI2,62.0,54.0,-0.019999999999999574,1.6599999999999997,6.094039844532403
0.91,Premium,F,SI2,62.1,56.0,0.04999999999999982,2.34,8.133779536716295
1.35,Premium,I,SI2,59.8,59.0,0.05999999999999961,2.88,8.645850215252885
1.22,Ideal,G,VS2,59.9,56.0,0.040000000000000036,2.7799999999999994,9.061443589957129
0.3,Ideal,F,VS2,60.5,58.0,-0.0600000000000005,1.7400000000000002,6.3025137872896355
0.51,Very Good,H,VS1,60.7,56.0,-0.040000000000000036,2.0500000000000003,7.252972765697947
1.01,Premium,H,SI1,63.0,60.0,0.03000000000000025,2.33,8.412817339003997
0.96,Fair,H,I1,68.9,59.0,0.1299999999999999,1.8099999999999996,7.4812624231233125
0.41,Ideal,F,VVS2,62.9,54.0,0.040000000000000036,1.73,7.07600020024604
0.5,Premium,G,VS1,62.2,59.0,-0.04999999999999982,1.94,7.168093002204077
0.5,Good,D,VS2,63.3,54.0,-0.03000000000000025,1.87,7.165137581669491
0.33,Premium,I,VS1,61.1,59.0,-0.02999999999999936,1.7499999999999996,6.259878369813666
0.83,Ideal,G,SI1,62.1,57.0,0.08000000000000007,2.23,7.989405703066359
0.42,Very Good,D,VVS1,62.8,56.0,-0.040000000000000036,1.7999999999999998,7.216877654707764
1.27,Very Good,H,SI2,63.1,57.0,0.040000000000000036,2.51,8.618773506909935
0.31,Ideal,G,VVS1,62.2,55.0,-0.04999999999999982,1.67,6.652390964727712
0.41,Ideal,E,VS1,61.9,55.0,-0.040000000000000036,1.8399999999999999,6.896019136677159
0.51,Ideal,G,VS1,62.7,54.0,0.019999999999999574,1.8900000000000001,7.391734051824296
0.72,Very Good,H,VS1,60.1,57.0,-0.05999999999999961,2.3499999999999996,7.956174931582072
0.56,Ideal,F,VVS2,61.2,57.0,-0.040000000000000036,2.09,7.72851851915234
0.92,Premium,E,SI1,60.9,59.0,-0.019999999999999574,2.4599999999999995,8.373904520093607
0.52,Very Good,G,VVS1,59.2,58.0,-0.02999999999999936,2.1699999999999995,7.618203076734793
0.31,Ideal,E,IF,61.8,54.0,-0.019999999999999574,1.6799999999999997,6.851662216575806
1.02,Ideal,G,VS2,60.4,57.0,0.019999999999999574,2.58,8.767390347623074
0.47,Very Good,D,VS1,60.0,59.0,-0.019999999999999574,2.03,7.236603703385863
0.72,Premium,F,SI2,60.5,59.0,0.03000000000000025,2.28,7.762925972683086
0.35,Ideal,F,SI1,61.5,55.9,-0.02999999999999936,1.7599999999999998,6.4092851406909155
0.75,Very Good,E,VVS1,62.3,57.0,-0.09999999999999964,2.23,8.29506821193478
0.3,Premium,D,SI1,59.7,59.0,-0.03000000000000025,1.77,6.2192088755442025
1.06,Very Good,F,SI1,59.5,63.0,0.03000000000000025,2.6599999999999997,8.580452882455612
0.33,Premium,H,VS1,62.9,59.0,0.05000000000000071,1.5999999999999996,6.524189389522559
0.35,Ideal,F,VVS1,60.6,57.0,-0.02999999999999936,1.8199999999999998,6.835466029702064
1.51,Ideal,G,VS1,60.8,54.0,-0.08000000000000007,2.960000000000001,9.565447213462098
0.91,Very Good,E,SI1,63.7,59.0,-0.040000000000000036,2.25,8.309849533387375
1.13,Ideal,D,VVS2,60.1,57.0,-0.04999999999999982,2.74,9.382368928975877
1.02,Very Good,E,SI1,63.2,61.0,0.0600000000000005,2.3,8.552105949470494
1.01,Very Good,J,SI2,62.2,58.0,-0.03000000000000025,2.43,8.172598795634542
0.34,Ideal,G,SI1,61.9,55.5,-0.04999999999999982,1.75,6.337769450270843
0.46,Fair,H,VS2,65.6,58.0,-0.040000000000000036,1.6799999999999997,6.715758675014595
1.2,Ideal,I,VS2,62.5,56.0,-0.08000000000000007,2.55,8.734178570698447
1.11,Ideal,G,VVS2,61.6,57.0,-0.040000000000000036,2.6000000000000005,9.078337928184643
0.72,Very Good,J,VS1,62.2,59.9,-0.020000000000000462,2.1600000000000006,7.608647657775915
0.71,Very Good,H,VVS1,62.7,57.0,-0.05999999999999961,2.15,7.966078258500308
0.38,Premium,G,IF,62.5,60.0,0.02999999999999936,1.7200000000000002,7.00467986929799
0.31,Ideal,D,VS2,62.3,55.0,0.040000000000000036,1.62,6.734509635408721
0.45,Premium,D,VS1,60.6,59.0,-0.020000000000000462,1.9700000000000006,7.05727082786879
0.42,Ideal,D,VS1,61.1,57.0,0.03000000000000025,1.8599999999999994,7.056588036421796
0.42,Ideal,H,VS1,61.2,57.0,0.07000000000000028,1.8399999999999999,6.806869758358039
1.09,Ideal,E,SI2,61.9,55.0,0.040000000000000036,2.5,8.47535852390356
0.32,Ideal,G,VS2,62.0,57.0,0.040000000000000036,1.65,6.590581986634152
0.36,Ideal,D,SI1,61.9,55.7,-0.019999999999999574,1.75,6.5299063058727995
0.9,Very Good,D,SI1,64.2,55.0,-0.07000000000000028,2.23,8.356816473933694
0.51,Premium,E,VS1,61.3,58.0,-0.03000000000000025,2.01,7.465330752339536
0.27,Very Good,G,VVS1,62.5,56.0,-0.020000000000000462,1.5700000000000003,6.347432094560965
1.58,Premium,G,VS2,62.6,59.0,0.02999999999999936,2.7700000000000005,9.482602723124113
1.02,Ideal,G,SI1,60.3,56.0,0.03000000000000025,2.59,8.575654667840539
1.5,Premium,H,VS2,60.8,59.0,-0.020000000000000462,2.8900000000000006,9.299417297984073
0.23,Ideal,E,SI2,61.5,55.0,-0.029999999999999805,1.5499999999999998,5.824564221701243
1.01,Very Good,F,SI1,59.5,62.0,-0.08000000000000007,2.6700000000000004,8.530724363418294
0.3,Very Good,G,IF,61.0,62.0,-0.019999999999999574,1.6999999999999997,6.503509149334816
1.0,Good,D,SI2,64.3,53.0,0.04999999999999982,2.2300000000000004,8.329254267707842
0.34,Ideal,I,SI1,62.8,57.0,0.020000000000000462,1.6399999999999997,6.322777933889134
0.56,Ideal,D,SI1,61.3,55.0,-0.02999999999999936,2.0799999999999996,7.372790208824863
2.05,Very Good,H,SI2,62.4,58.0,-0.05000000000000071,3.08,9.611575730087626
0.53,Premium,F,VS2,61.4,60.0,0.03000000000000025,1.9899999999999998,7.457888562493005
0.35,Premium,G,VS1,61.7,61.0,0.02999999999999936,1.7100000000000004,6.686084158372552
1.51,Very Good,F,VS1,59.6,63.0,-0.08999999999999986,3.0299999999999994,9.566422412057486
0.77,Very Good,G,VS2,61.3,60.0,-0.10000000000000053,2.3200000000000003,8.001335569301865
1.52,Very Good,D,VS2,63.4,59.0,0.08000000000000007,2.63,9.551507665916297
1.51,Ideal,I,VS2,61.6,54.0,-0.040000000000000036,2.8499999999999996,9.23278534906532
1.7,Good,H,SI1,63.9,56.0,0.08000000000000007,2.6900000000000004,9.329784271722579
1.52,Very Good,I,SI1,62.6,60.0,-0.03000000000000025,2.75,9.10406158147733
0.7,Very Good,G,SI1,63.2,58.0,0.040000000000000036,2.05,7.6837619150563485
0.32,Ideal,G,VS1,61.6,55.0,-0.03000000000000025,1.7199999999999998,6.459455744166688
0.7,Ideal,F,SI1,62.3,56.0,-0.02999999999999936,2.15,7.824273439777207
0.26,Very Good,H,SI1,61.9,55.0,-0.040000000000000036,1.5800000000000005,5.95325340813557
0.92,Very Good,G,SI1,62.5,60.0,-0.0699999999999994,2.3699999999999997,8.273053023332926
0.72,Fair,I,VVS2,65.7,57.0,-0.08000000000000007,1.9599999999999995,7.714201108985556
2.01,Good,E,SI1,58.7,59.0,-0.03999999999999915,3.4299999999999997,9.708555386306015
1.02,Ideal,I,SI1,62.1,56.0,0.05000000000000071,2.4099999999999997,8.395837371868067
1.05,Very Good,H,VS2,63.3,58.0,-0.0600000000000005,2.4000000000000004,8.615239331266476
0.32,Ideal,H,SI1,61.9,54.0,-0.040000000000000036,1.6999999999999997,6.1773352380257744
1.01,Ideal,H,SI1,62.5,56.0,-0.07000000000000028,2.4400000000000004,8.473131358174196
1.02,Very Good,F,SI2,60.0,57.0,-0.040000000000000036,2.64,8.415315986575717
0.35,Ideal,G,VS2,61.6,54.0,-0.03000000000000025,1.77,6.470299898149468
0.3,Premium,E,IF,60.1,60.0,0.020000000000000462,1.71,6.7457815362176605
0.62,Ideal,H,VVS2,62.0,56.0,-0.020000000000000462,2.0900000000000003,7.677586456148109
0.41,Good,D,SI1,63.2,58.0,-0.04999999999999982,1.7699999999999996,6.655467717025744
1.01,Ideal,G,VS2,62.1,59.0,-0.040000000000000036,2.4499999999999997,8.717708603981121
0.55,Ideal,E,SI1,60.1,57.0,-0.019999999999999574,2.1599999999999997,7.347807812873869
1.01,Very Good,G,SI1,63.4,58.0,0.04999999999999982,2.2800000000000002,8.465069013113164
0.75,Very Good,D,SI1,59.7,62.0,-0.05000000000000071,2.4100000000000006,8.00141938513408
0.9,Very Good,D,SI1,59.4,62.0,-0.04999999999999982,2.5500000000000003,8.354552083572473
1.08,Ideal,G,IF,62.3,56.0,-0.040000000000000036,2.5,9.15803676979201
1.01,Very Good,H,SI1,63.4,58.0,0.040000000000000036,2.3099999999999996,8.409566615641813
0.57,Premium,E,SI1,62.2,55.0,0.05000000000000071,1.9899999999999998,7.383960100827106
1.21,Good,G,VS2,64.1,58.0,0.07000000000000028,2.37,8.926224836836196
0.7,Ideal,E,SI1,62.6,57.0,-0.03000000000000025,2.13,7.824928542050796
0.25,Premium,E,VVS2,62.5,59.0,-0.03000000000000025,1.5299999999999998,6.292805744229491
1.13,Ideal,H,SI2,62.5,57.0,-0.040000000000000036,2.5300000000000002,8.478479995491233
0.31,Ideal,E,VS1,61.6,55.0,-0.019999999999999574,1.6899999999999995,6.543654969662038
0.36,Very Good,G,VVS2,61.9,58.0,-0.05999999999999961,1.7699999999999996,6.682429714438479
0.72,Ideal,I,VS1,62.4,55.0,-0.03000000000000025,2.17,7.758740005187136
0.3,Ideal,F,IF,61.8,54.0,-0.020000000000000462,1.6700000000000004,6.590189610035042
0.52,Ideal,I,SI2,61.9,55.0,-0.0600000000000005,2.0100000000000002,6.878006105887453
0.36,Ideal,F,IF,61.4,55.9,-0.040000000000000036,1.8000000000000003,6.938690689309942
1.7,Ideal,I,VS1,60.1,57.0,0.03000000000000025,3.09,9.410346371742897
0.7,Very Good,F,VS2,62.9,57.0,-0.040000000000000036,2.1,7.800912516672671
0.39,Ideal,G,VVS2,60.7,55.0,-0.03000000000000025,1.8900000000000001,6.868005789713063
1.55,Ideal,H,VS1,62.0,57.0,-0.05999999999999961,2.84,9.360838657421326
0.24,Very Good,F,VVS2,61.9,56.0,-0.03999999999999959,1.5399999999999996,6.244211957043585
0.33,Premium,F,VS2,62.4,58.0,0.040000000000000036,1.63,6.6542568590048194
0.3,Ideal,E,VS2,61.3,57.0,0.040000000000000036,1.65,6.555503683931582
1.32,Premium,G,VS1,60.6,57.0,0.04999999999999982,2.7800000000000002,9.173287751419812
1.5,Very Good,E,SI1,59.6,58.0,-0.03000000000000025,3.0,9.336168427005235
1.05,Ideal,F,VVS1,59.0,60.0,-0.04999999999999982,2.75,9.225253948248536
1.08,Fair,E,SI2,64.9,60.0,0.040000000000000036,2.2299999999999995,8.334330746837907
0.42,Ideal,G,VS1,61.8,57.0,0.03000000000000025,1.8199999999999998,6.919629077492514
0.35,Ideal,F,VS2,61.4,54.0,0.040000000000000036,1.7400000000000002,6.721465819955035
0.35,Premium,F,VS2,61.1,62.0,0.040000000000000036,1.7400000000000002,6.702000632087031
0.53,Ideal,G,VVS1,61.4,57.0,0.03000000000000025,1.9899999999999998,7.651923837653053
2.21,Premium,H,SI2,61.3,60.0,0.019999999999999574,3.2199999999999998,9.57370219377797
0.55,Ideal,D,SI1,60.9,56.0,-0.03000000000000025,2.0999999999999996,7.366967389358017
1.51,Premium,E,SI1,58.6,62.0,0.04999999999999982,3.1000000000000005,9.29505103276596
0.23,Very Good,E,VVS2,62.1,62.0,-0.040000000000000036,1.5100000000000002,6.061428626184218
0.3,Ideal,F,VS1,61.4,56.0,-0.040000000000000036,1.7000000000000002,6.357556010691984
0.65,Good,F,VS1,61.7,60.3,-0.040000000000000036,2.1500000000000004,7.753527995133874
0.36,Ideal,E,SI1,62.4,55.0,0.03000000000000025,1.6999999999999997,6.672167370571042
1.16,Premium,F,SI2,61.2,61.0,0.02999999999999936,2.6000000000000005,8.498079650428988
1.2,Good,H,VS2,63.3,59.0,-0.040000000000000036,2.5,8.787293962056253
0.32,Ideal,G,VS2,61.6,57.0,0.020000000000000462,1.6799999999999997,6.590581986634152
1.0,Premium,E,VS1,58.7,62.0,0.04999999999999982,2.69,8.837960052357959
0.41,Ideal,I,IF,62.6,57.0,0.040000000000000036,1.7600000000000002,6.933882079751237
0.32,Ideal,G,VVS2,62.2,57.0,0.019999999999999574,1.6400000000000001,6.728601324433768
0.23,Very Good,G,VVS2,62.8,55.0,-0.020000000000000018,1.48,6.121060132346185
0.9,Ideal,G,VS2,62.4,54.0,0.02999999999999936,2.3200000000000003,8.408511651557843
2.14,Ideal,I,SI2,61.9,56.0,0.03999999999999915,3.120000000000001,9.619749924561635
0.92,Ideal,D,SI2,61.9,56.0,0.0699999999999994,2.3400000000000003,8.236913452407451
0.35,Premium,E,VS2,59.5,58.0,-0.03000000000000025,1.88,6.543112143791265
1.0,Good,E,SI2,62.1,61.0,-0.040000000000000036,2.4400000000000004,8.367160300331088
0.42,Premium,G,SI1,62.7,58.0,0.040000000000000036,1.7599999999999998,6.756088645896887
0.56,Ideal,D,SI1,62.5,56.0,0.040000000000000036,1.9500000000000002,7.327429446302392
1.04,Ideal,H,SI1,59.7,60.0,0.020000000000000462,2.65,8.500418575267712
1.78,Ideal,H,SI1,62.1,57.0,0.03999999999999915,2.920000000000001,9.504559015986759
0.75,Ideal,F,SI2,62.6,55.0,0.05000000000000071,2.1599999999999997,7.7462242325623
0.4,Premium,H,VS1,62.4,60.0,-0.04999999999999982,1.8000000000000003,6.643407005510787
1.02,Very Good,F,SI2,58.7,63.0,0.03000000000000025,2.66,8.313673247774407
1.21,Premium,H,VS1,61.9,60.0,0.09999999999999964,2.55,8.879436720696411
0.24,Very Good,E,VVS1,61.7,61.0,-0.040000000000000036,1.54,6.267536134532974
2.0,Ideal,H,VS2,62.4,55.0,0.08999999999999897,2.95,9.681331492626008
0.25,Ideal,H,VVS1,62.5,56.0,0.02999999999999936,1.5000000000000004,6.462946046327634
0.98,Fair,H,SI1,68.6,58.0,0.13999999999999968,1.8499999999999996,8.045894346724431
0.35,Very Good,H,VS2,61.8,56.0,-0.040000000000000036,1.7600000000000002,6.34116789972549
1.5,Premium,D,SI1,61.6,59.0,0.10000000000000053,2.7699999999999996,9.366924952902885
0.91,Fair,J,SI1,66.3,56.0,-0.07000000000000028,2.04,7.848563914499243
0.31,Very Good,G,VVS2,62.9,58.0,-0.019999999999999574,1.5999999999999996,6.509634441420683
0.38,Ideal,E,SI1,61.8,53.8,-0.040000000000000036,1.79,6.536082522334303
1.62,Ideal,G,SI1,62.2,56.0,-0.04999999999999982,2.8600000000000003,9.447230683729538
1.0,Fair,J,VS2,65.7,59.0,0.0699999999999994,2.0600000000000005,8.132502490196881
0.24,Ideal,H,VS2,61.1,56.0,-0.040000000000000036,1.58,6.051190493725006
0.31,Ideal,G,VS1,61.9,55.0,0.009999999999999787,1.6600000000000001,6.613565784554864
0.41,Very Good,G,SI1,60.4,58.0,-0.07000000000000028,1.94,6.586943987397954
1.09,Ideal,E,VS2,60.7,57.0,-0.019999999999999574,2.63,8.959494060036164
0.5,Very Good,F,VS1,62.0,58.0,-0.03000000000000025,1.9500000000000002,7.211417094466817
1.11,Ideal,I,SI2,61.9,57.0,0.040000000000000036,2.51,8.33889533131107
0.7,Ideal,I,VS2,61.1,57.0,-0.04999999999999982,2.25,7.6583125549669315
0.5,Good,E,SI1,64.0,56.0,0.1299999999999999,1.7200000000000002,6.9955039220178215
1.2,Premium,H,VS2,60.6,58.0,-0.05999999999999961,2.7299999999999995,8.835739027830725
2.0,Ideal,H,VS2,61.6,57.0,0.02999999999999936,3.09,9.678459246409446
0.26,Ideal,F,VS2,62.1,57.0,-0.0600000000000005,1.58,6.214898695919664
0.73,Fair,D,VS1,66.0,54.0,-0.10000000000000053,1.96,7.952059502351149
0.32,Premium,H,VVS2,61.0,58.0,0.03000000000000025,1.71,6.629132101301307
0.93,Very Good,G,SI1,62.5,57.8,-0.1299999999999999,2.41,8.277960517795968
0.21,Premium,D,VS2,58.3,59.0,0.029999999999999805,1.6300000000000003,6.134353167417737
1.04,Good,J,SI2,63.8,56.0,0.040000000000000036,2.2700000000000005,8.113309654529889
1.52,Premium,G,SI1,62.3,58.0,0.040000000000000036,2.7399999999999993,9.27617607589546
0.71,Fair,G,SI2,65.6,61.0,0.08999999999999986,1.8200000000000003,7.4670780521942355
0.54,Good,E,VVS2,57.5,61.0,0.08000000000000007,2.2699999999999996,7.749529368634266
1.0,Very Good,H,SI2,59.1,62.0,-0.03000000000000025,2.67,8.3068141568457
0.53,Ideal,G,VS1,61.3,57.0,-0.040000000000000036,2.03,7.442632697673855
0.4,Fair,G,SI1,64.7,55.0,0.02999999999999936,1.6300000000000003,6.663035244102261
1.51,Ideal,H,VS1,62.6,56.0,-0.040000000000000036,2.75,9.350968438907318
0.33,Ideal,D,VS2,60.9,55.0,0.040000000000000036,1.73,6.755171140392765
0.52,Ideal,G,VVS2,61.4,57.0,-0.020000000000000462,2.0100000000000002,7.5534310923855745
0.72,Premium,G,SI1,60.8,58.0,0.05999999999999961,2.2300000000000004,7.851609778286045
1.14,Good,D,IF,61.7,63.0,-0.10000000000000053,2.6100000000000003,9.61398471150197
0.72,Ideal,G,SI1,62.0,56.0,0.040000000000000036,2.16,7.822680269912651
2.02,Fair,H,SI1,56.2,61.0,0.47000000000000064,3.5200000000000005,9.549424937145103
0.4,Ideal,E,VS2,62.4,55.0,0.03000000000000025,1.7599999999999998,6.949624759704516
0.52,Ideal,F,VVS1,61.2,56.0,0.019999999999999574,2.0100000000000002,7.764535860502869
1.21,Premium,I,SI1,62.8,57.0,0.07000000000000028,2.46,8.57023476926282
1.01,Very Good,D,SI1,61.5,54.0,-0.0699999999999994,2.51,8.649916931593177
0.74,Premium,F,SI1,60.7,59.0,0.02999999999999936,2.2800000000000002,7.944950585960236
1.75,Premium,D,SI2,60.6,60.0,-0.040000000000000036,3.08,9.326489493228722
1.5,Very Good,H,SI1,62.9,57.0,-0.040000000000000036,2.71,9.193745287900652
0.51,Ideal,G,VS1,61.0,55.0,0.09999999999999964,1.9600000000000004,7.387224889592196
1.29,Fair,F,SI2,64.4,57.0,0.05999999999999961,2.4000000000000004,8.636008149314986
0.33,Very Good,E,VVS1,63.2,53.0,-0.04999999999999982,1.6599999999999997,6.781888511685423
0.34,Ideal,D,VS2,62.3,55.0,-0.03000000000000025,1.7000000000000006,6.6310759960705425
1.08,Very Good,H,VS2,62.9,59.0,-0.08999999999999986,2.46,8.648903190366008
0.34,Ideal,H,VS2,61.5,54.0,-0.040000000000000036,1.7600000000000002,6.371412717267733
1.24,Very Good,H,SI2,63.2,55.0,0.04999999999999982,2.5,8.571755248140404
0.46,Ideal,H,VS1,61.9,55.0,-0.040000000000000036,1.9100000000000001,6.843340220150102
2.17,Premium,J,SI2,62.3,60.0,0.13000000000000078,3.049999999999999,9.521518988152744
1.01,Very Good,H,SI2,60.6,61.0,-0.07000000000000028,2.56,8.346073775191021
0.9,Ideal,G,SI1,62.4,57.0,-0.040000000000000036,2.3400000000000003,8.25850038497736
0.7,Premium,D,VS2,60.9,57.0,0.019999999999999574,2.22,7.983526114818761
1.01,Ideal,G,VVS2,60.6,57.0,0.040000000000000036,2.55,8.947402639896461
0.7,Premium,H,SI1,60.9,62.0,0.04999999999999982,2.1999999999999997,7.713588257969524
0.33,Ideal,F,VVS1,61.9,55.0,-0.03000000000000025,1.71,6.794108235768973
1.11,Good,D,VS2,63.2,57.0,-0.02999999999999936,2.46,8.951611009839699
1.7,Very Good,J,VVS1,62.9,60.0,-0.05000000000000071,2.8400000000000007,9.266701711679872
0.9,Very Good,G,VS2,62.4,60.0,-0.040000000000000036,2.3100000000000005,8.386793285215607
0.52,Fair,G,IF,65.5,55.0,-0.07999999999999918,1.7699999999999996,7.600113340283606
1.09,Ideal,H,SI1,62.5,56.0,0.04999999999999982,2.4300000000000006,8.518519063257722
0.71,Very Good,H,SI1,63.5,57.0,0.040000000000000036,2.04,7.705698808224017
0.36,Ideal,E,VS2,61.2,56.0,-0.020000000000000462,1.8000000000000003,6.64544313288004
0.71,Very Good,H,SI1,62.5,60.0,-0.07000000000000028,2.18,7.7540224582473
0.49,Ideal,G,VS2,61.1,57.0,0.03000000000000025,1.9699999999999998,7.157485535904123
1.05,Ideal,G,VS1,62.8,58.0,-0.040000000000000036,2.420000000000001,8.858514012099112
1.03,Very Good,E,SI1,62.6,58.0,-0.07000000000000028,2.45,8.596766576154959
0.39,Good,G,VS2,63.7,53.0,0.04999999999999982,1.6600000000000001,6.77359775199296
1.08,Premium,G,SI2,62.9,59.0,0.040000000000000036,2.41,8.362656405284923
0.9,Good,G,SI1,63.8,59.0,0.03000000000000025,2.1799999999999997,8.117979462591062
1.51,Premium,J,VS2,62.3,59.0,0.040000000000000036,2.7399999999999993,9.013762007772886
0.75,Ideal,E,SI1,61.4,56.0,-0.05999999999999961,2.2899999999999996,8.026146652776761
1.5,Very Good,H,VVS2,62.7,58.0,-0.03000000000000025,2.71,9.322024658338261
1.04,Very Good,G,VS2,61.1,56.0,-0.019999999999999574,2.55,8.754869362005568
1.0,Premium,F,VS1,62.7,55.0,0.04999999999999982,2.3499999999999996,8.839007543143516
1.24,Ideal,I,SI1,62.4,57.0,0.019999999999999574,2.58,8.659595733822211
0.51,Ideal,H,VS2,61.4,56.0,-0.05000000000000071,2.0200000000000005,7.155499285248009
0.38,Premium,J,VVS2,60.5,59.0,0.02999999999999936,1.8500000000000005,6.545036815738316
0.5,Ideal,G,VVS2,61.4,56.0,-0.040000000000000036,2.0000000000000004,7.385242229764565
0.29,Ideal,D,VS1,61.7,57.0,0.02999999999999936,1.6100000000000003,6.531692732085968
1.0,Very Good,D,SI2,60.8,63.0,0.04999999999999982,2.4800000000000004,8.407422231709033
1.08,Premium,G,SI2,62.2,56.0,0.08000000000000007,2.45,8.365494897238205
0.31,Ideal,F,VS2,61.6,56.0,-0.03000000000000025,1.69,6.44409464245221
0.98,Premium,E,SI2,61.7,61.0,0.040000000000000036,2.4099999999999997,8.18531863973828
0.91,Very Good,H,SI1,63.0,57.0,-0.09000000000000075,2.3200000000000003,8.19922827235653
2.04,Very Good,H,SI2,62.7,56.0,-0.05999999999999872,3.049999999999999,9.618915111078048
1.11,Ideal,E,VS2,62.2,56.0,-0.07000000000000028,2.54,8.954571787859795
0.56,Ideal,D,VS2,61.2,56.0,0.04999999999999982,2.04,7.5770103339780865
0.41,Premium,G,VS2,59.9,59.0,0.040000000000000036,1.9200000000000004,6.8239904110788006
0.44,Ideal,G,SI2,61.1,55.0,-0.020000000000000462,1.9300000000000002,6.596376712271505
0.32,Ideal,J,IF,62.2,56.0,-0.040000000000000036,1.6800000000000002,6.433233869706333
1.0,Premium,J,VS1,59.7,62.0,0.05999999999999961,2.59,8.338105396386151
0.32,Very Good,G,VS1,62.8,59.0,-0.040000000000000036,1.6400000000000001,6.4202405127272515
1.13,Ideal,F,VS2,61.8,54.0,-0.010000000000000675,2.58,8.98329915712985
0.5,Good,F,VS2,63.3,60.0,-0.040000000000000036,1.8600000000000003,7.061775857646975
0.4,Very Good,E,SI1,61.4,58.0,-0.040000000000000036,1.8699999999999997,6.611719617620125
2.02,Good,E,SI2,58.8,61.0,-0.03999999999999915,3.41,9.60729875874814
0.71,Ideal,E,SI1,61.5,57.0,-0.040000000000000036,2.24,7.980746854823118
0.67,Premium,F,SI1,61.3,59.0,0.020000000000000462,2.17,7.576112817858609
1.21,Very Good,H,SI2,61.1,60.0,-0.04999999999999982,2.7,8.574384140126615
1.2,Very Good,J,SI2,61.4,55.0,-0.07000000000000028,2.6899999999999995,8.416042916579523
0.51,Ideal,G,VS1,59.0,59.0,-0.03000000000000025,2.1700000000000004,7.395517420850715
1.02,Premium,G,SI2,60.7,56.0,0.04999999999999982,2.5399999999999996,8.358679610402397
1.0,Good,F,VS2,64.2,58.0,0.0600000000000005,2.2199999999999998,8.622381412830922
0.93,Very Good,E,SI1,62.5,58.0,-0.0600000000000005,2.3600000000000003,8.355100532769052
0.31,Ideal,F,VVS1,61.9,55.0,-0.04999999999999982,1.6999999999999997,6.722814892935179
0.28,Good,E,VS1,63.1,55.0,-0.02999999999999936,1.5499999999999998,6.198922841258296
0.5,Very Good,E,SI1,62.4,58.0,0.04999999999999982,1.8699999999999997,7.019636419144419
1.59,Premium,I,VS2,62.0,58.0,0.05000000000000071,2.79,9.194636322738027
1.5,Fair,H,I1,65.5,58.0,0.05999999999999961,2.38,8.384909373058694
1.51,Fair,G,VS2,58.1,67.0,0.09999999999999964,3.1100000000000003,9.392628529382009
0.6,Ideal,E,SI1,61.4,57.0,0.05999999999999961,2.09,7.453917059327096
0.33,Ideal,G,VS1,61.1,55.0,-0.019999999999999574,1.7699999999999996,6.493802964171106
0.71,Ideal,I,VVS2,62.2,54.0,-0.04999999999999982,2.19,7.84681914029825
0.56,Ideal,I,VS2,62.2,57.0,-0.010000000000000675,2.0000000000000004,7.155647555855274
1.51,Good,D,SI2,61.7,65.0,0.07000000000000028,2.7799999999999994,9.09502956890998
1.11,Very Good,D,VS2,63.2,57.0,0.02999999999999936,2.4300000000000006,8.933535821733617
1.54,Ideal,G,SI2,62.3,60.0,-0.04999999999999982,2.7800000000000002,9.127044296038731
0.31,Ideal,D,SI1,61.8,57.0,-0.040000000000000036,1.6800000000000002,6.377780319002197
0.7,Ideal,H,SI2,61.6,56.0,-0.019999999999999574,2.2,7.6427221935859455
0.7,Premium,I,SI1,61.8,62.0,0.05000000000000071,2.1399999999999997,7.540415398102226
1.51,Very Good,G,VVS2,62.1,59.0,-0.05999999999999961,2.8,9.55086850171947
0.57,Ideal,E,VS1,62.1,53.0,-0.04999999999999982,2.0700000000000003,7.651402441472419
0.2,Premium,F,VS2,62.6,59.0,0.020000000000000018,1.38,6.237576336949572
1.02,Very Good,D,SI1,63.5,61.0,0.08000000000000007,2.26,8.574868706425544
1.1,Premium,F,SI2,62.1,56.0,0.1200000000000001,2.4399999999999995,8.39755551217095
0.3,Ideal,G,VS1,61.5,56.0,-0.05999999999999961,1.69,6.3089951186501025
1.0,Very Good,F,SI1,63.8,56.0,-0.040000000000000036,2.29,8.498108227806359
0.28,Very Good,E,IF,59.6,55.0,-0.0699999999999994,1.7599999999999998,6.422970483769769
1.0,Fair,G,VS2,63.7,55.0,0.07000000000000028,2.23,8.587772702060045
1.21,Very Good,F,SI1,59.4,56.0,-0.04999999999999982,2.8600000000000003,8.839579998473573
0.9,Premium,I,VS1,61.0,55.0,0.020000000000000462,2.4399999999999995,8.255285297691367
1.6,Ideal,J,SI1,62.2,55.0,-0.07000000000000028,2.87,9.101734956588835
0.81,Ideal,I,SI1,62.5,57.0,0.0600000000000005,2.1999999999999997,7.809467086596638
0.51,Premium,E,VS1,61.8,58.0,0.040000000000000036,1.9299999999999997,7.474020963144374
1.0,Premium,G,VS2,58.6,61.0,0.040000000000000036,2.7100000000000004,8.654069496073765
0.53,Ideal,E,VVS1,61.9,55.0,-0.009999999999999787,1.9899999999999998,7.790950023668587
0.55,Very Good,E,SI1,64.2,55.0,-0.020000000000000462,1.87,7.173865575753375
0.32,Ideal,D,VS1,61.4,56.0,-0.04999999999999982,1.7399999999999998,6.6112408656439925
0.52,Ideal,D,VS2,62.3,56.0,0.04999999999999982,1.9100000000000001,7.506750887893691
0.76,Ideal,E,VS2,61.6,56.0,-0.05000000000000071,2.2800000000000002,8.139511713314391
2.02,Premium,I,SI2,61.2,58.0,0.07000000000000028,3.0999999999999988,9.570109340284827
0.33,Good,F,SI1,61.8,62.0,-0.04999999999999982,1.71,6.272583851157134
0.35,Ideal,H,VVS1,61.7,56.0,0.019999999999999574,1.7300000000000004,6.795561535251525
0.54,Very Good,F,SI1,64.0,59.0,-0.040000000000000036,1.88,7.1174669396047445
1.41,Ideal,H,VS1,60.7,56.0,0.08999999999999986,5.81,9.18377366286249
0.46,Premium,E,VS1,62.0,58.0,-0.03000000000000025,1.9000000000000004,7.0485428179557195
0.51,Ideal,F,SI1,62.8,57.0,0.019999999999999574,1.8800000000000003,7.15429270811136
0.3,Ideal,E,VVS1,61.6,56.0,-0.010000000000000675,1.6600000000000001,6.572963685755683
0.34,Ideal,D,I1,61.4,55.0,-0.019999999999999574,1.7499999999999996,6.265982594700663
1.04,Premium,H,VS1,59.7,59.0,0.04999999999999982,2.6399999999999997,8.655289617745112
0.3,Premium,E,VS2,61.9,59.0,0.040000000000000036,1.62,6.543391634866687
0.54,Ideal,E,SI1,61.5,57.0,0.03000000000000025,1.9999999999999996,7.331895935264027
0.46,Very Good,D,VS2,63.2,56.0,0.03000000000000025,1.7899999999999996,7.072674005152514
0.9,Good,F,VS2,63.1,57.0,-0.03000000000000025,2.2800000000000002,8.4158729909822
1.83,Very Good,F,SI1,63.2,56.0,0.04999999999999982,2.83,9.597146660767852
0.81,Ideal,F,SI2,62.6,55.0,-0.040000000000000036,2.2399999999999998,7.957715400800507
0.31,Ideal,H,VVS1,61.5,56.0,-0.040000000000000036,1.6999999999999997,6.549746250200252
0.9,Premium,F,VS2,62.4,58.0,-0.0699999999999994,2.36,8.462102575624792
2.52,Fair,G,I1,66.9,57.0,0.0600000000000005,2.7300000000000004,9.035543169905603
0.5,Ideal,F,VVS1,60.4,56.0,-0.04999999999999982,2.08,7.573918488972205
1.5,Very Good,F,VS1,61.6,58.0,-0.08000000000000007,2.88,9.623304254532915
1.0,Premium,E,I1,62.3,58.0,0.04999999999999982,2.37,8.043566548572349
1.03,Premium,H,SI1,60.7,60.0,0.08000000000000007,2.54,8.474778686847982
0.34,Fair,J,SI1,64.5,57.0,0.019999999999999574,1.5400000000000005,6.112770068570863
1.63,Premium,G,SI2,62.5,57.0,0.03000000000000025,2.8200000000000003,9.156403319671094
0.4,Ideal,D,VS2,62.2,55.0,-0.020000000000000462,1.8000000000000003,6.8324572768182925
1.56,Ideal,E,SI2,61.2,56.0,0.040000000000000036,2.9000000000000004,9.20812457933247
0.72,Very Good,H,VS2,60.8,59.0,-0.02999999999999936,2.2199999999999998,7.863444737489072
0.5,Ideal,H,VVS1,61.4,57.0,-0.03000000000000025,1.9900000000000002,7.345953077410021
1.22,Premium,G,SI1,61.8,58.0,0.05999999999999961,2.59,8.828067259706783
0.31,Ideal,D,SI1,62.3,55.0,-0.009999999999999787,1.6399999999999997,6.377415919042219
0.52,Good,G,VS1,63.9,56.0,-0.040000000000000036,1.8600000000000003,7.3338353626345905
1.0,Very Good,E,SI2,63.0,54.0,-0.040000000000000036,2.37,8.411426868659321
0.33,Premium,I,VS2,60.6,58.0,-0.02999999999999936,1.7699999999999996,6.196012921733224
1.12,Premium,G,IF,61.2,58.0,0.03000000000000025,2.58,9.161872814336537
0.7,Ideal,F,VS2,61.6,55.0,-0.03000000000000025,2.22,7.9244447562949265
1.35,Very Good,G,VS1,63.4,56.0,0.08000000000000007,2.54,9.179969140446978
0.52,Very Good,I,VS1,61.4,57.0,-0.020000000000000462,2.0100000000000002,7.191567589705597
0.51,Good,E,SI1,57.4,62.0,0.04999999999999982,2.22,7.207651494063951
0.35,Ideal,G,IF,61.3,56.0,-0.020000000000000462,1.7600000000000002,6.8463049024973
0.73,Ideal,D,SI2,61.8,56.0,-0.05000000000000071,2.24,7.89672034779613
0.51,Ideal,F,VS1,61.7,54.0,-0.03000000000000025,1.9899999999999998,7.439036837801409
0.71,Ideal,E,VVS2,62.0,57.0,-0.019999999999999574,2.1799999999999997,8.16075086812134
0.26,Very Good,F,VS1,60.5,59.0,-0.05999999999999961,1.67,6.184949538567531
0.91,Ideal,E,SI1,61.0,57.0,-0.05999999999999961,2.46,8.410380582782079
0.3,Premium,D,SI1,62.2,58.0,0.02999999999999936,1.6100000000000003,6.445101335675046
1.7,Good,J,VS2,64.0,58.0,-0.05999999999999961,2.71,9.156209311657515
0.36,Premium,E,VVS1,62.4,56.0,0.040000000000000036,1.6900000000000004,7.039974114391722
1.61,Ideal,F,VS2,62.1,57.0,-0.0699999999999994,2.8899999999999997,9.635946393261403
1.0,Premium,F,SI1,59.0,59.0,0.04999999999999982,2.65,8.511829520008733
1.5,Very Good,E,SI1,64.0,58.0,-0.020000000000000462,2.6100000000000003,9.338704091559977
0.33,Ideal,E,SI1,62.0,54.0,-0.019999999999999574,1.6899999999999995,6.391214164892999
0.4,Ideal,I,VS1,62.0,54.0,-0.03000000000000025,1.81,6.5549669670647175
0.75,Very Good,E,SI1,63.0,55.0,-0.03000000000000025,2.15,7.932352702526163
1.33,Ideal,F,VVS2,61.9,55.0,-0.05000000000000071,2.71,9.45416165035106
1.05,Ideal,F,SI1,61.3,54.0,-0.03000000000000025,2.5700000000000003,8.645179112516425
1.22,Premium,G,SI2,60.5,58.0,0.040000000000000036,2.7199999999999998,8.60785929193913
1.27,Ideal,I,SI2,62.1,56.0,0.040000000000000036,2.6100000000000003,8.593834730910654
0.31,Ideal,H,VVS2,62.8,57.0,0.03000000000000025,1.5899999999999999,6.6039846164433476
1.52,Premium,D,SI1,59.8,58.0,-0.040000000000000036,3.05,9.36271704432108
0.84,Ideal,D,VVS1,62.0,54.0,-0.040000000000000036,2.3200000000000003,8.735067376164698
0.34,Premium,E,VS2,60.9,60.0,0.019999999999999574,1.75,6.753047009605178
0.41,Very Good,F,SI1,62.8,57.0,-0.040000000000000036,1.7700000000000005,6.606067541947653
1.19,Premium,E,VS1,59.8,58.0,0.0699999999999994,2.7700000000000005,9.14596404562008
0.7,Fair,G,I1,65.2,58.0,0.08000000000000007,1.8800000000000003,7.0062148860788795
0.9,Fair,I,VS2,64.1,66.0,0.05999999999999961,2.1300000000000003,8.020580122497694
0.41,Premium,J,VS1,60.8,61.0,0.07000000000000028,1.8299999999999996,6.585297979223621
0.3,Ideal,E,VVS1,61.2,58.0,-0.02999999999999936,1.6799999999999997,6.571886025414816
0.34,Premium,D,SI1,62.0,59.0,0.0600000000000005,1.6600000000000001,6.640149475678695
1.02,Premium,G,SI1,61.9,58.0,0.04999999999999982,2.4299999999999997,8.515627664267953
1.0,Ideal,F,SI2,61.8,57.0,0.08999999999999986,2.4000000000000004,8.35327585343586
1.01,Good,E,SI1,60.9,64.0,0.07000000000000028,2.4099999999999997,8.525191147551682
1.01,Premium,F,SI2,59.6,59.0,0.07000000000000028,2.6099999999999994,8.351639915590987
0.39,Ideal,H,VVS2,62.1,54.3,-0.0600000000000005,1.7900000000000005,6.773012772706075
0.31,Good,D,SI1,63.8,57.0,-0.040000000000000036,1.58,6.307792827096779
0.6,Premium,D,SI2,62.0,57.0,0.08000000000000007,2.01,7.261541412883065
0.9,Very Good,I,SI1,62.3,58.0,-0.04999999999999982,2.34,8.087500852438996
1.06,Premium,I,SI2,61.5,57.0,0.08000000000000007,2.4700000000000006,8.308513109664208
0.5,Ideal,F,VS2,62.5,57.0,-0.040000000000000036,1.9300000000000002,7.134748642458769
0.54,Good,E,VVS2,60.1,61.0,-0.08000000000000007,2.17,7.716148269705782
0.3,Ideal,D,SI1,61.9,57.0,-0.040000000000000036,1.6600000000000001,6.255633201364373
1.52,Fair,I,SI1,64.6,58.0,0.03000000000000025,2.5300000000000002,9.021166557706433
1.0,Premium,H,SI2,59.4,60.0,0.08999999999999986,2.5700000000000003,8.276761484866022
1.09,Good,H,VVS2,58.8,61.0,-0.0600000000000005,2.81,8.794459630340228
1.51,Good,I,SI1,63.7,58.0,0.040000000000000036,2.6099999999999994,9.052375632584727
0.4,Ideal,G,VS1,62.3,57.0,0.05000000000000071,1.7499999999999996,6.890334806206158
0.53,Good,G,SI1,63.8,56.0,0.040000000000000036,1.8499999999999996,7.119206040513765
1.25,Premium,G,SI2,62.8,57.0,0.08000000000000007,2.5,8.651533773177258
1.3,Very Good,F,SI1,61.5,58.0,-0.0699999999999994,2.7399999999999993,8.973602974194256
0.4,Very Good,I,VS2,61.4,57.6,-0.04999999999999982,1.8600000000000003,6.480834329268301
0.41,Ideal,G,VS2,60.9,57.0,-0.04999999999999982,1.9099999999999997,6.733566206965612
0.52,Ideal,F,VS1,61.6,56.0,0.040000000000000036,1.98,7.557442155064708
0.67,Very Good,F,VS2,63.2,60.0,0.04999999999999982,2.01,7.65177376109365
0.32,Ideal,G,VVS2,61.7,57.0,-0.03000000000000025,1.7100000000000004,6.573104255433264
1.3,Good,J,SI2,62.9,56.0,-0.040000000000000036,2.5900000000000007,8.523276439629878
1.0,Good,G,SI2,63.4,60.0,-0.1200000000000001,2.36,8.314867482976936
1.07,Ideal,F,SI2,61.2,57.0,0.03000000000000025,2.55,8.441432203295163
0.3,Ideal,F,VVS1,62.2,56.0,-0.019999999999999574,1.63,6.515382960198623
0.77,Ideal,H,SI2,60.8,57.0,0.07000000000000028,2.2899999999999996,7.74866492573138
0.56,Premium,G,VS1,61.0,60.0,0.0699999999999994,2.0500000000000003,7.514218226711629
0.71,Premium,H,SI1,61.0,58.0,0.08000000000000007,2.1799999999999997,7.756527126204923
0.35,Premium,H,SI1,60.0,61.0,0.02999999999999936,1.8200000000000003,6.4055104266521425
0.9,Very Good,J,VS1,62.6,55.0,-0.019999999999999574,2.3,8.14373058519301
0.38,Premium,H,SI1,59.7,60.0,0.019999999999999574,1.87,6.493712906518515
0.3,Ideal,G,VS1,61.8,56.0,-0.020000000000000462,1.6600000000000001,6.3089951186501025
1.5,Good,E,SI1,63.9,54.0,0.05999999999999961,2.58,9.297883012656543
1.01,Good,D,SI2,64.5,58.0,-0.08000000000000007,2.25,8.371411543077008
1.0,Good,I,SI1,65.2,56.0,-0.05999999999999961,2.1999999999999993,8.234311043139018
0.4,Ideal,H,SI2,62.6,55.0,-0.02999999999999936,1.7899999999999996,6.383822263289688
0.4,Premium,F,VVS2,60.7,58.0,0.04999999999999982,1.83,7.047724405400483
1.54,Premium,H,VS2,61.9,59.0,-0.020000000000000462,2.8,9.293222251879799
1.05,Premium,F,VS2,62.6,58.0,0.03000000000000025,2.41,8.807630317329528
0.51,Very Good,E,VVS1,62.2,60.0,-0.040000000000000036,1.9500000000000002,7.643886134273318
0.37,Premium,J,VS2,60.7,60.0,-0.02999999999999936,1.8499999999999996,6.210122057381205
0.72,Good,I,VS1,61.3,63.0,-0.08000000000000007,2.25,7.750950625992092
1.25,Very Good,H,VS2,60.3,54.0,-0.03000000000000025,2.8,8.911122121704887
1.06,Ideal,F,IF,61.0,57.0,-0.08999999999999986,2.62,9.320232522500167
1.23,Premium,F,VVS2,61.6,59.0,0.10000000000000053,2.58,9.361624591012033
0.75,Ideal,E,VS2,61.6,57.0,0.03000000000000025,2.2199999999999998,8.09037361376011
2.08,Very Good,J,SI1,62.6,58.0,-0.0600000000000005,3.0700000000000003,9.532309093268779
0.75,Ideal,I,SI1,61.8,55.0,-0.019999999999999574,2.2399999999999998,7.720485651317688
1.09,Ideal,F,VVS2,62.5,55.0,0.08000000000000007,2.42,9.167127284935152
0.51,Ideal,G,VS1,61.7,56.0,-0.040000000000000036,1.9799999999999995,7.332957204361267
1.01,Ideal,F,SI2,62.7,57.0,-0.02999999999999936,2.3899999999999997,8.410595827051104
1.03,Ideal,G,VS1,63.0,56.0,0.03000000000000025,2.37,8.829447870213746
0.36,Premium,I,VS1,60.3,60.0,0.05999999999999961,1.8000000000000003,6.502108139923615
0.52,Ideal,D,VVS2,59.9,57.0,-0.07000000000000028,2.14,7.816976142362815
0.4,Good,F,VVS1,61.9,61.0,-0.020000000000000462,1.8100000000000005,6.956606470265353
1.12,Fair,D,VS2,58.9,59.0,0.07000000000000028,2.76,8.933058332679755
0.5,Ideal,D,VS1,61.9,54.0,-0.040000000000000036,1.9699999999999998,7.355279452504193
2.07,Premium,H,SI1,61.1,58.0,0.07000000000000028,3.169999999999999,9.64997630781681
1.01,Premium,D,VS2,62.2,61.0,0.05999999999999961,2.39,8.816482952196306
0.4,Premium,E,SI1,60.1,59.0,0.0600000000000005,1.88,6.7886754886435305
1.22,Ideal,F,VVS2,62.2,54.0,-0.040000000000000036,2.6100000000000003,9.401910221552331
0.23,Premium,D,VVS2,59.6,61.0,0.040000000000000036,1.6,6.269830540092783
0.3,Premium,G,SI2,62.3,59.0,-0.040000000000000036,1.63,6.013328732860233
0.38,Premium,D,VVS2,60.0,62.0,0.03000000000000025,1.87,6.980957889543376
1.03,Premium,I,VS1,60.1,59.0,0.07000000000000028,2.56,8.556848128476613
0.58,Ideal,F,SI2,60.9,57.0,-0.040000000000000036,2.1400000000000006,7.221740184046356
0.73,Very Good,I,VVS2,62.3,58.0,-0.03000000000000025,2.1900000000000004,7.813610486107337
0.33,Ideal,H,IF,61.6,55.0,-0.02999999999999936,1.7399999999999998,6.7077786404836
0.51,Good,G,VVS2,63.4,57.0,-0.03000000000000025,1.8699999999999997,7.4127533757524935
0.98,Premium,H,I1,59.6,60.0,0.1299999999999999,2.5900000000000003,7.800631055843861
0.3,Ideal,I,VS2,61.4,58.0,-0.019999999999999574,1.6699999999999995,6.08753862732438
0.39,Premium,G,VS2,60.9,59.0,0.04999999999999982,1.8200000000000003,6.822931985247134
0.33,Ideal,F,VVS2,60.9,56.0,-0.03000000000000025,1.77,6.686366351600288
2.01,Premium,I,VS2,62.7,58.0,0.040000000000000036,2.95,9.61558808746032
0.9,Fair,I,SI2,65.3,57.0,0.05000000000000071,2.0399999999999996,7.840055957205841
0.75,Good,D,SI2,57.6,56.0,-0.08999999999999986,2.6,7.856992540227764
0.24,Very Good,E,VS1,62.4,56.0,-0.010000000000000231,1.5,6.105011260198793
0.58,Ideal,J,SI1,62.1,55.0,-0.08000000000000007,2.07,6.964202140045945
0.35,Ideal,H,VVS1,62.0,53.9,-0.03000000000000025,1.7300000000000004,6.665754558551711
0.3,Ideal,H,VS2,62.3,56.0,-0.03000000000000025,1.63,6.18112980431164
1.1,Premium,H,SI1,62.0,58.0,0.08000000000000007,2.4799999999999995,8.523611828796446
0.32,Premium,F,SI1,62.3,55.0,0.05000000000000071,1.6399999999999997,6.5274311998783325
1.04,Premium,G,VVS2,61.8,58.0,-0.040000000000000036,2.5,8.941043169594058
1.0,Very Good,G,SI1,59.3,63.0,0.040000000000000036,2.6100000000000003,8.47017003797356
1.26,Premium,J,SI1,61.7,58.0,0.08000000000000007,2.62,8.553181612154209
1.79,Ideal,I,VS1,61.3,57.0,0.05000000000000071,3.01,9.472541481460679
0.41,Ideal,J,VS1,62.0,53.6,-0.040000000000000036,1.83,6.494368131384072
0.95,Very Good,J,SI1,63.4,55.0,0.040000000000000036,2.26,7.955741056644709
3.01,Good,I,SI2,63.9,60.0,0.05000000000000071,3.24,9.629742842221145
1.6,Premium,H,VS1,62.5,58.0,0.09999999999999964,2.7300000000000004,9.366601330267843
0.85,Very Good,E,SI2,63.1,58.0,0.019999999999999574,2.21,7.950162785492691
1.22,Ideal,I,SI1,62.1,56.0,0.040000000000000036,2.5599999999999996,8.64549489215257
1.32,Fair,H,I1,65.8,55.0,0.040000000000000036,2.3200000000000003,8.139612103065963
1.2,Ideal,D,VVS2,61.9,56.0,-0.020000000000000462,2.6100000000000003,9.490871763572372
0.35,Premium,E,SI2,61.5,59.0,0.040000000000000036,1.7299999999999995,6.425041341611593
0.71,Very Good,D,SI1,63.1,56.0,0.05000000000000071,2.0799999999999996,7.888835021048398
0.63,Premium,F,VS2,58.2,61.0,0.05999999999999961,2.33,7.724772050876323
1.34,Premium,D,SI2,60.3,59.0,0.04999999999999982,2.8100000000000005,8.790684483023062
1.21,Premium,H,SI1,60.2,58.0,0.04999999999999982,2.7199999999999998,8.684542672286728
1.01,Ideal,I,SI1,61.9,59.0,-0.040000000000000036,2.46,8.381342064967825
1.59,Premium,F,VS2,60.2,60.0,-0.03000000000000025,3.04,9.537226123493395
0.79,Ideal,G,SI1,60.3,60.0,-0.03999999999999915,2.3999999999999995,7.973662758707351
2.01,Premium,I,VS2,62.6,59.0,0.02999999999999936,2.99,9.61558808746032
0.71,Fair,G,SI2,65.6,56.0,0.04999999999999982,1.8600000000000003,7.473894929879415
0.33,Very Good,E,VS1,58.3,62.0,-0.08000000000000007,1.9300000000000002,6.486290695008499
1.02,Very Good,E,SI1,63.2,60.0,-0.08999999999999986,2.3899999999999997,8.596766576154959
1.01,Ideal,D,SI2,61.6,57.0,-0.1299999999999999,2.52,8.494839640577938
1.25,Premium,E,VS1,61.5,59.0,0.040000000000000036,2.6500000000000004,9.252404761233425
1.0,Very Good,E,SI1,62.1,57.0,-0.05000000000000071,2.4400000000000004,8.568457032101811
0.56,Very Good,G,SI1,61.1,56.0,-0.019999999999999574,2.08,7.219186194523132
1.54,Ideal,F,SI1,61.9,56.0,0.0600000000000005,2.79,9.363092987488262
1.34,Ideal,H,VS2,61.2,56.0,0.040000000000000036,2.7199999999999998,8.939266740729005
1.11,Premium,E,SI1,61.3,58.0,-0.04999999999999982,2.59,8.692216010245996
0.55,Premium,D,SI1,61.0,58.0,0.020000000000000462,2.0499999999999994,7.376272439315207
1.01,Ideal,H,SI2,62.0,57.0,-0.02999999999999936,2.4499999999999997,8.35614469394203
0.9,Premium,G,VS2,59.6,61.0,0.04999999999999982,2.49,8.38460578355112
0.71,Ideal,H,SI2,62.1,57.0,-0.08000000000000007,2.21,7.7048500229115735
1.2,Very Good,H,VVS1,63.3,56.0,0.04999999999999982,2.4400000000000004,9.00687162029259
0.31,Ideal,I,IF,61.3,57.0,0.0600000000000005,1.6599999999999997,6.638390244095477
0.44,Very Good,I,VVS1,60.8,57.0,-0.04999999999999982,1.9499999999999997,6.8563248880417325
0.56,Ideal,G,VS2,61.0,57.0,-0.019999999999999574,2.09,7.406255588570472
0.27,Ideal,F,IF,61.4,57.0,-0.020000000000000462,1.6200000000000006,6.510455911301473
1.57,Ideal,H,VS2,61.5,54.0,-0.03000000000000025,2.8899999999999997,9.36641802984916
0.37,Ideal,D,SI1,61.1,57.0,-0.009999999999999787,1.8099999999999996,6.530270705832777
1.01,Ideal,F,VS1,62.0,57.0,0.0600000000000005,2.4099999999999997,8.901033780230048
0.52,Very Good,G,VS2,61.9,59.0,-0.040000000000000036,1.98,7.275517683009455
0.26,Ideal,H,VVS2,61.8,55.7,-0.019999999999999574,1.5699999999999998,6.257096273024777
0.85,Ideal,D,SI1,61.9,56.0,-0.05999999999999961,2.34,8.187032468936138
0.59,Ideal,F,VS2,61.0,56.0,-0.03000000000000025,2.1300000000000003,7.523063207915392
1.11,Premium,H,SI2,61.6,60.0,-0.07000000000000028,2.58,8.414748389386494
0.56,Ideal,F,VS2,62.0,56.0,-0.040000000000000036,2.03,7.438252669443808
0.35,Premium,D,VS2,61.9,58.0,-0.08999999999999986,1.7799999999999998,6.624904774722254
0.96,Very Good,D,SI2,60.2,63.0,-0.0600000000000005,2.5500000000000003,8.250719732814332
0.33,Ideal,D,VS2,62.3,56.0,-0.03000000000000025,1.69,6.577217159565725
0.72,Ideal,F,SI1,61.5,56.0,-0.07000000000000028,2.25,7.951980204898656
1.07,Premium,F,SI1,62.5,59.0,0.05000000000000071,2.4299999999999997,8.60258453771464
0.41,Good,D,SI1,63.1,59.0,-0.009999999999999787,1.7399999999999998,6.652152147344254
1.13,Premium,F,IF,60.0,58.0,0.020000000000000462,2.7,9.338572892031925
0.24,Very Good,E,VVS2,60.3,58.0,-0.02999999999999936,1.6199999999999997,6.205591828873307
0.73,Ideal,I,VS2,60.8,56.0,-0.02999999999999936,2.3,7.820414509446229
0.32,Premium,H,VS1,61.7,61.0,0.04999999999999982,1.6599999999999997,6.506623136798858
0.32,Premium,I,SI1,62.7,58.0,-0.03000000000000025,1.6400000000000001,6.060993139571502
0.59,Ideal,D,VS2,60.9,57.0,-0.0600000000000005,2.1600000000000006,7.625185826211855
1.25,Good,H,SI1,63.7,58.0,0.019999999999999574,2.46,8.745441819533836
2.0,Fair,I,SI2,65.2,59.0,0.04999999999999982,2.66,9.451848168480119
1.07,Very Good,H,VS2,62.7,57.0,-0.04999999999999982,2.45,8.628639784827039
2.18,Good,H,SI1,63.8,57.0,0.07000000000000028,2.9399999999999995,9.635013209478211
1.55,Ideal,H,SI2,62.1,57.0,-0.040000000000000036,2.83,9.105309261350088
2.04,Very Good,I,I1,59.3,61.0,-0.05000000000000071,3.3900000000000006,9.136514356459646
1.53,Very Good,G,VS1,61.9,57.0,0.0699999999999994,2.7700000000000005,9.51172082255843
0.56,Ideal,F,VS2,62.3,55.0,0.040000000000000036,1.9800000000000004,7.455671219009281
1.0,Very Good,F,VS1,58.4,63.0,0.11000000000000032,2.6599999999999997,8.796799810943059
1.5,Premium,I,VVS1,62.4,60.0,-0.03000000000000025,2.7600000000000007,9.227919848714983
1.2,Ideal,H,VS2,63.0,56.0,0.08999999999999986,2.4300000000000006,8.807430744666965
1.03,Very Good,H,SI1,58.6,61.0,-0.040000000000000036,2.76,8.471851536184044
0.32,Very Good,H,VVS2,61.0,58.0,-0.03000000000000025,1.7400000000000002,6.438155923220134
0.39,Very Good,G,VS2,63.3,57.0,0.040000000000000036,1.6800000000000002,6.8000559059682475
0.32,Ideal,G,IF,60.9,56.0,-0.019999999999999574,1.7399999999999998,6.768892354154588
0.51,Good,G,VS1,63.4,57.0,-0.040000000000000036,1.87,7.272651921644378
0.3,Premium,H,SI2,60.9,59.0,0.02999999999999936,1.6800000000000002,6.139310540582265
0.3,Ideal,G,VS1,61.4,55.0,-0.05000000000000071,1.7000000000000002,6.3089951186501025
0.31,Very Good,I,VS2,63.2,55.0,0.10000000000000053,1.5499999999999998,6.299403162789039
0.32,Ideal,D,VVS2,61.7,55.0,0.03000000000000025,1.6699999999999995,6.888425176536997
0.31,Ideal,F,VS2,62.1,53.0,0.04999999999999982,1.63,6.64524922790772
1.18,Ideal,I,VVS1,59.7,54.0,0.07000000000000028,2.7699999999999996,8.875409752623902
1.05,Premium,G,SI1,59.1,57.0,0.10000000000000053,2.6799999999999997,8.549331856411664
0.55,Premium,G,VS1,59.4,62.0,0.040000000000000036,2.1500000000000004,7.47710714360829
0.85,Ideal,E,SI1,63.0,56.0,-0.040000000000000036,2.25,8.125130786589905
1.5,Fair,G,SI2,68.5,66.0,0.11000000000000032,2.09,8.761028190694029
0.5,Ideal,E,SI1,61.2,56.0,-0.03000000000000025,2.0100000000000002,7.048441019194908
0.72,Very Good,D,VS2,62.1,59.0,-0.03000000000000025,2.1800000000000006,8.000341571528137
0.52,Ideal,H,VS1,62.5,58.0,-0.03000000000000025,1.9499999999999997,7.2676218083879
0.52,Ideal,F,SI2,61.8,55.0,-0.040000000000000036,2.0,7.076518065586755
0.34,Premium,D,VVS2,60.1,58.0,-0.019999999999999574,1.8199999999999998,6.792937595867905
1.51,Premium,E,VS2,62.2,59.0,-0.040000000000000036,2.8100000000000005,9.541353365775777
0.3,Premium,E,VVS2,61.3,59.0,0.020000000000000462,1.6599999999999997,6.630519678223256
0.7,Premium,F,VVS2,62.5,59.0,0.0699999999999994,2.0800000000000005,8.017787535128807
0.8,Premium,D,SI1,62.7,59.0,0.040000000000000036,2.1699999999999995,8.04394024280072
1.01,Good,E,SI1,63.7,58.0,0.040000000000000036,2.2800000000000002,8.504027864982184
0.3,Ideal,E,VS1,61.7,57.0,0.02999999999999936,1.6300000000000003,6.568314992177384
0.36,Ideal,G,VVS1,62.1,56.0,-0.019999999999999574,1.7499999999999996,6.79972817011708
0.7,Ideal,D,SI1,61.4,57.0,-0.040000000000000036,2.2199999999999998,7.944541758976985
0.32,Ideal,E,VS1,61.5,56.0,0.020000000000000462,1.6799999999999997,6.754658866656883
0.57,Ideal,E,VS2,61.7,56.0,-0.020000000000000462,2.0600000000000005,7.543261612159415
1.11,Premium,F,VS2,61.3,56.0,0.04999999999999982,2.55,8.880734551081884
0.4,Ideal,F,VVS2,62.0,56.0,-0.02999999999999936,1.8199999999999998,6.951506743563218
1.17,Very Good,H,IF,59.3,59.0,-0.0600000000000005,2.8600000000000003,9.002686703326733
0.41,Ideal,H,SI1,62.4,56.0,0.040000000000000036,1.77,6.66191699215766
0.31,Ideal,D,SI1,61.2,57.0,0.040000000000000036,1.67,6.575598265456366
0.71,Ideal,E,VS2,62.0,55.0,-0.04999999999999982,2.2099999999999995,8.072698132318447
2.01,Ideal,I,VS1,62.5,56.0,0.0600000000000005,2.9899999999999993,9.664956451190337
0.33,Premium,D,SI2,62.7,58.0,-0.020000000000000462,1.6500000000000004,6.262408599516637
0.33,Very Good,E,VS2,63.1,57.0,-0.04999999999999982,1.65,6.477720005028643
1.61,Ideal,H,SI1,62.3,56.0,0.040000000000000036,2.8,9.321820920965349
1.33,Premium,G,SI2,61.3,59.0,0.1299999999999999,2.6399999999999997,8.698998993106551
0.9,Very Good,G,VS2,63.8,58.0,-0.040000000000000036,2.23,8.365913421620863
0.5,Premium,G,VS1,62.5,60.0,-0.020000000000000462,1.9100000000000001,7.168093002204077
0.26,Very Good,G,VVS1,61.6,56.0,-0.03000000000000025,1.62,6.324601759682587
0.43,Premium,H,SI1,59.0,58.0,0.03000000000000025,2.01,6.700581348524425
0.71,Very Good,F,SI1,59.0,61.0,-0.040000000000000036,2.42,7.890008392702871
1.2,Ideal,I,VS2,62.5,56.0,0.02999999999999936,2.5200000000000005,8.72162947303918
0.31,Very Good,G,VVS1,60.4,59.0,-0.040000000000000036,1.7600000000000002,6.611568553489225
0.52,Ideal,E,VS2,61.2,56.0,-0.07000000000000028,2.0500000000000003,7.482025817228321
0.53,Ideal,H,VS2,62.4,56.0,0.009999999999999787,1.94,7.257728834963577
0.5,Fair,E,SI1,66.4,58.0,0.11000000000000032,1.6,6.939010537708746
1.2,Very Good,I,SI2,63.7,56.0,-0.04999999999999982,2.45,8.470054391202865
0.32,Ideal,I,IF,61.4,57.0,-0.05000000000000071,1.7300000000000004,6.5344258261997865
0.34,Very Good,G,VVS1,60.9,57.0,-0.02999999999999936,1.7999999999999998,6.716881066824163
0.25,Ideal,E,VVS2,62.1,57.0,0.03000000000000025,1.52,6.458600671459661
1.01,Good,E,SI2,60.2,60.0,-0.04999999999999982,2.57,8.399062721274822
1.31,Premium,I,VS2,61.9,59.0,0.03999999999999915,2.6500000000000004,8.799042036265947
0.31,Premium,J,VS2,62.5,60.0,0.05000000000000071,1.5999999999999996,6.259925180827498
0.55,Ideal,F,VS2,60.9,57.0,-0.040000000000000036,2.0999999999999996,7.461589981770525
1.0,Good,D,VS2,63.1,56.0,-0.040000000000000036,2.380000000000001,8.786258236054325
0.51,Ideal,I,VS2,62.1,54.0,-0.040000000000000036,1.9700000000000002,7.03617191304001
0.72,Good,E,VS1,57.9,60.0,0.05999999999999961,2.47,8.07554917646145
2.02,Premium,I,VS2,59.6,60.0,-0.05000000000000071,3.3499999999999996,9.650030041961214
0.58,Ideal,E,VS2,61.6,55.0,-0.04999999999999982,2.08,7.543261612159415
0.76,Very Good,I,SI1,57.5,62.0,-0.04999999999999982,2.6,7.750478469416732
0.9,Ideal,G,SI1,62.4,55.0,0.040000000000000036,2.3000000000000003,8.249226329538581
0.9,Premium,D,VS2,58.7,62.0,0.03000000000000025,2.59,8.528153575835045
0.34,Ideal,F,VVS1,61.1,57.0,-0.03000000000000025,1.79,6.837162280260518
0.7,Very Good,E,SI1,61.8,59.0,-0.0600000000000005,2.1900000000000004,7.830848940339048
0.75,Premium,H,VS2,62.8,56.0,0.040000000000000036,2.13,7.807009825160565
1.53,Ideal,I,SI1,61.9,54.0,-0.07000000000000028,5.97,9.158455990853934
1.52,Very Good,F,VS1,63.4,60.0,0.04999999999999982,2.6399999999999997,9.587656629650052
0.9,Good,G,SI2,64.1,63.0,0.02999999999999936,2.14,7.964922722134939
1.07,Very Good,H,VS1,62.5,56.0,-0.03000000000000025,2.4699999999999998,8.733460620105117
1.23,Ideal,D,VVS2,62.0,55.0,-0.07000000000000028,2.6500000000000004,9.506599367047375
1.51,Very Good,H,VS2,61.9,57.0,-0.040000000000000036,2.8200000000000003,9.306830854655367
1.55,Premium,I,VS1,58.2,60.0,0.10000000000000053,3.1399999999999997,9.181228102015819
1.01,Very Good,F,VS2,62.8,57.0,-0.10000000000000053,2.4300000000000006,8.753779917258584
0.87,Ideal,F,SI1,61.7,56.0,-0.020000000000000462,2.35,8.159245829397872
0.3,Very Good,I,VS1,61.8,63.0,-0.03000000000000025,1.65,6.098934169730483
0.43,Premium,D,SI1,61.2,60.0,0.040000000000000036,1.8499999999999996,6.875340690348215
0.32,Very Good,E,SI1,63.3,55.0,0.03000000000000025,1.58,6.469229235225271
1.02,Very Good,H,SI2,61.1,61.0,-0.02999999999999936,2.5399999999999996,8.349637074149637
0.9,Good,F,SI1,57.6,60.0,-0.03000000000000025,2.71,8.25140745853481
1.0,Very Good,G,SI1,62.3,62.0,-0.040000000000000036,2.42,8.467919205712825
1.11,Very Good,G,SI1,60.3,60.0,-0.04999999999999982,2.66,8.624136591859216
1.07,Premium,I,SI2,59.7,59.0,0.04999999999999982,2.6599999999999997,8.309422324012559
0.61,Ideal,G,SI2,60.5,56.0,-0.09999999999999964,2.2399999999999998,7.303338998597033
0.52,Very Good,G,SI1,60.6,61.0,-0.020000000000000462,2.0500000000000003,7.159522062995248
1.0,Premium,G,VS2,62.3,58.0,0.05999999999999961,2.35,8.65551062532533
0.69,Good,I,VS1,61.6,61.9,-0.02999999999999936,2.1999999999999997,7.583354519718619
0.54,Ideal,F,VS1,60.9,57.0,-0.04999999999999982,2.07,7.5605978878288465
1.0,Very Good,D,VS2,63.6,56.0,-0.04999999999999982,2.33,8.797620954346202
0.54,Ideal,G,VVS1,61.9,54.0,-0.019999999999999574,2.01,7.629053386485199
0.31,Very Good,E,SI1,63.2,59.0,0.04999999999999982,1.56,6.439432527269774
0.7,Ideal,G,SI1,61.9,57.0,0.040000000000000036,2.1400000000000006,7.750658983588021
1.09,Ideal,F,VS1,60.6,57.0,-0.019999999999999574,2.62,9.03851584006763
0.57,Premium,E,VS2,62.5,55.0,0.0600000000000005,1.9599999999999995,7.495545999295476
0.7,Ideal,E,SI2,62.0,58.0,-0.040000000000000036,2.18,7.7134762788971045
0.55,Ideal,I,VVS1,61.6,55.0,-0.040000000000000036,2.05,7.408198653692158
0.7,Premium,H,VS2,60.7,59.0,-0.019999999999999574,2.2399999999999998,7.764294138008544
2.14,Very Good,D,SI2,60.3,60.0,-0.11999999999999922,3.38,9.641906776423935
2.08,Premium,E,SI2,62.3,59.0,0.0600000000000005,3.0600000000000005,9.59531623135603
1.01,Ideal,F,SI1,63.0,57.0,0.04999999999999982,2.33,8.54689514231698
0.32,Premium,F,VS2,61.7,58.0,-0.03000000000000025,1.7000000000000002,6.456708786596039
1.09,Premium,E,SI1,62.7,58.0,0.04999999999999982,2.4299999999999997,8.632549190498002
0.72,Ideal,F,VS1,62.4,55.0,0.03000000000000025,2.15,8.021029742341225
1.62,Very Good,H,VS2,59.6,59.0,-0.08000000000000007,3.12,9.360824915761082
0.7,Ideal,E,SI2,62.2,56.0,0.03000000000000025,2.1199999999999997,7.677708803375628
0.37,Premium,F,VS2,61.9,59.0,0.040000000000000036,1.7300000000000004,6.755063458014975
0.4,Ideal,I,VVS2,62.0,57.0,-0.019999999999999574,1.81,6.69314696763271
0.51,Ideal,F,VS2,61.3,56.0,0.02999999999999936,1.9700000000000002,7.366091489863606
1.05,Ideal,D,SI1,60.0,55.0,0.04999999999999982,2.6300000000000003,8.697655450608488
2.28,Good,J,SI1,63.7,55.0,0.07000000000000028,2.9799999999999995,9.528998428244714
0.34,Ideal,E,VS1,61.2,55.0,-0.03000000000000025,1.77,6.6648647001647765
0.32,Very Good,G,VS1,62.5,60.0,-0.05999999999999961,1.6499999999999995,6.4202405127272515
0.9,Very Good,H,SI1,61.9,59.0,-0.040000000000000036,2.38,8.197063021150692
1.08,Very Good,F,VS2,63.1,57.0,0.05999999999999961,2.38,8.834208724514603
0.54,Premium,H,VS1,62.6,59.0,0.02999999999999936,1.9300000000000006,7.329010340384033
1.21,Ideal,G,VS1,61.8,57.0,-0.05000000000000071,2.63,9.121659635735794
0.28,Ideal,I,VS1,62.5,54.0,-0.05000000000000071,1.6000000000000005,6.081823127911216
0.38,Premium,E,SI1,58.1,58.0,0.05999999999999961,1.9900000000000002,6.707981399910691
0.47,Ideal,F,VVS1,61.9,55.0,-0.019999999999999574,1.9100000000000001,7.385459998549946
0.34,Ideal,D,SI1,62.0,56.0,-0.03000000000000025,1.7200000000000002,6.47513686515955
1.01,Good,F,VVS2,61.1,65.0,-0.040000000000000036,2.51,9.047210504644228
0.74,Ideal,H,VS2,62.2,55.0,0.020000000000000462,2.1899999999999995,7.8921513866126025
0.44,Ideal,E,SI2,62.0,54.0,-0.040000000000000036,1.8900000000000006,6.630576831929063
0.54,Very Good,I,VS2,62.3,56.0,-0.04999999999999982,1.9799999999999995,7.100402440041085
0.51,Very Good,E,VVS2,61.8,56.0,-0.03000000000000025,1.98,7.581990759261306
1.6,Ideal,F,SI2,61.7,56.0,0.03000000000000025,2.8600000000000003,9.217972642724481
0.31,Premium,I,VS2,60.8,58.0,0.03000000000000025,1.69,6.355237680397705
0.51,Ideal,D,VS1,61.9,57.0,0.03000000000000025,1.9499999999999997,7.5330023945497135
0.7,Ideal,H,SI1,61.4,56.0,-0.04999999999999982,2.2399999999999998,7.764153755461795
1.17,Premium,F,VS2,62.4,56.0,0.04999999999999982,2.51,8.952796663959989
0.71,Very Good,F,VS2,62.2,56.0,-0.019999999999999574,2.17,7.922399718878652
0.81,Premium,I,SI2,61.5,60.0,0.040000000000000036,2.2600000000000002,7.73855561940815
0.7,Ideal,E,VS2,61.9,56.0,-0.02999999999999936,2.19,7.947336176809412
1.5,Premium,D,I1,62.4,60.0,0.17999999999999972,2.6500000000000004,8.661038452712226
0.26,Ideal,F,SI1,61.8,55.0,-0.019999999999999574,1.5899999999999999,6.126906444466001
4.01,Premium,J,I1,62.5,62.0,0.08000000000000007,3.6999999999999993,9.454987918729682
2.0,Premium,D,SI2,60.8,60.0,0.05000000000000071,3.1599999999999993,9.579072020549983
0.38,Ideal,D,VVS2,61.3,56.0,0.10000000000000053,1.7599999999999998,7.022664281953953
0.36,Very Good,I,VVS2,59.7,55.0,-0.040000000000000036,1.9000000000000004,6.475734229950514
0.72,Very Good,I,VS2,61.6,59.0,-0.040000000000000036,2.22,7.734826217930144
0.3,Ideal,G,VVS1,62.6,54.0,0.03000000000000025,1.58,6.61379051821691
1.59,Premium,G,SI1,62.1,58.0,0.020000000000000462,2.8099999999999996,9.34574435750342
0.32,Premium,F,SI2,59.7,59.0,-0.05000000000000071,1.8200000000000003,6.155570265587253
0.5,Very Good,E,VS1,59.0,60.0,-0.02999999999999936,2.15,7.315109646082617
1.5,Very Good,H,VVS2,62.9,59.0,-0.04999999999999982,2.7299999999999995,9.335170180497292
0.54,Premium,G,VS2,60.0,59.0,0.20000000000000018,2.03,7.371458569016203
2.09,Ideal,I,VS2,62.5,56.0,-0.03999999999999915,3.0700000000000003,9.681278534383535
0.71,Ideal,H,VVS1,61.1,56.0,-0.02999999999999936,2.28,8.082410511834878
0.95,Premium,G,SI1,62.6,58.0,0.04999999999999982,2.31,8.24700646816423
0.56,Ideal,G,VVS2,62.5,56.0,-0.040000000000000036,1.9900000000000002,7.579628177457127
0.55,Premium,J,SI1,60.5,59.0,0.04999999999999982,2.0700000000000003,6.907827048239101
1.0,Fair,D,VS1,55.9,60.0,0.05999999999999961,2.33,8.779290909387605
1.73,Premium,J,SI1,60.7,58.0,-0.04999999999999982,3.0700000000000003,9.16592561798224
1.35,Premium,G,VVS2,60.2,59.0,0.040000000000000036,2.84,9.287443292951412
0.6,Very Good,H,VS1,60.2,60.0,-0.03000000000000025,2.1900000000000004,7.543983114827629
0.32,Ideal,G,VS2,61.6,54.0,-0.02999999999999936,1.7099999999999995,6.3928960155024
0.36,Premium,I,IF,59.9,59.0,-0.04999999999999982,1.87,6.620826048844907
0.71,Very Good,H,SI1,62.1,61.0,-0.08000000000000007,2.19,7.763256760508425
2.0,Fair,H,SI1,65.1,56.0,0.09000000000000075,2.6799999999999997,9.549366410150489
1.1,Premium,G,SI1,59.6,60.0,0.040000000000000036,2.7,8.60370633317225
0.9,Very Good,D,SI1,62.1,60.0,-0.0600000000000005,2.37,8.3862922227709
0.3,Ideal,F,VS2,62.1,53.3,-0.020000000000000462,1.6400000000000001,6.308959609202581
1.25,Ideal,I,SI1,59.6,59.0,-0.08000000000000007,2.8899999999999997,8.723435185113102
0.81,Premium,F,SI1,61.6,58.0,0.040000000000000036,2.26,8.037691838377638
